2 4 3 0.607 1.096
2 4 3 1.259 1.911
1 3 3 1.911 1.911
1 2 3 2.02 2.02
1 1 3 2.128 2.128
1 4 3 2.237 2.237
1 3 3 2.346 2.346
1 2 3 2.454 2.454
1 4 3 2.563 2.563
2 1 3 2.563 3.215
2 3 3 3.215 3.378
2 4 3 3.215 3.378
2 3 3 3.541 4.03
2 4 3 3.541 4.03
2 2 3 3.867 4.356
2 3 3 4.193 4.356
2 2 3 4.52 4.683
2 1 3 4.52 4.683
2 4 3 4.683 4.846
2 2 3 4.846 5.335
2 1 3 4.846 5.335
2 3 3 5.172 5.661
2 2 3 5.498 5.661
2 4 3 5.824 5.987
2 3 3 5.824 5.987
2 3 3 6.15 6.639
2 4 3 6.15 6.639
2 1 3 6.476 6.802
1 4 3 6.802 6.802
2 2 3 7.128 7.617
1 1 3 7.128 7.128
2 3 3 7.454 7.78
2 4 3 7.617 7.943
2 1 3 7.78 8.27
1 2 3 7.78 7.78
2 4 3 8.106 8.27
2 2 3 8.433 8.596
2 1 3 8.433 8.596
2 2 3 8.759 9.248
2 1 3 8.759 9.248
2 4 3 9.085 9.574
2 1 3 9.411 9.574
2 3 3 9.737 9.9
2 4 3 9.737 9.9
2 3 3 10.063 10.552
2 4 3 10.063 10.552
2 1 3 10.389 10.878
2 4 3 10.715 10.878
2 2 3 11.041 11.204
2 1 3 11.041 11.204
2 1 3 11.367 11.693
2 2 3 11.367 11.585
1 4 3 11.476 11.476
1 3 3 11.585 11.585
1 2 3 11.693 11.693
1 1 3 11.802 11.802
1 3 3 11.911 11.911
1 4 3 12.02 12.02
1 1 3 12.128 12.128
1 2 3 12.237 12.237
1 3 3 12.346 12.346
1 4 3 12.346 12.346
1 2 3 12.672 12.672
1 1 3 12.672 12.672
1 4 3 12.998 12.998
1 3 3 12.998 12.998
1 2 3 13.324 13.324
1 1 3 13.324 13.324
2 3 3 13.65 13.813
2 4 3 13.65 13.813
2 3 3 13.976 14.465
2 4 3 13.976 14.465
2 1 3 14.302 14.791
1 2 3 14.343 14.343
2 4 3 14.628 14.791
2 2 3 14.954 15.117
2 1 3 14.954 15.443
2 4 3 15.117 15.28
2 2 3 15.28 15.77
2 3 3 15.28 15.443
2 3 3 15.606 16.096
1 4 3 15.647 15.647
2 2 3 15.933 16.096
2 4 3 16.259 16.748
2 3 3 16.259 16.422
2 1 3 16.422 16.585
2 3 3 16.585 17.074
2 2 3 16.585 16.748
2 2 3 16.911 17.237
1 1 3 16.952 16.952
1 3 3 17.237 17.237
2 1 3 17.563 18.052
1 4 3 17.563 17.563
2 3 3 17.889 18.378
2 4 3 18.052 18.378
2 1 3 18.215 18.704
1 2 3 18.256 18.256
2 4 3 18.541 18.867
2 2 3 18.867 19.03
2 1 3 18.867 19.03
2 2 3 19.193 19.683
2 1 3 19.193 19.683
2 4 3 19.52 20.009
1 3 3 19.56 19.56
2 1 3 19.846 20.009
2 4 3 20.172 20.335
2 3 3 20.172 20.335
2 4 3 20.498 20.987
2 3 3 20.498 20.987
2 1 3 20.824 21.313
1 2 3 20.865 20.865
2 4 3 21.15 21.313
2 2 3 21.476 21.639
2 1 3 21.476 21.639
2 2 3 21.802 22.291
2 1 3 21.802 22.291
2 3 3 22.128 22.454
1 4 3 22.169 22.169
1 2 3 22.454 22.454
2 4 3 22.78 23.27
1 1 3 22.78 22.78
2 2 3 23.106 23.596
2 1 3 23.27 23.596
2 4 3 23.433 23.922
1 3 3 23.473 23.473
2 1 3 23.759 23.922
2 1 3 24.085 25.389
1 4 3 24.085 24.085
2 3 3 24.411 25.226
2 4 3 24.737 25.226
1 2 3 25.063 25.063
2 4 3 25.389 26.693
2 3 3 25.389 26.041
2 2 3 25.715 26.367
2 1 3 26.041 26.367
2 3 3 26.367 26.693
2 2 3 26.693 27.998
1 1 3 26.693 26.693
2 4 3 27.02 27.835
2 3 3 27.346 27.835
1 1 3 27.672 27.672
2 3 3 27.998 29.302
2 4 3 27.998 28.65
2 2 3 28.324 28.976
2 1 3 28.65 28.976
2 4 3 28.976 29.302
2 1 3 29.302 30.606
1 2 3 29.302 29.302
2 4 3 29.628 30.443
2 3 3 29.954 30.443
1 2 3 30.28 30.28
2 4 3 30.606 31.911
2 3 3 30.606 31.259
2 2 3 30.933 31.585
2 1 3 31.259 31.585
2 3 3 31.585 31.911
2 1 3 31.911 32.889
1 2 3 31.911 31.911
2 4 3 32.237 32.889
1 2 3 32.237 32.237
1 2 3 32.563 32.563
2 3 3 32.563 32.889
1 2 3 32.889 32.889
2 3 3 33.215 33.378
2 4 3 33.215 33.378
2 2 3 33.541 33.704
2 3 3 33.541 33.704
2 4 3 33.867 34.356
2 2 3 33.867 34.356
2 1 3 33.867 34.356
1 4 3 34.52 34.52
2 1 3 34.52 35.009
2 2 3 34.52 35.009
2 3 3 34.846 35.335
2 4 3 34.927 35.335
2 2 3 35.172 35.335
2 1 3 35.172 35.335
2 3 3 35.498 35.661
2 4 3 35.498 35.661
2 4 3 35.824 36.313
2 3 3 35.824 36.313
2 2 3 36.15 36.639
2 1 3 36.231 36.639
2 3 3 36.476 36.639
2 4 3 36.476 36.639
2 3 3 36.802 36.965
2 4 3 36.802 36.965
2 1 3 37.128 37.617
2 2 3 37.128 37.617
2 3 3 37.454 37.943
2 4 3 37.536 37.943
2 2 3 37.78 37.943
2 1 3 37.78 37.943
2 4 3 38.106 38.27
2 3 3 38.106 38.27
2 4 3 38.433 38.922
2 1 3 38.433 38.922
1 2 3 38.433 38.433
2 3 3 38.759 39.085
2 2 3 38.922 39.248
2 1 3 39.085 39.574
1 4 3 39.085 39.085
2 2 3 39.411 39.574
1 1 3 39.737 39.737
2 3 3 39.737 40.226
2 4 3 39.737 40.226
2 2 3 40.063 40.552
2 1 3 40.145 40.552
2 4 3 40.389 40.552
2 3 3 40.389 40.552
2 1 3 40.715 40.878
2 2 3 40.715 40.878
2 2 3 41.041 41.53
2 1 3 41.041 41.53
2 3 3 41.367 41.856
2 4 3 41.449 41.856
2 1 3 41.693 41.856
2 2 3 41.693 41.856
2 1 3 42.02 42.183
2 2 3 42.02 42.183
2 3 3 42.346 42.835
2 4 3 42.346 42.835
2 2 3 42.672 43.161
2 1 3 42.753 43.161
2 4 3 42.998 43.161
2 3 3 42.998 43.161
2 2 3 43.324 43.487
2 1 3 43.324 43.487
1 3 3 43.65 43.65
2 4 3 43.65 44.139
2 1 3 43.65 44.139
2 2 3 43.976 44.302
2 3 3 44.139 44.465
1 1 3 44.302 44.302
2 4 3 44.302 44.791
2 3 3 44.628 44.791
1 4 3 44.954 44.954
2 2 3 44.954 45.443
2 1 3 44.954 45.443
2 3 3 45.28 45.443
2 3 3 45.606 45.77
2 4 3 45.606 46.096
1 1 3 45.606 45.606
2 1 3 45.933 46.096
2 2 3 45.933 46.096
2 3 3 46.259 46.748
2 4 3 46.259 46.748
2 2 3 46.585 46.748
2 1 3 46.911 47.4
2 2 3 46.911 47.074
1 4 3 46.911 46.911
2 3 3 47.237 47.4
2 4 3 47.237 47.4
2 1 3 47.563 48.052
2 2 3 47.563 48.052
2 4 3 47.889 48.052
1 3 3 48.215 48.215
2 1 3 48.215 48.378
2 4 3 48.215 48.378
1 2 3 48.541 48.541
1 3 3 48.541 48.541
2 1 3 48.867 49.356
2 4 3 48.867 49.356
2 3 3 49.193 49.52
2 2 3 49.356 49.683
2 4 3 49.52 50.009
2 1 3 49.52 49.683
2 1 3 49.846 50.009
2 2 3 49.846 50.009
1 1 3 50.172 50.172
2 3 3 50.172 50.661
2 4 3 50.172 50.661
2 2 3 50.498 50.661
2 2 3 50.824 50.987
2 1 3 50.824 51.313
1 4 3 50.824 50.824
2 4 3 51.15 51.313
2 3 3 51.15 51.313
2 2 3 51.476 51.965
2 1 3 51.476 51.965
2 3 3 51.802 51.965
2 4 3 52.128 52.617
2 3 3 52.128 52.291
1 1 3 52.128 52.128
2 2 3 52.454 52.617
2 1 3 52.454 52.617
2 4 3 52.78 53.27
2 3 3 52.78 53.27
2 1 3 53.106 53.27
1 2 3 53.433 53.433
2 4 3 53.433 53.596
2 1 3 53.433 53.596
1 4 3 53.759 53.759
1 1 3 53.759 53.759
1 2 3 53.84 53.84
1 3 3 53.922 53.922
1 4 3 54.003 54.003
1 1 3 54.085 54.085
1 2 3 54.085 54.085
1 3 3 54.411 54.411
1 4 3 54.411 54.411
1 1 3 54.737 54.737
1 2 3 54.737 54.737
1 3 3 55.063 55.063
1 4 3 55.063 55.063
1 1 3 55.389 55.389
2 4 3 55.389 55.878
2 2 3 55.715 55.878
2 3 3 56.041 56.367
1 1 3 56.041 56.041
1 4 3 56.367 56.367
2 1 3 56.693 57.183
2 2 3 56.693 57.02
2 3 3 56.856 57.183
2 4 3 57.02 57.672
2 1 3 57.346 57.672
1 2 3 57.346 57.346
1 3 3 57.672 57.672
1 1 3 57.998 57.998
2 2 3 57.998 58.487
2 4 3 58.324 58.976
2 1 3 58.65 58.976
1 3 3 58.65 58.65
1 2 3 58.976 58.976
1 3 3 59.302 59.302
2 4 3 59.302 59.791
2 2 3 59.628 60.117
2 1 3 59.791 60.117
2 4 3 59.954 60.443
1 3 3 59.954 59.954
2 1 3 60.28 60.443
1 2 3 60.606 60.606
2 3 3 60.606 61.096
2 1 3 60.933 61.096
1 2 3 61.259 61.259
2 4 3 61.259 61.911
2 1 3 61.422 61.748
2 3 3 61.585 61.911
2 2 3 61.911 62.563
1 1 3 61.911 61.911
1 4 3 62.237 62.237
2 3 3 62.4 62.563
2 1 3 62.563 63.215
1 4 3 62.563 62.563
1 3 3 62.889 62.889
2 2 3 63.052 63.215
1 4 3 63.215 63.215
2 4 3 63.378 64.356
1 1 3 63.541 63.541
2 1 3 63.704 64.356
2 3 3 63.867 64.03
2 3 3 64.193 64.356
1 2 3 64.52 64.52
2 1 3 64.52 65.009
2 3 3 64.846 65.335
2 4 3 65.009 65.335
2 1 3 65.172 65.661
1 2 3 65.172 65.172
2 4 3 65.498 65.661
1 1 3 65.824 65.824
2 4 3 65.824 67.128
1 3 3 65.824 65.824
2 2 3 66.15 66.965
2 1 3 66.476 66.965
1 3 3 66.802 66.802
2 1 3 67.128 68.433
2 2 3 67.128 67.78
2 3 3 67.454 68.106
2 4 3 67.78 68.106
2 2 3 68.106 68.433
2 3 3 68.433 69.737
1 4 3 68.433 68.433
2 1 3 68.759 69.574
2 2 3 69.085 69.574
1 4 3 69.411 69.411
2 2 3 69.737 71.041
2 1 3 69.737 70.389
2 3 3 70.063 70.715
2 4 3 70.389 70.715
2 1 3 70.715 71.041
2 4 3 71.041 72.346
1 3 3 71.041 71.041
2 1 3 71.367 72.183
2 2 3 71.693 72.183
1 3 3 72.02 72.02
2 1 3 72.346 73.65
2 2 3 72.346 72.998
2 3 3 72.672 73.324
2 4 3 72.998 73.324
2 2 3 73.324 73.65
2 4 3 73.65 74.628
1 3 3 73.65 73.65
1 3 3 73.976 73.976
2 1 3 73.976 74.628
1 3 3 74.302 74.302
2 2 3 74.302 74.628
1 3 3 74.628 74.628
2 2 3 74.954 75.117
2 1 3 74.954 75.117
2 2 3 75.28 75.443
2 3 3 75.28 75.443
2 1 3 75.606 76.096
2 3 3 75.606 76.096
2 4 3 75.606 76.096
1 1 3 76.259 76.259
2 4 3 76.259 76.748
2 3 3 76.259 76.748
2 2 3 76.585 77.074
2 1 3 76.666 76.992
2 3 3 76.911 77.074
2 4 3 76.911 77.074
2 2 3 77.237 77.4
2 1 3 77.237 77.4
2 1 3 77.563 78.052
2 2 3 77.563 78.052
2 3 3 77.889 78.378
2 4 3 77.971 78.297
2 2 3 78.215 78.378
2 1 3 78.215 78.378
2 2 3 78.541 78.704
2 1 3 78.541 78.704
2 4 3 78.867 79.356
2 3 3 78.867 79.356
2 2 3 79.193 79.683
2 1 3 79.275 79.601
2 3 3 79.52 79.683
2 4 3 79.52 79.683
2 1 3 79.846 80.009
2 2 3 79.846 80.009
2 1 3 80.172 80.661
2 4 3 80.172 80.661
1 3 3 80.172 80.172
2 2 3 80.498 80.987
2 3 3 80.661 80.987
2 4 3 80.824 81.313
1 1 3 80.824 80.824
2 1 3 81.15 81.313
2 3 3 81.15 81.313
1 4 3 81.476 81.476
2 2 3 81.476 81.965
2 1 3 81.476 81.965
2 3 3 81.802 82.291
2 4 3 81.884 82.21
2 1 3 82.128 82.291
2 2 3 82.128 82.291
2 4 3 82.454 82.617
2 3 3 82.454 82.617
2 3 3 82.78 83.27
2 4 3 82.78 83.27
2 2 3 83.106 83.596
2 1 3 83.188 83.514
2 4 3 83.433 83.596
2 3 3 83.433 83.596
2 4 3 83.759 83.922
2 3 3 83.759 83.922
2 2 3 84.085 84.574
2 1 3 84.085 84.574
2 3 3 84.411 84.9
2 4 3 84.492 84.818
2 1 3 84.737 84.9
2 2 3 84.737 84.9
2 3 3 85.063 85.226
2 4 3 85.063 85.226
1 2 3 85.389 85.389
2 1 3 85.389 85.878
2 4 3 85.389 85.878
2 3 3 85.715 86.204
2 2 3 85.878 86.204
1 4 3 86.041 86.041
2 1 3 86.041 86.53
2 2 3 86.367 86.53
2 4 3 86.367 86.53
1 1 3 86.693 86.693
2 4 3 86.693 87.183
2 3 3 86.693 86.856
2 1 3 86.856 87.183
2 3 3 87.02 87.183
2 4 3 87.346 87.509
2 1 3 87.346 87.835
1 2 3 87.346 87.346
2 4 3 87.672 87.835
2 3 3 87.672 87.835
2 1 3 87.998 88.487
2 2 3 87.998 88.487
2 3 3 88.324 88.487
2 4 3 88.65 89.139
2 1 3 88.65 88.813
1 3 3 88.65 88.65
2 2 3 88.976 89.139
2 1 3 88.976 89.139
2 4 3 89.302 89.791
2 3 3 89.302 89.791
2 1 3 89.628 89.791
1 2 3 89.954 89.954
2 4 3 89.954 90.117
2 1 3 89.954 90.117
1 3 3 90.28 90.28
1 2 3 90.28 90.28
2 4 3 90.606 91.096
2 1 3 90.606 91.096
2 2 3 90.933 91.259
2 3 3 91.096 91.422
2 1 3 91.259 91.748
2 4 3 91.259 91.422
2 4 3 91.585 91.748
2 3 3 91.585 91.748
1 4 3 91.911 91.911
2 2 3 91.911 92.4
2 1 3 91.911 92.4
2 3 3 92.237 92.4
2 1 3 92.563 92.726
2 4 3 92.563 93.052
1 3 3 92.563 92.563
2 1 3 92.889 93.052
2 2 3 92.889 93.052
2 3 3 93.215 93.704
2 4 3 93.215 93.704
2 2 3 93.541 93.704
2 1 3 93.867 94.356
2 4 3 93.867 94.03
1 2 3 93.867 93.867
2 3 3 94.193 94.356
2 4 3 94.193 94.356
2 1 3 94.52 95.009
2 2 3 94.52 95.009
2 4 3 94.846 95.009
1 3 3 95.172 95.172
2 1 3 95.172 95.335
2 4 3 95.172 95.335
1 1 3 95.498 95.498
1 4 3 95.498 95.498
1 3 3 95.579 95.579
1 2 3 95.661 95.661
1 1 3 95.742 95.742
1 4 3 95.824 95.824
1 3 3 95.824 95.824
1 1 3 96.15 96.15
1 2 3 96.15 96.15
1 3 3 96.476 96.476
1 4 3 96.476 96.476
1 1 3 96.802 96.802
1 2 3 96.802 96.802
1 1 3 97.128 97.128
2 4 3 97.128 97.617
1 3 3 97.128 97.128
2 2 3 97.454 97.617
1 3 3 97.78 97.78
1 4 3 97.78 97.78
1 1 3 97.78 97.78
2 2 3 98.106 98.27
2 1 3 98.433 98.922
1 4 3 98.433 98.433
2 3 3 98.759 98.922
1 1 3 99.085 99.085
1 4 3 99.085 99.085
1 2 3 99.085 99.085
2 3 3 99.411 99.574
1 1 3 99.737 99.737
2 2 3 99.737 100.226
2 4 3 100.063 100.226
1 1 3 100.389 100.389
1 2 3 100.389 100.389
1 3 3 100.389 100.389
2 4 3 100.715 100.878
2 3 3 101.041 101.53
1 2 3 101.041 101.041
2 1 3 101.367 101.53
2 2 3 101.693 102.183
1 1 3 101.693 101.693
1 3 3 101.693 101.693
2 4 3 102.02 102.183
2 1 3 102.346 102.835
1 2 3 102.346 102.346
1 4 3 102.346 102.346
2 3 3 102.672 102.835
1 1 3 102.998 102.998
1 2 3 102.998 102.998
1 4 3 102.998 102.998
2 3 3 103.324 103.487
1 1 3 103.65 103.65
2 4 3 103.65 104.139
2 2 3 103.976 104.139
1 1 3 104.302 104.302
1 3 3 104.302 104.302
1 4 3 104.302 104.302
2 2 3 104.628 104.791
2 3 3 104.954 106.096
2 4 3 104.954 106.096
1 1 3 104.954 104.954
2 2 3 105.28 106.096
2 1 3 105.606 106.096
2 1 3 106.259 106.422
2 4 3 106.422 106.585
2 1 3 106.585 106.748
2 4 3 106.748 106.911
2 1 3 106.911 107.4
2 2 3 106.911 107.4
1 3 3 106.911 106.911
2 3 3 107.237 107.4
2 4 3 107.237 107.4
1 4 3 107.563 107.563
2 1 3 107.563 108.052
2 2 3 107.563 107.889
2 3 3 107.889 108.215
2 4 3 107.889 108.052
2 2 3 108.052 108.378
2 4 3 108.215 108.378
2 1 3 108.215 108.378
2 1 3 108.541 108.867
2 2 3 108.541 108.704
2 4 3 108.867 109.356
2 3 3 108.867 109.193
2 2 3 109.193 109.52
2 1 3 109.193 109.356
2 3 3 109.356 109.683
2 4 3 109.52 109.683
2 1 3 109.52 109.683
2 3 3 109.846 110.009
2 4 3 109.846 110.172
2 1 3 110.172 110.661
2 2 3 110.172 110.498
2 3 3 110.498 110.824
2 4 3 110.498 110.661
2 2 3 110.661 110.987
2 1 3 110.824 110.987
2 4 3 110.824 110.987
2 2 3 111.15 111.313
2 1 3 111.15 111.476
2 4 3 111.476 111.802
2 3 3 111.476 111.802
2 1 3 111.802 112.291
2 4 3 111.965 112.617
2 3 3 112.128 112.617
1 2 3 112.128 112.128
2 1 3 112.454 112.617
2 2 3 112.454 112.617
1 1 3 112.78 112.78
2 4 3 112.78 113.27
2 3 3 112.78 113.106
2 2 3 113.106 113.433
2 1 3 113.106 113.27
2 3 3 113.27 113.596
2 1 3 113.433 113.596
2 4 3 113.433 113.596
2 4 3 113.759 114.085
2 3 3 113.759 113.922
2 1 3 114.085 114.574
2 2 3 114.085 114.411
2 3 3 114.411 114.737
2 4 3 114.411 114.574
2 2 3 114.574 114.9
2 1 3 114.737 114.9
2 4 3 114.737 114.9
2 2 3 115.063 115.226
2 1 3 115.063 115.389
2 4 3 115.389 115.878
2 3 3 115.389 115.715
2 2 3 115.715 116.041
2 1 3 115.715 115.878
2 3 3 115.878 116.204
2 4 3 116.041 116.204
2 1 3 116.041 116.204
2 3 3 116.367 116.53
2 4 3 116.367 116.693
2 1 3 116.693 117.02
2 2 3 116.693 117.02
2 4 3 117.02 117.509
2 1 3 117.183 117.835
2 2 3 117.346 117.835
1 3 3 117.346 117.346
2 4 3 117.672 117.835
2 3 3 117.672 117.835
2 4 3 117.998 118.161
2 2 3 117.998 118.487
1 1 3 117.998 117.998
2 1 3 118.161 118.487
2 4 3 118.324 118.65
2 1 3 118.65 118.813
2 2 3 118.65 118.813
2 3 3 118.65 119.139
2 2 3 118.976 119.302
2 1 3 118.976 119.302
2 3 3 119.302 119.628
2 4 3 119.302 119.791
2 1 3 119.628 119.954
2 3 3 119.954 120.117
2 4 3 119.954 120.117
2 2 3 119.954 120.443
2 3 3 120.28 120.606
2 4 3 120.28 120.606
2 2 3 120.606 120.933
2 1 3 120.606 121.096
2 4 3 120.933 121.259
1 3 3 121.259 121.259
2 1 3 121.259 121.585
2 2 3 121.259 121.585
1 3 3 121.585 121.585
2 4 3 121.911 122.4
2 1 3 121.911 122.4
2 2 3 122.237 122.726
2 3 3 122.4 123.052
2 4 3 122.563 123.052
2 1 3 122.563 122.726
2 2 3 122.889 123.052
2 1 3 122.889 123.052
1 1 3 123.215 123.215
2 3 3 123.215 123.704
2 4 3 123.215 123.541
2 2 3 123.541 123.867
2 1 3 123.867 124.356
2 3 3 123.867 124.03
2 4 3 123.867 124.03
2 3 3 124.193 124.52
2 4 3 124.193 124.52
2 2 3 124.52 125.009
2 1 3 124.52 124.846
2 3 3 124.846 125.172
2 1 3 125.172 125.335
2 2 3 125.172 125.335
2 4 3 125.172 125.661
2 1 3 125.498 125.824
2 2 3 125.498 125.824
2 4 3 125.824 126.313
2 3 3 125.824 126.15
2 1 3 126.15 126.639
2 2 3 126.476 126.639
2 4 3 126.476 126.639
2 3 3 126.476 126.639
1 1 3 126.802 126.802
1 2 3 126.884 126.884
1 3 3 126.965 126.965
1 4 3 127.047 127.047
1 1 3 127.128 127.128
1 2 3 127.128 127.128
1 3 3 127.454 127.454
1 4 3 127.454 127.454
1 2 3 127.78 127.78
1 1 3 127.78 127.78
1 3 3 128.106 128.106
1 4 3 128.106 128.106
1 2 3 128.433 128.433
2 1 3 128.433 128.922
2 1 3 129.085 129.737
2 4 3 129.737 129.9
2 4 3 130.063 130.226
2 2 3 130.226 130.552
2 3 3 130.389 131.041
2 2 3 130.715 131.041
