1 1 3 3.196 3.196
1 4 3 3.196 3.196
1 2 3 3.461 3.461
1 3 3 3.593 3.593
1 2 3 4.254 4.254
1 3 3 4.65 4.65
1 4 3 4.65 4.65
1 2 3 5.047 5.047
1 3 3 5.179 5.179
1 4 3 5.443 5.443
1 1 3 5.575 5.575
1 2 3 6.368 6.368
1 3 3 6.632 6.632
1 4 3 6.897 6.897
1 1 3 7.161 7.161
1 2 3 7.161 7.161
1 3 3 7.425 7.425
1 4 3 7.425 7.425
1 1 3 7.69 7.69
1 2 3 7.822 7.822
1 2 3 8.483 8.483
1 1 3 8.879 8.879
1 4 3 8.879 8.879
1 3 3 9.276 9.276
1 4 3 9.276 9.276
1 1 3 9.408 9.408
1 2 3 9.408 9.408
1 1 3 10.597 10.597
1 2 3 10.862 10.862
1 3 3 11.126 11.126
1 4 3 11.39 11.39
1 1 3 11.654 11.654
1 2 3 11.654 11.654
1 3 3 11.787 11.787
1 4 3 11.919 11.919
1 3 3 12.183 12.183
1 1 3 12.315 12.315
1 2 3 12.447 12.447
1 3 3 12.58 12.58
1 1 3 12.712 12.712
1 4 3 12.712 12.712
1 3 3 12.976 12.976
1 1 3 13.24 13.24
1 2 3 13.373 13.373
1 3 3 13.505 13.505
1 4 3 13.637 13.637
1 1 3 13.769 13.769
1 3 3 13.769 13.769
1 2 3 14.165 14.165
1 4 3 14.165 14.165
1 1 3 14.562 14.562
1 3 3 14.562 14.562
1 2 3 14.826 14.826
1 4 3 15.091 15.091
1 3 3 15.355 15.355
1 2 3 15.487 15.487
1 1 3 15.619 15.619
1 4 3 15.751 15.751
1 3 3 15.884 15.884
1 1 3 16.148 16.148
1 2 3 16.412 16.412
1 4 3 16.676 16.676
1 3 3 16.941 16.941
1 4 3 17.205 17.205
1 2 3 17.469 17.469
1 3 3 17.734 17.734
2 1 3 17.998 18.527
1 4 3 17.998 17.998
1 2 3 18.262 18.262
1 3 3 18.527 18.527
1 2 3 18.791 18.791
2 4 3 18.923 20.113
1 1 3 19.055 19.055
1 2 3 19.32 19.32
1 3 3 19.584 19.584
1 2 3 19.848 19.848
1 1 3 20.113 20.113
1 3 3 20.113 20.113
1 2 3 20.509 20.509
1 4 3 20.509 20.509
1 2 3 20.906 20.906
1 3 3 20.906 20.906
1 1 3 21.302 21.302
1 4 3 21.302 21.302
1 2 3 21.699 21.699
1 4 3 21.831 21.831
1 3 3 21.963 21.963
1 2 3 22.095 22.095
1 1 3 22.227 22.227
1 4 3 22.227 22.227
1 3 3 22.491 22.491
1 2 3 22.756 22.756
1 4 3 23.02 23.02
1 1 3 23.284 23.284
1 3 3 23.284 23.284
1 2 3 23.417 23.417
1 3 3 23.549 23.549
1 1 3 23.813 23.813
1 3 3 24.077 24.077
1 1 3 24.342 24.342
1 4 3 24.342 24.342
1 3 3 24.474 24.474
1 2 3 24.606 24.606
1 3 3 24.87 24.87
1 1 3 25.135 25.135
1 2 3 25.399 25.399
1 4 3 25.399 25.399
1 3 3 25.663 25.663
1 1 3 25.928 25.928
1 2 3 26.192 26.192
1 3 3 26.324 26.324
1 4 3 26.324 26.324
1 1 3 26.456 26.456
1 2 3 26.721 26.721
1 3 3 26.985 26.985
1 4 3 27.249 27.249
1 1 3 27.513 27.513
1 2 3 27.513 27.513
1 4 3 27.646 27.646
1 3 3 27.778 27.778
1 1 3 28.042 28.042
1 2 3 28.306 28.306
1 3 3 28.571 28.571
1 4 3 28.571 28.571
1 1 3 28.703 28.703
1 2 3 28.835 28.835
1 1 3 29.099 29.099
1 3 3 29.364 29.364
1 2 3 29.628 29.628
1 4 3 29.628 29.628
1 3 3 29.76 29.76
1 1 3 29.892 29.892
1 2 3 30.024 30.024
1 4 3 30.024 30.024
1 3 3 30.289 30.289
1 2 3 30.421 30.421
1 4 3 30.553 30.553
1 1 3 30.685 30.685
1 3 3 30.685 30.685
1 2 3 30.95 30.95
1 4 3 31.214 31.214
1 3 3 31.478 31.478
1 1 3 31.743 31.743
1 2 3 31.743 31.743
1 4 3 31.875 31.875
1 3 3 32.007 32.007
1 4 3 32.271 32.271
1 2 3 32.536 32.536
1 1 3 32.8 32.8
1 4 3 32.8 32.8
1 2 3 32.932 32.932
1 3 3 33.064 33.064
1 1 3 33.328 33.328
1 2 3 33.593 33.593
1 1 3 33.857 33.857
1 4 3 33.857 33.857
1 3 3 34.121 34.121
1 2 3 34.386 34.386
1 1 3 34.65 34.65
1 2 3 34.782 34.782
1 3 3 34.782 34.782
1 4 3 34.914 34.914
1 1 3 35.179 35.179
1 4 3 35.443 35.443
1 3 3 35.707 35.707
1 2 3 35.972 35.972
1 4 3 35.972 35.972
1 1 3 36.104 36.104
1 3 3 36.236 36.236
1 2 3 36.5 36.5
1 4 3 36.765 36.765
1 1 3 37.029 37.029
1 3 3 37.029 37.029
1 4 3 37.161 37.161
1 2 3 37.293 37.293
1 1 3 37.558 37.558
1 2 3 37.822 37.822
1 3 3 38.086 38.086
1 4 3 38.086 38.086
1 1 3 38.218 38.218
1 2 3 38.35 38.35
1 3 3 38.483 38.483
1 4 3 38.615 38.615
1 1 3 38.747 38.747
1 2 3 38.879 38.879
1 3 3 39.011 39.011
1 1 3 39.143 39.143
1 4 3 39.143 39.143
1 2 3 39.276 39.276
1 3 3 39.408 39.408
1 4 3 39.54 39.54
1 3 3 39.672 39.672
1 1 3 39.804 39.804
1 2 3 39.936 39.936
1 3 3 40.069 40.069
1 1 3 40.201 40.201
1 4 3 40.333 40.333
1 3 3 40.465 40.465
1 2 3 40.597 40.597
1 1 3 40.729 40.729
1 3 3 40.862 40.862
1 2 3 40.994 40.994
1 4 3 41.126 41.126
1 1 3 41.258 41.258
1 3 3 41.258 41.258
1 2 3 41.39 41.39
1 4 3 41.522 41.522
1 1 3 41.654 41.654
1 3 3 41.654 41.654
1 2 3 41.919 41.919
1 4 3 41.919 41.919
1 1 3 42.183 42.183
1 3 3 42.183 42.183
1 4 3 42.447 42.447
1 3 3 42.58 42.58
1 1 3 42.844 42.844
1 2 3 42.844 42.844
1 4 3 42.976 42.976
1 1 3 43.373 43.373
1 4 3 43.373 43.373
1 3 3 43.637 43.637
1 2 3 43.901 43.901
1 4 3 44.033 44.033
1 1 3 44.165 44.165
2 3 3 44.298 44.562
2 1 3 44.562 44.826
1 4 3 44.826 44.826
1 3 3 44.958 44.958
1 2 3 45.091 45.091
1 1 3 45.223 45.223
1 4 3 45.355 45.355
1 2 3 45.487 45.487
1 3 3 45.487 45.487
1 1 3 45.619 45.619
1 3 3 45.884 45.884
1 4 3 45.884 45.884
1 1 3 46.28 46.28
1 2 3 46.28 46.28
1 3 3 46.412 46.412
1 1 3 46.676 46.676
1 2 3 46.676 46.676
1 4 3 46.809 46.809
1 3 3 46.941 46.941
1 2 3 47.073 47.073
1 1 3 47.205 47.205
1 2 3 47.337 47.337
1 4 3 47.469 47.469
1 1 3 47.602 47.602
1 3 3 47.602 47.602
1 2 3 47.734 47.734
1 1 3 47.998 47.998
1 3 3 47.998 47.998
1 2 3 48.395 48.395
1 4 3 48.395 48.395
1 3 3 48.527 48.527
1 1 3 48.791 48.791
1 4 3 48.791 48.791
1 2 3 49.055 49.055
1 3 3 49.187 49.187
1 1 3 49.32 49.32
1 2 3 49.452 49.452
1 3 3 49.584 49.584
1 2 3 49.716 49.716
1 4 3 49.716 49.716
2 1 3 49.98 50.245
1 3 3 49.98 49.98
2 4 3 50.245 50.773
1 2 3 50.509 50.509
2 3 3 50.773 51.302
1 1 3 51.038 51.038
2 2 3 51.302 51.831
1 4 3 51.566 51.566
2 3 3 51.831 52.359
1 1 3 52.095 52.095
2 4 3 52.359 52.888
1 2 3 52.624 52.624
2 1 3 52.888 53.417
1 3 3 53.152 53.152
2 2 3 53.417 53.681
2 3 3 53.681 53.945
2 4 3 53.945 54.21
1 1 3 54.21 54.21
1 3 3 54.342 54.342
2 2 3 54.474 55.795
1 4 3 54.738 54.738
1 3 3 55.002 55.002
1 1 3 55.267 55.267
1 4 3 55.531 55.531
1 3 3 55.795 55.795
1 1 3 56.06 56.06
1 3 3 56.192 56.192
1 4 3 56.324 56.324
1 2 3 56.588 56.588
1 1 3 56.721 56.721
1 3 3 56.985 56.985
1 4 3 57.117 57.117
1 1 3 57.381 57.381
1 2 3 57.513 57.513
1 4 3 57.646 57.646
1 1 3 57.778 57.778
1 3 3 57.778 57.778
1 4 3 58.042 58.042
1 3 3 58.174 58.174
1 2 3 58.306 58.306
2 1 3 58.439 58.835
1 4 3 58.439 58.439
1 2 3 58.835 58.835
2 4 3 58.835 59.232
2 1 3 59.232 59.628
1 3 3 59.232 59.232
1 2 3 59.628 59.628
2 4 3 59.628 60.024
1 3 3 60.024 60.024
1 1 3 60.289 60.289
1 2 3 60.421 60.421
2 3 3 60.553 60.95
1 4 3 60.553 60.553
1 2 3 60.95 60.95
2 4 3 60.95 61.346
2 1 3 61.346 61.743
1 3 3 61.346 61.346
2 2 3 61.743 62.139
1 4 3 61.743 61.743
1 3 3 62.271 62.271
1 1 3 62.403 62.403
1 4 3 62.403 62.403
1 2 3 62.668 62.668
1 4 3 62.8 62.8
1 3 3 62.932 62.932
1 2 3 63.064 63.064
1 1 3 63.196 63.196
1 3 3 63.328 63.328
1 2 3 63.461 63.461
1 4 3 63.461 63.461
1 3 3 63.857 63.857
1 2 3 64.254 64.254
1 3 3 64.518 64.518
1 4 3 64.518 64.518
1 2 3 64.914 64.914
1 1 3 65.311 65.311
1 4 3 65.575 65.575
1 3 3 65.663 65.663
1 2 3 66.104 66.104
1 3 3 66.5 66.5
1 4 3 66.5 66.5
1 1 3 66.632 66.632
1 2 3 66.632 66.632
2 1 3 69.276 69.804
2 2 3 69.804 70.333
2 3 3 70.333 70.862
1 1 3 70.862 70.862
1 4 3 70.862 70.862
1 2 3 71.126 71.126
1 4 3 71.39 71.39
1 3 3 71.522 71.522
1 2 3 71.654 71.654
1 1 3 71.919 71.919
1 4 3 71.919 71.919
1 2 3 72.183 72.183
1 3 3 72.447 72.447
1 4 3 72.58 72.58
1 1 3 72.712 72.712
1 2 3 72.976 72.976
1 4 3 72.976 72.976
1 3 3 73.24 73.24
1 2 3 73.505 73.505
1 1 3 73.637 73.637
1 4 3 73.769 73.769
1 2 3 74.033 74.033
1 3 3 74.165 74.165
1 1 3 74.298 74.298
1 4 3 74.562 74.562
1 3 3 74.694 74.694
1 2 3 74.826 74.826
1 1 3 75.091 75.091
1 4 3 75.091 75.091
1 3 3 75.355 75.355
1 1 3 75.619 75.619
1 2 3 75.751 75.751
1 3 3 75.884 75.884
1 1 3 76.148 76.148
1 4 3 76.148 76.148
1 3 3 76.412 76.412
1 2 3 76.676 76.676
1 4 3 76.809 76.809
1 1 3 76.941 76.941
1 2 3 77.205 77.205
1 4 3 77.205 77.205
1 3 3 77.469 77.469
1 1 3 77.734 77.734
1 2 3 77.866 77.866
1 4 3 77.998 77.998
1 3 3 78.262 78.262
1 2 3 78.395 78.395
1 4 3 78.527 78.527
1 3 3 78.659 78.659
1 1 3 78.791 78.791
1 2 3 78.923 78.923
1 3 3 79.055 79.055
1 4 3 79.187 79.187
1 1 3 79.32 79.32
1 2 3 79.32 79.32
1 4 3 79.584 79.584
1 2 3 79.848 79.848
1 3 3 79.98 79.98
1 1 3 80.113 80.113
1 2 3 80.377 80.377
1 4 3 80.377 80.377
1 3 3 80.641 80.641
1 4 3 80.773 80.773
1 1 3 80.906 80.906
1 2 3 81.038 81.038
1 3 3 81.17 81.17
1 1 3 81.434 81.434
1 4 3 81.434 81.434
1 2 3 81.831 81.831
1 3 3 81.831 81.831
1 1 3 82.227 82.227
1 4 3 82.227 82.227
1 3 3 82.491 82.491
1 2 3 82.756 82.756
1 1 3 83.02 83.02
1 2 3 83.152 83.152
1 4 3 83.284 83.284
1 1 3 83.549 83.549
1 3 3 83.549 83.549
1 2 3 83.813 83.813
1 4 3 84.077 84.077
1 1 3 84.21 84.21
1 3 3 84.342 84.342
1 2 3 84.606 84.606
1 4 3 84.606 84.606
1 3 3 84.87 84.87
1 2 3 85.002 85.002
1 1 3 85.267 85.267
1 4 3 85.399 85.399
1 2 3 85.663 85.663
1 3 3 85.663 85.663
1 1 3 85.928 85.928
1 4 3 86.192 86.192
1 3 3 86.324 86.324
1 2 3 86.456 86.456
1 4 3 86.721 86.721
1 1 3 86.853 86.853
1 3 3 86.985 86.985
1 2 3 87.249 87.249
1 4 3 87.513 87.513
1 3 3 87.646 87.646
1 1 3 87.778 87.778
1 2 3 87.778 87.778
1 4 3 87.91 87.91
1 3 3 88.042 88.042
1 2 3 88.306 88.306
1 4 3 88.439 88.439
1 3 3 88.571 88.571
1 2 3 88.835 88.835
1 1 3 88.967 88.967
1 3 3 89.099 89.099
1 4 3 89.364 89.364
1 2 3 89.496 89.496
1 3 3 89.628 89.628
1 4 3 89.76 89.76
1 1 3 89.892 89.892
1 2 3 89.892 89.892
1 3 3 90.024 90.024
1 4 3 90.157 90.157
1 3 3 90.421 90.421
1 2 3 90.553 90.553
1 1 3 90.685 90.685
1 3 3 90.95 90.95
1 4 3 90.95 90.95
1 1 3 91.082 91.082
1 2 3 91.214 91.214
1 4 3 91.478 91.478
1 3 3 91.61 91.61
1 2 3 91.743 91.743
1 1 3 91.875 91.875
1 3 3 92.007 92.007
1 4 3 92.007 92.007
1 2 3 92.139 92.139
1 1 3 92.271 92.271
1 2 3 92.536 92.536
1 3 3 92.668 92.668
1 4 3 92.8 92.8
1 1 3 93.064 93.064
1 2 3 93.196 93.196
1 3 3 93.328 93.328
1 1 3 93.593 93.593
1 3 3 93.725 93.725
1 4 3 93.857 93.857
1 1 3 94.121 94.121
1 2 3 94.121 94.121
1 3 3 94.254 94.254
1 4 3 94.386 94.386
1 1 3 94.518 94.518
1 3 3 94.518 94.518
1 2 3 94.65 94.65
1 3 3 94.782 94.782
1 1 3 94.914 94.914
1 4 3 94.914 94.914
1 2 3 95.047 95.047
1 3 3 95.179 95.179
1 4 3 95.311 95.311
1 2 3 95.443 95.443
1 3 3 95.443 95.443
1 1 3 95.707 95.707
1 4 3 95.707 95.707
1 2 3 95.972 95.972
1 3 3 95.972 95.972
2 1 3 96.236 97.293
2 4 3 96.236 97.293
1 3 3 97.293 97.293
1 2 3 98.086 98.086
1 3 3 98.218 98.218
1 1 3 98.35 98.35
1 4 3 98.35 98.35
1 2 3 99.011 99.011
1 4 3 99.143 99.143
1 1 3 99.276 99.276
1 3 3 99.408 99.408
1 3 3 100.201 100.201
1 1 3 100.333 100.333
1 2 3 100.465 100.465
1 1 3 102.183 102.183
1 2 3 102.315 102.315
1 3 3 102.447 102.447
1 4 3 102.58 102.58
1 2 3 103.24 103.24
1 1 3 103.373 103.373
1 4 3 103.505 103.505
1 3 3 103.637 103.637
1 2 3 104.165 104.165
1 3 3 104.694 104.694
1 4 3 105.091 105.091
1 1 3 105.487 105.487
1 1 3 106.809 106.809
1 4 3 106.809 106.809
1 2 3 107.073 107.073
1 3 3 107.337 107.337
1 4 3 107.337 107.337
1 1 3 107.602 107.602
1 2 3 107.734 107.734
1 4 3 107.866 107.866
1 3 3 108.13 108.13
1 1 3 108.395 108.395
1 4 3 108.395 108.395
1 2 3 108.659 108.659
1 3 3 108.791 108.791
1 4 3 108.923 108.923
1 2 3 109.187 109.187
1 1 3 109.452 109.452
1 2 3 109.716 109.716
1 4 3 109.716 109.716
1 3 3 109.98 109.98
1 1 3 110.113 110.113
1 2 3 110.245 110.245
1 3 3 110.509 110.509
1 4 3 110.509 110.509
1 1 3 110.641 110.641
1 2 3 110.773 110.773
1 4 3 110.906 110.906
1 1 3 111.038 111.038
1 3 3 111.038 111.038
1 2 3 111.302 111.302
1 4 3 111.566 111.566
1 3 3 111.831 111.831
1 2 3 111.963 111.963
1 1 3 112.095 112.095
1 3 3 112.359 112.359
1 4 3 112.624 112.624
1 2 3 112.888 112.888
1 1 3 113.152 113.152
1 3 3 113.152 113.152
1 2 3 113.549 113.549
1 4 3 113.945 113.945
1 4 3 115.002 115.002
1 3 3 115.135 115.135
1 1 3 115.267 115.267
1 2 3 115.267 115.267
1 4 3 115.531 115.531
1 3 3 115.795 115.795
1 2 3 115.928 115.928
1 1 3 116.06 116.06
1 3 3 116.192 116.192
1 2 3 116.324 116.324
1 4 3 116.324 116.324
1 1 3 116.588 116.588
1 4 3 116.853 116.853
1 3 3 116.985 116.985
1 2 3 117.117 117.117
1 1 3 117.249 117.249
1 3 3 117.381 117.381
1 4 3 117.381 117.381
1 2 3 117.646 117.646
1 1 3 117.91 117.91
1 2 3 118.042 118.042
1 3 3 118.174 118.174
1 4 3 118.306 118.306
1 1 3 118.439 118.439
1 2 3 118.439 118.439
1 3 3 118.703 118.703
1 2 3 118.967 118.967
1 3 3 119.099 119.099
1 4 3 119.232 119.232
1 1 3 119.364 119.364
1 2 3 119.496 119.496
1 3 3 119.496 119.496
1 4 3 119.76 119.76
1 3 3 120.024 120.024
1 2 3 120.157 120.157
1 1 3 120.289 120.289
1 4 3 120.421 120.421
1 2 3 120.553 120.553
1 3 3 120.553 120.553
1 1 3 120.817 120.817
1 2 3 121.082 121.082
1 3 3 121.214 121.214
1 4 3 121.346 121.346
1 1 3 121.478 121.478
1 2 3 121.61 121.61
1 3 3 121.61 121.61
1 4 3 121.875 121.875
1 3 3 122.139 122.139
1 1 3 122.271 122.271
1 2 3 122.403 122.403
1 3 3 122.536 122.536
1 1 3 122.668 122.668
1 4 3 122.668 122.668
1 2 3 122.932 122.932
1 3 3 123.196 123.196
1 4 3 123.328 123.328
1 1 3 123.461 123.461
1 2 3 123.593 123.593
1 3 3 123.725 123.725
1 4 3 123.725 123.725
1 1 3 123.989 123.989
1 4 3 124.254 124.254
1 3 3 124.386 124.386
1 2 3 124.518 124.518
1 1 3 124.65 124.65
1 3 3 124.782 124.782
1 4 3 124.782 124.782
1 2 3 125.047 125.047
1 3 3 125.311 125.311
1 1 3 125.443 125.443
1 2 3 125.575 125.575
1 3 3 125.707 125.707
1 1 3 125.839 125.839
1 4 3 125.839 125.839
1 2 3 126.104 126.104
1 3 3 126.368 126.368
1 2 3 126.5 126.5
1 1 3 126.632 126.632
1 3 3 126.765 126.765
1 2 3 126.897 126.897
1 4 3 126.897 126.897
1 1 3 127.161 127.161
1 2 3 127.425 127.425
1 3 3 127.558 127.558
1 4 3 127.69 127.69
1 1 3 127.822 127.822
1 2 3 127.954 127.954
1 3 3 127.954 127.954
1 1 3 128.35 128.35
1 4 3 128.35 128.35
1 2 3 128.747 128.747
1 3 3 128.747 128.747
1 1 3 129.011 129.011
1 4 3 129.011 129.011
1 3 3 129.276 129.276
1 2 3 129.54 129.54
1 1 3 129.672 129.672
1 4 3 129.804 129.804
1 3 3 129.936 129.936
2 1 3 130.069 130.465
1 2 3 130.069 130.069
2 2 3 130.465 130.862
2 4 3 130.862 131.654
1 3 3 131.126 131.126
1 1 3 131.258 131.258
1 2 3 131.39 131.39
1 3 3 131.522 131.522
1 1 3 131.654 131.654
1 2 3 131.787 131.787
1 1 3 132.183 132.183
1 2 3 132.183 132.183
1 3 3 132.315 132.315
1 1 3 132.58 132.58
1 4 3 132.58 132.58
1 2 3 132.712 132.712
1 3 3 132.976 132.976
1 4 3 132.976 132.976
1 2 3 133.108 133.108
1 1 3 133.373 133.373
1 3 3 133.373 133.373
1 4 3 133.505 133.505
1 1 3 133.769 133.769
1 2 3 133.769 133.769
1 3 3 133.901 133.901
1 2 3 134.165 134.165
1 4 3 134.165 134.165
1 3 3 134.298 134.298
1 1 3 134.562 134.562
1 4 3 134.562 134.562
1 2 3 134.694 134.694
1 3 3 134.958 134.958
1 4 3 134.958 134.958
1 1 3 135.091 135.091
1 2 3 135.355 135.355
1 4 3 135.355 135.355
1 3 3 135.487 135.487
1 1 3 135.751 135.751
1 4 3 135.751 135.751
1 2 3 135.884 135.884
1 3 3 136.016 136.016
1 4 3 136.148 136.148
1 1 3 136.28 136.28
1 2 3 136.544 136.544
1 3 3 136.544 136.544
1 4 3 136.676 136.676
1 1 3 136.941 136.941
1 3 3 136.941 136.941
1 2 3 137.073 137.073
1 1 3 137.337 137.337
1 4 3 137.337 137.337
1 3 3 137.469 137.469
1 1 3 137.734 137.734
1 2 3 137.734 137.734
1 4 3 137.866 137.866
1 1 3 138.13 138.13
1 3 3 138.13 138.13
1 2 3 138.262 138.262
1 1 3 138.527 138.527
1 4 3 138.527 138.527
1 3 3 138.659 138.659
1 2 3 138.923 138.923
1 4 3 138.923 138.923
1 1 3 139.055 139.055
1 2 3 139.32 139.32
1 4 3 139.32 139.32
1 3 3 139.452 139.452
1 1 3 139.716 139.716
1 4 3 139.716 139.716
1 2 3 139.848 139.848
1 3 3 139.98 139.98
1 4 3 140.113 140.113
1 1 3 140.245 140.245
1 2 3 140.377 140.377
1 3 3 140.509 140.509
1 2 3 141.699 141.699
1 3 3 141.699 141.699
