1 4 3 7.874 7.874
1 3 3 7.874 7.874
1 2 3 8.081 8.081
1 4 3 8.288 8.288
1 1 3 8.288 8.288
1 3 3 8.392 8.392
1 2 3 8.495 8.495
1 4 3 8.702 8.702
1 3 3 8.702 8.702
1 1 3 9.012 9.012
1 3 3 9.116 9.116
1 2 3 9.116 9.116
1 4 3 9.323 9.323
1 4 3 9.426 9.426
1 2 3 9.53 9.53
1 1 3 9.53 9.53
1 3 3 9.737 9.737
1 4 3 9.943 9.943
1 1 3 9.943 9.943
1 2 3 10.047 10.047
1 3 3 10.15 10.15
1 2 3 10.357 10.357
1 1 3 10.357 10.357
1 4 3 10.668 10.668
1 3 3 10.771 10.771
1 2 3 10.771 10.771
1 1 3 10.978 10.978
1 1 3 11.081 11.081
1 4 3 11.185 11.185
1 3 3 11.185 11.185
1 4 3 11.392 11.392
1 2 3 11.599 11.599
1 1 3 11.599 11.599
1 3 3 11.702 11.702
1 4 3 11.806 11.806
1 3 3 12.012 12.012
1 1 3 12.012 12.012
1 2 3 12.323 12.323
1 4 3 12.426 12.426
1 1 3 12.426 12.426
1 3 3 12.633 12.633
1 3 3 12.737 12.737
1 1 3 12.84 12.84
1 2 3 12.84 12.84
1 4 3 13.047 13.047
1 4 3 13.254 13.254
1 3 3 13.254 13.254
1 1 3 13.357 13.357
1 3 3 13.461 13.461
1 4 3 13.668 13.668
1 2 3 13.668 13.668
1 3 3 13.978 13.978
1 4 3 14.081 14.081
1 1 3 14.081 14.081
1 2 3 14.288 14.288
1 4 3 14.495 14.495
1 3 3 14.495 14.495
1 2 3 14.702 14.702
1 1 3 14.909 14.909
2 4 3 14.909 15.012
2 3 3 15.012 15.116
2 2 3 15.116 15.219
1 3 3 15.323 15.323
1 4 3 15.323 15.323
1 1 3 15.633 15.633
1 3 3 15.737 15.737
1 2 3 15.737 15.737
1 4 3 15.943 15.943
1 4 3 16.047 16.047
1 2 3 16.15 16.15
1 1 3 16.15 16.15
1 3 3 16.357 16.357
2 1 3 16.564 16.668
1 4 3 16.564 16.564
2 2 3 16.668 16.771
2 3 3 16.771 16.875
1 2 3 16.978 16.978
1 1 3 16.978 16.978
1 4 3 17.288 17.288
1 3 3 17.392 17.392
1 2 3 17.392 17.392
1 1 3 17.599 17.599
1 1 3 17.702 17.702
1 4 3 17.806 17.806
1 3 3 17.806 17.806
1 4 3 18.012 18.012
1 1 3 18.219 18.219
2 2 3 18.219 18.323
2 3 3 18.323 18.426
2 4 3 18.426 18.53
1 3 3 18.633 18.633
1 1 3 18.633 18.633
1 2 3 18.943 18.943
1 4 3 19.047 19.047
1 1 3 19.047 19.047
1 2 3 19.254 19.254
1 2 3 19.357 19.357
1 4 3 19.461 19.461
1 3 3 19.461 19.461
2 1 3 20.288 21.116
2 2 3 20.288 21.116
1 3 3 21.116 21.116
1 4 3 21.116 21.116
1 2 3 21.219 21.219
1 1 3 21.323 21.323
1 3 3 21.426 21.426
1 1 3 21.53 21.53
1 2 3 21.53 21.53
1 4 3 21.633 21.633
1 3 3 21.737 21.737
1 1 3 21.943 21.943
1 2 3 21.943 21.943
1 3 3 22.047 22.047
1 4 3 22.15 22.15
1 2 3 22.254 22.254
1 3 3 22.357 22.357
1 4 3 22.357 22.357
1 1 3 22.461 22.461
1 2 3 22.564 22.564
1 3 3 22.771 22.771
1 4 3 22.771 22.771
1 2 3 22.978 22.978
1 3 3 23.081 23.081
1 4 3 23.185 23.185
2 1 3 23.185 23.392
1 3 3 23.392 23.392
2 4 3 23.495 23.702
1 1 3 23.599 23.599
1 2 3 23.599 23.599
1 3 3 23.806 23.806
1 2 3 23.909 23.909
1 4 3 24.012 24.012
2 1 3 24.012 24.219
1 3 3 24.219 24.219
1 1 3 24.426 24.426
1 4 3 24.426 24.426
1 2 3 24.53 24.53
1 3 3 24.633 24.633
1 4 3 24.737 24.737
1 2 3 24.84 24.84
1 1 3 24.84 24.84
1 3 3 25.047 25.047
1 2 3 25.15 25.15
1 1 3 25.254 25.254
1 4 3 25.254 25.254
1 3 3 25.357 25.357
1 2 3 25.461 25.461
1 1 3 25.564 25.564
2 4 3 25.668 25.875
1 3 3 25.668 25.668
1 1 3 26.081 26.081
1 2 3 26.081 26.081
1 3 3 26.288 26.288
1 2 3 26.392 26.392
1 4 3 26.495 26.495
2 1 3 26.495 26.702
1 3 3 26.702 26.702
2 2 3 26.806 27.012
1 4 3 26.909 26.909
1 3 3 26.909 26.909
1 1 3 27.012 27.012
1 2 3 27.116 27.116
1 3 3 27.219 27.219
1 1 3 27.323 27.323
2 4 3 27.323 27.53
1 1 3 27.737 27.737
1 2 3 27.737 27.737
2 3 3 27.943 28.15
2 2 3 28.047 28.254
2 1 3 28.15 28.357
2 3 3 28.357 28.564
2 4 3 28.461 28.668
2 2 3 28.668 28.875
2 3 3 28.771 28.978
2 4 3 28.875 29.081
2 1 3 28.978 29.392
2 2 3 29.185 29.392
2 3 3 29.185 29.392
1 4 3 29.392 29.392
1 3 3 29.495 29.495
1 2 3 29.599 29.599
1 1 3 29.702 29.702
1 3 3 29.806 29.806
1 4 3 29.806 29.806
1 2 3 29.909 29.909
1 3 3 30.012 30.012
1 4 3 30.116 30.116
1 2 3 30.219 30.219
2 1 3 30.219 30.426
1 3 3 30.426 30.426
1 2 3 30.53 30.53
1 4 3 30.633 30.633
2 3 3 30.633 30.84
1 4 3 31.047 31.047
1 1 3 31.047 31.047
1 1 3 31.254 31.254
1 2 3 31.461 31.461
1 3 3 31.461 31.461
1 2 3 31.668 31.668
1 4 3 31.875 31.875
1 1 3 31.875 31.875
1 2 3 31.978 31.978
1 3 3 32.081 32.081
2 1 3 32.185 32.495
1 3 3 32.288 32.288
1 4 3 32.288 32.288
1 2 3 32.702 32.702
1 4 3 32.702 32.702
1 3 3 32.806 32.806
1 1 3 32.909 32.909
1 4 3 33.012 33.012
1 2 3 33.116 33.116
1 3 3 33.116 33.116
1 1 3 33.219 33.219
1 4 3 33.323 33.323
1 2 3 33.426 33.426
1 1 3 33.53 33.53
1 3 3 33.53 33.53
1 2 3 33.737 33.737
1 1 3 33.84 33.84
1 3 3 33.943 33.943
1 4 3 33.943 33.943
1 1 3 34.047 34.047
1 2 3 34.047 34.047
1 3 3 34.15 34.15
1 4 3 34.15 34.15
1 2 3 34.254 34.254
1 4 3 34.357 34.357
1 1 3 34.357 34.357
1 2 3 34.564 34.564
1 3 3 34.564 34.564
1 1 3 34.771 34.771
1 4 3 34.771 34.771
1 3 3 34.874 34.874
1 4 3 34.874 34.874
1 1 3 35.081 35.081
1 2 3 35.081 35.081
1 2 3 35.288 35.288
1 3 3 35.288 35.288
1 4 3 35.495 35.495
1 1 3 35.495 35.495
1 1 3 35.599 35.599
1 2 3 35.599 35.599
1 3 3 35.806 35.806
1 4 3 35.806 35.806
1 1 3 36.012 36.012
1 4 3 36.012 36.012
1 1 3 36.219 36.219
1 2 3 36.219 36.219
1 3 3 36.426 36.426
1 4 3 36.426 36.426
1 1 3 36.53 36.53
1 3 3 36.53 36.53
1 1 3 36.737 36.737
1 2 3 36.737 36.737
1 4 3 36.943 36.943
1 3 3 36.943 36.943
1 2 3 37.15 37.15
1 1 3 37.15 37.15
1 4 3 37.254 37.254
1 2 3 37.254 37.254
1 3 3 37.461 37.461
1 4 3 37.461 37.461
1 3 3 37.668 37.668
1 1 3 37.668 37.668
1 2 3 37.875 37.875
1 1 3 37.875 37.875
1 4 3 38.081 38.081
1 3 3 38.081 38.081
1 3 3 38.185 38.185
1 1 3 38.185 38.185
1 2 3 38.392 38.392
1 4 3 38.392 38.392
1 4 3 38.599 38.599
1 3 3 38.599 38.599
1 4 3 38.806 38.806
1 1 3 38.909 38.909
1 2 3 38.909 38.909
1 3 3 39.116 39.116
1 1 3 39.116 39.116
1 4 3 39.323 39.323
1 1 3 39.323 39.323
1 4 3 40.978 40.978
1 1 3 40.978 40.978
1 2 3 40.978 40.978
1 3 3 41.185 41.185
1 4 3 41.185 41.185
1 1 3 41.185 41.185
1 4 3 41.392 41.392
1 2 3 41.392 41.392
1 2 3 41.495 41.495
1 3 3 41.495 41.495
1 1 3 41.495 41.495
1 3 3 41.702 41.702
1 4 3 41.702 41.702
1 2 3 41.702 41.702
1 2 3 41.909 41.909
1 3 3 41.909 41.909
1 1 3 41.909 41.909
1 4 3 42.116 42.116
1 3 3 42.116 42.116
1 1 3 42.219 42.219
1 3 3 42.219 42.219
1 1 3 42.426 42.426
1 2 3 42.426 42.426
1 4 3 42.633 42.633
1 3 3 42.633 42.633
1 1 3 42.633 42.633
1 3 3 42.84 42.84
1 2 3 42.84 42.84
1 4 3 42.84 42.84
1 1 3 43.047 43.047
1 4 3 43.047 43.047
1 2 3 43.15 43.15
1 3 3 43.15 43.15
1 1 3 43.15 43.15
1 2 3 43.357 43.357
1 4 3 43.357 43.357
1 1 3 43.357 43.357
1 2 3 43.564 43.564
1 3 3 43.564 43.564
1 4 3 43.564 43.564
1 1 3 43.771 43.771
1 4 3 43.771 43.771
1 3 3 43.875 43.875
1 4 3 43.875 43.875
1 1 3 44.081 44.081
1 2 3 44.081 44.081
2 4 3 44.288 46.254
1 3 3 44.288 44.288
1 1 3 44.909 44.909
1 2 3 45.012 45.012
2 3 3 45.116 46.254
1 1 3 45.116 45.116
1 1 3 45.737 45.737
2 2 3 45.943 46.254
1 1 3 45.943 45.943
1 2 3 46.357 46.357
1 1 3 46.357 46.357
1 3 3 46.564 46.564
1 2 3 46.564 46.564
1 4 3 46.668 46.668
1 1 3 46.668 46.668
1 2 3 47.185 47.185
1 1 3 47.392 47.392
1 3 3 47.495 47.495
2 4 3 47.599 47.909
2 2 3 47.599 47.909
1 3 3 47.909 47.909
1 1 3 47.909 47.909
1 1 3 48.012 48.012
1 4 3 48.012 48.012
1 3 3 48.116 48.116
1 2 3 48.219 48.219
1 1 3 48.426 48.426
1 4 3 48.426 48.426
1 2 3 48.633 48.633
1 3 3 48.737 48.737
1 1 3 48.84 48.84
1 4 3 48.84 48.84
1 2 3 48.943 48.943
1 3 3 49.047 49.047
2 4 3 49.254 49.564
2 1 3 49.254 49.564
1 3 3 49.564 49.564
1 2 3 49.564 49.564
1 1 3 49.668 49.668
1 2 3 49.668 49.668
1 3 3 49.771 49.771
1 4 3 49.875 49.875
1 3 3 50.081 50.081
1 2 3 50.081 50.081
1 2 3 50.288 50.288
1 1 3 50.495 50.495
1 4 3 50.495 50.495
1 3 3 50.599 50.599
1 2 3 50.702 50.702
2 3 3 50.909 51.219
2 1 3 50.909 51.219
1 4 3 51.219 51.219
1 2 3 51.219 51.219
1 1 3 51.323 51.323
1 4 3 51.323 51.323
1 2 3 51.426 51.426
1 3 3 51.53 51.53
1 1 3 51.737 51.737
1 2 3 51.737 51.737
1 4 3 51.943 51.943
1 3 3 52.047 52.047
1 1 3 52.15 52.15
1 4 3 52.15 52.15
1 2 3 52.254 52.254
1 3 3 52.357 52.357
1 4 3 52.461 52.461
2 1 3 52.564 52.875
2 2 3 52.564 52.875
1 4 3 52.875 52.875
1 3 3 52.875 52.875
1 4 3 52.978 52.978
1 1 3 52.978 52.978
1 3 3 53.185 53.185
1 2 3 53.288 53.288
1 1 3 53.392 53.392
1 4 3 53.392 53.392
1 3 3 53.495 53.495
1 2 3 53.599 53.599
1 1 3 53.806 53.806
1 4 3 53.806 53.806
1 2 3 54.012 54.012
1 3 3 54.116 54.116
2 4 3 54.219 54.53
2 1 3 54.219 54.53
1 3 3 54.53 54.53
1 2 3 54.53 54.53
1 1 3 54.633 54.633
1 3 3 54.633 54.633
1 4 3 54.737 54.737
1 2 3 54.84 54.84
1 3 3 55.047 55.047
1 4 3 55.047 55.047
1 1 3 55.15 55.15
1 2 3 55.254 55.254
1 4 3 55.357 55.357
1 1 3 55.461 55.461
1 3 3 55.461 55.461
1 2 3 55.564 55.564
1 4 3 55.668 55.668
1 3 3 55.771 55.771
2 1 3 55.875 56.185
2 2 3 55.875 56.185
1 3 3 56.185 56.185
1 4 3 56.185 56.185
1 4 3 56.288 56.288
1 2 3 56.288 56.288
1 1 3 56.392 56.392
1 3 3 56.495 56.495
1 2 3 56.702 56.702
2 1 3 56.702 56.909
2 4 3 56.909 57.116
1 3 3 57.116 57.116
2 2 3 57.116 57.323
1 4 3 57.53 57.53
1 1 3 57.53 57.53
1 4 3 57.943 57.943
1 3 3 57.943 57.943
1 4 3 58.15 58.15
1 3 3 58.357 58.357
1 2 3 58.357 58.357
1 3 3 58.564 58.564
1 1 3 58.771 58.771
1 2 3 58.771 58.771
1 2 3 58.978 58.978
1 3 3 59.185 59.185
2 4 3 59.185 59.806
1 1 3 59.599 59.599
1 2 3 59.599 59.599
2 1 3 59.806 60.323
1 2 3 60.012 60.012
1 3 3 60.064 60.064
1 4 3 60.116 60.116
1 2 3 60.219 60.219
1 4 3 60.323 60.323
1 3 3 60.426 60.426
1 1 3 60.53 60.53
1 2 3 60.633 60.633
1 3 3 60.737 60.737
2 1 3 60.84 61.461
1 4 3 60.84 60.84
1 3 3 61.047 61.047
1 2 3 61.254 61.254
1 4 3 61.254 61.254
2 4 3 61.461 61.875
1 2 3 61.668 61.668
1 3 3 61.668 61.668
1 1 3 61.875 61.875
2 3 3 62.081 62.288
1 4 3 62.081 62.081
2 2 3 62.288 62.495
2 1 3 62.495 63.116
1 3 3 62.495 62.495
1 4 3 62.702 62.702
1 3 3 62.909 62.909
1 2 3 62.909 62.909
2 4 3 63.116 63.737
1 1 3 63.323 63.323
1 2 3 63.323 63.323
1 3 3 63.53 63.53
1 3 3 63.737 63.737
1 2 3 63.737 63.737
2 1 3 63.943 64.15
2 2 3 64.15 64.357
1 3 3 64.15 64.15
1 4 3 64.357 64.357
2 3 3 64.564 64.978
1 1 3 64.564 64.564
1 4 3 64.771 64.771
2 1 3 64.978 65.185
1 2 3 64.978 64.978
2 4 3 65.185 65.392
2 2 3 65.392 65.599
1 3 3 65.392 65.392
2 1 3 65.599 66.426
1 3 3 65.806 65.806
1 4 3 65.806 65.806
1 2 3 66.012 66.012
1 2 3 66.219 66.219
1 4 3 66.219 66.219
1 3 3 66.426 66.426
1 2 3 66.53 66.53
1 4 3 66.633 66.633
2 1 3 66.633 66.84
1 3 3 66.84 66.84
2 4 3 67.047 67.461
1 2 3 67.047 67.047
1 1 3 67.254 67.254
2 2 3 67.461 68.081
1 3 3 67.461 67.461
1 4 3 67.668 67.668
1 1 3 67.875 67.875
1 3 3 67.875 67.875
2 3 3 68.081 68.495
1 2 3 68.288 68.288
1 1 3 68.288 68.288
1 4 3 68.495 68.495
2 1 3 68.702 68.909
1 3 3 68.702 68.702
2 2 3 68.909 69.116
2 3 3 69.116 69.323
1 1 3 69.116 69.116
2 4 3 69.323 69.53
2 2 3 69.53 69.737
1 3 3 69.53 69.53
2 1 3 69.737 70.357
1 4 3 69.943 69.943
1 3 3 69.943 69.943
1 2 3 70.15 70.15
1 2 3 70.357 70.357
1 4 3 70.357 70.357
2 3 3 70.564 70.978
2 1 3 70.771 70.978
1 4 3 70.771 70.771
2 2 3 70.978 71.392
2 4 3 71.185 71.392
1 3 3 71.185 71.185
2 1 3 71.392 71.806
2 3 3 71.599 71.806
1 2 3 71.599 71.599
2 4 3 71.806 72.219
2 2 3 72.012 72.219
1 1 3 72.012 72.012
1 3 3 72.219 72.219
2 3 3 72.426 72.737
1 2 3 72.426 72.426
1 4 3 72.426 72.426
1 1 3 72.426 72.426
2 2 3 72.84 73.15
1 4 3 72.84 72.84
1 1 3 72.84 72.84
1 3 3 72.84 72.84
2 1 3 73.254 73.564
1 2 3 73.254 73.254
1 4 3 73.254 73.254
1 3 3 73.357 73.357
1 2 3 73.461 73.461
1 4 3 73.564 73.564
1 2 3 73.668 73.668
1 3 3 73.668 73.668
1 4 3 73.771 73.771
1 1 3 73.771 73.771
1 2 3 73.875 73.875
1 3 3 73.875 73.875
1 1 3 73.978 73.978
1 4 3 74.081 74.081
1 3 3 74.081 74.081
1 2 3 74.081 74.081
1 1 3 74.288 74.288
1 4 3 74.495 74.495
1 2 3 74.495 74.495
1 1 3 74.495 74.495
1 3 3 74.599 74.599
1 2 3 74.702 74.702
1 3 3 74.909 74.909
1 4 3 74.909 74.909
1 1 3 75.116 75.116
1 2 3 75.219 75.219
1 3 3 75.323 75.323
1 4 3 75.323 75.323
1 1 3 75.323 75.323
1 2 3 75.426 75.426
1 2 3 75.53 75.53
1 2 3 75.633 75.633
1 3 3 75.737 75.737
1 4 3 75.737 75.737
1 1 3 75.943 75.943
1 1 3 76.15 76.15
1 4 3 76.15 76.15
1 3 3 76.15 76.15
1 2 3 76.254 76.254
1 3 3 76.357 76.357
1 1 3 76.564 76.564
1 2 3 76.564 76.564
1 4 3 76.771 76.771
1 3 3 76.875 76.875
1 2 3 76.978 76.978
1 4 3 76.978 76.978
1 1 3 76.978 76.978
1 3 3 77.081 77.081
1 3 3 77.185 77.185
1 3 3 77.288 77.288
1 1 3 77.392 77.392
1 2 3 77.392 77.392
1 4 3 77.599 77.599
1 3 3 77.806 77.806
1 4 3 77.806 77.806
1 1 3 77.806 77.806
1 2 3 77.909 77.909
1 1 3 78.012 78.012
1 3 3 78.219 78.219
1 4 3 78.219 78.219
1 2 3 78.426 78.426
1 1 3 78.53 78.53
1 3 3 78.633 78.633
1 4 3 78.633 78.633
1 2 3 78.633 78.633
1 1 3 78.737 78.737
1 1 3 78.84 78.84
1 1 3 78.943 78.943
1 3 3 79.047 79.047
1 4 3 79.047 79.047
1 2 3 79.254 79.254
1 2 3 79.461 79.461
1 4 3 79.461 79.461
1 1 3 79.461 79.461
1 3 3 79.564 79.564
1 4 3 79.668 79.668
1 4 3 79.875 79.875
1 1 3 79.875 79.875
1 2 3 79.978 79.978
1 3 3 80.081 80.081
1 2 3 80.288 80.288
1 4 3 80.288 80.288
1 1 3 80.288 80.288
1 3 3 80.392 80.392
1 2 3 80.495 80.495
1 1 3 80.702 80.702
1 4 3 80.702 80.702
1 3 3 80.702 80.702
1 2 3 80.909 80.909
1 1 3 81.116 81.116
1 3 3 81.116 81.116
1 4 3 81.116 81.116
1 2 3 81.219 81.219
1 3 3 81.323 81.323
1 2 3 81.53 81.53
1 1 3 81.53 81.53
1 4 3 81.737 81.737
1 3 3 81.84 81.84
1 2 3 81.943 81.943
1 1 3 81.943 81.943
1 4 3 81.943 81.943
1 3 3 82.047 82.047
1 3 3 82.15 82.15
1 3 3 82.254 82.254
1 2 3 82.357 82.357
1 1 3 82.357 82.357
1 4 3 82.564 82.564
1 4 3 82.771 82.771
1 1 3 82.771 82.771
1 2 3 82.771 82.771
1 3 3 82.875 82.875
1 2 3 82.978 82.978
1 4 3 83.185 83.185
1 3 3 83.185 83.185
1 1 3 83.392 83.392
1 2 3 83.495 83.495
1 3 3 83.599 83.599
1 1 3 83.599 83.599
1 4 3 83.599 83.599
1 2 3 83.702 83.702
1 2 3 83.806 83.806
1 2 3 83.909 83.909
1 4 3 84.012 84.012
1 3 3 84.012 84.012
1 1 3 84.219 84.219
1 2 3 84.426 84.426
1 1 3 84.426 84.426
1 4 3 84.426 84.426
1 3 3 84.53 84.53
1 4 3 84.633 84.633
1 2 3 84.84 84.84
1 1 3 84.84 84.84
1 3 3 85.047 85.047
1 4 3 85.15 85.15
1 2 3 85.254 85.254
1 1 3 85.254 85.254
1 3 3 85.254 85.254
1 4 3 85.357 85.357
1 4 3 85.461 85.461
1 4 3 85.564 85.564
1 3 3 85.668 85.668
1 2 3 85.668 85.668
1 1 3 85.875 85.875
1 1 3 85.978 85.978
1 3 3 86.081 86.081
1 4 3 86.081 86.081
1 1 3 87.323 87.323
1 4 3 87.323 87.323
1 3 3 87.53 87.53
1 2 3 87.53 87.53
1 4 3 87.737 87.737
1 1 3 87.737 87.737
1 2 3 87.84 87.84
1 1 3 87.84 87.84
1 4 3 88.047 88.047
1 3 3 88.047 88.047
1 3 3 88.254 88.254
1 2 3 88.254 88.254
1 1 3 88.461 88.461
1 4 3 88.461 88.461
1 4 3 88.564 88.564
1 3 3 88.564 88.564
1 2 3 88.771 88.771
1 1 3 88.771 88.771
1 4 3 88.978 88.978
1 1 3 88.978 88.978
1 4 3 89.185 89.185
1 3 3 89.185 89.185
1 2 3 89.392 89.392
1 1 3 89.392 89.392
1 4 3 89.495 89.495
1 2 3 89.495 89.495
1 4 3 89.702 89.702
1 3 3 89.702 89.702
1 1 3 89.909 89.909
1 2 3 89.909 89.909
1 3 3 90.116 90.116
1 4 3 90.116 90.116
1 1 3 90.219 90.219
1 3 3 90.219 90.219
1 2 3 90.426 90.426
1 1 3 90.426 90.426
1 2 3 90.633 90.633
1 4 3 90.633 90.633
1 3 3 90.84 90.84
1 4 3 90.84 90.84
1 1 3 91.047 91.047
1 2 3 91.047 91.047
1 2 3 91.15 91.15
1 4 3 91.15 91.15
1 3 3 91.357 91.357
1 1 3 91.357 91.357
1 1 3 91.564 91.564
1 2 3 91.564 91.564
1 1 3 91.771 91.771
1 4 3 91.875 91.875
1 3 3 91.875 91.875
1 2 3 92.081 92.081
1 4 3 92.081 92.081
1 1 3 92.288 92.288
1 4 3 92.288 92.288
1 1 3 93.943 93.943
1 4 3 93.943 93.943
1 3 3 93.943 93.943
1 2 3 94.15 94.15
1 1 3 94.15 94.15
1 4 3 94.15 94.15
1 1 3 94.357 94.357
1 3 3 94.357 94.357
1 3 3 94.461 94.461
1 2 3 94.461 94.461
1 4 3 94.461 94.461
1 2 3 94.668 94.668
1 1 3 94.668 94.668
1 3 3 94.668 94.668
1 3 3 94.875 94.875
1 2 3 94.875 94.875
1 4 3 94.875 94.875
1 1 3 95.081 95.081
1 2 3 95.081 95.081
1 4 3 95.185 95.185
1 2 3 95.185 95.185
1 4 3 95.392 95.392
1 3 3 95.392 95.392
1 1 3 95.599 95.599
1 2 3 95.599 95.599
1 4 3 95.599 95.599
1 2 3 95.806 95.806
1 3 3 95.806 95.806
1 1 3 95.806 95.806
1 4 3 96.012 96.012
1 1 3 96.012 96.012
1 3 3 96.116 96.116
1 2 3 96.116 96.116
1 4 3 96.116 96.116
1 3 3 96.323 96.323
1 1 3 96.323 96.323
1 4 3 96.323 96.323
1 2 3 96.53 96.53
1 1 3 96.53 96.53
1 4 3 96.53 96.53
1 3 3 96.633 96.633
1 4 3 96.737 96.737
1 1 3 96.737 96.737
1 2 3 96.84 96.84
1 1 3 96.84 96.84
1 4 3 97.047 97.047
1 3 3 97.047 97.047
2 1 3 97.254 99.219
1 2 3 97.254 97.254
1 4 3 97.875 97.875
1 3 3 97.978 97.978
2 2 3 98.081 99.219
1 4 3 98.081 98.081
1 3 3 98.702 98.702
1 4 3 98.806 98.806
2 3 3 98.909 99.219
1 3 3 99.323 99.323
1 4 3 99.323 99.323
1 2 3 99.53 99.53
1 3 3 99.53 99.53
1 1 3 99.633 99.633
1 4 3 99.633 99.633
1 2 3 100.15 100.15
1 1 3 100.357 100.357
1 3 3 100.461 100.461
2 4 3 100.564 100.875
2 2 3 100.564 100.875
1 3 3 100.875 100.875
1 1 3 100.875 100.875
1 1 3 100.978 100.978
1 4 3 100.978 100.978
1 3 3 101.081 101.081
1 2 3 101.185 101.185
1 3 3 101.392 101.392
1 4 3 101.392 101.392
1 2 3 101.495 101.495
1 1 3 101.599 101.599
1 4 3 101.702 101.702
1 3 3 101.806 101.806
1 2 3 101.806 101.806
1 1 3 102.012 102.012
1 2 3 102.116 102.116
2 4 3 102.219 102.53
2 3 3 102.219 102.53
1 2 3 102.53 102.53
1 1 3 102.53 102.53
1 1 3 102.633 102.633
1 4 3 102.633 102.633
1 2 3 102.737 102.737
1 3 3 102.84 102.84
1 2 3 103.047 103.047
1 4 3 103.047 103.047
1 1 3 103.254 103.254
1 3 3 103.461 103.461
1 4 3 103.461 103.461
1 2 3 103.564 103.564
1 1 3 103.668 103.668
1 4 3 103.771 103.771
2 3 3 103.875 104.185
2 1 3 103.875 104.185
1 4 3 104.185 104.185
1 2 3 104.185 104.185
1 1 3 104.288 104.288
1 4 3 104.288 104.288
1 3 3 104.392 104.392
1 2 3 104.495 104.495
1 4 3 104.702 104.702
1 3 3 104.702 104.702
1 1 3 104.806 104.806
1 2 3 104.909 104.909
1 1 3 105.116 105.116
1 4 3 105.116 105.116
1 2 3 105.219 105.219
1 3 3 105.323 105.323
1 4 3 105.426 105.426
2 1 3 105.53 105.84
2 2 3 105.53 105.84
1 3 3 105.84 105.84
1 4 3 105.84 105.84
1 4 3 105.943 105.943
1 1 3 105.943 105.943
1 2 3 106.15 106.15
1 3 3 106.254 106.254
1 1 3 106.357 106.357
1 4 3 106.357 106.357
1 2 3 106.461 106.461
1 3 3 106.564 106.564
1 2 3 106.771 106.771
1 1 3 106.771 106.771
1 3 3 106.875 106.875
1 4 3 106.978 106.978
1 1 3 107.081 107.081
2 3 3 107.185 107.495
2 2 3 107.185 107.495
1 4 3 107.495 107.495
1 1 3 107.495 107.495
1 3 3 107.599 107.599
1 4 3 107.599 107.599
1 1 3 107.702 107.702
1 2 3 107.806 107.806
1 1 3 108.012 108.012
1 3 3 108.012 108.012
1 4 3 108.219 108.219
1 2 3 108.323 108.323
1 3 3 108.426 108.426
1 1 3 108.426 108.426
1 4 3 108.53 108.53
1 2 3 108.633 108.633
2 4 3 108.84 109.15
2 1 3 108.84 109.15
1 3 3 109.15 109.15
1 2 3 109.15 109.15
1 1 3 109.254 109.254
1 3 3 109.254 109.254
1 4 3 109.357 109.357
1 2 3 109.461 109.461
1 3 3 109.668 109.668
2 4 3 109.668 109.875
2 1 3 109.875 110.081
1 2 3 110.081 110.081
2 3 3 110.081 110.288
1 1 3 110.495 110.495
1 2 3 110.495 110.495
1 1 3 110.702 110.702
1 4 3 110.909 110.909
1 3 3 110.909 110.909
1 4 3 111.116 111.116
1 2 3 111.323 111.323
1 1 3 111.323 111.323
1 2 3 111.53 111.53
1 3 3 111.737 111.737
1 4 3 111.737 111.737
1 3 3 111.943 111.943
1 2 3 112.15 112.15
2 1 3 112.15 112.771
1 4 3 112.564 112.564
1 3 3 112.564 112.564
2 4 3 112.771 113.288
1 3 3 112.978 112.978
1 2 3 113.03 113.03
1 1 3 113.081 113.081
1 3 3 113.185 113.185
1 1 3 113.288 113.288
1 2 3 113.392 113.392
1 4 3 113.495 113.495
1 3 3 113.599 113.599
1 2 3 113.702 113.702
2 4 3 113.806 114.426
1 1 3 113.806 113.806
1 2 3 114.012 114.012
1 3 3 114.219 114.219
1 1 3 114.219 114.219
2 2 3 114.426 114.84
1 3 3 114.633 114.633
1 4 3 114.633 114.633
1 1 3 114.84 114.84
2 3 3 115.047 115.254
1 4 3 115.047 115.047
1 1 3 115.15 115.15
2 2 3 115.254 115.461
2 1 3 115.461 115.875
1 3 3 115.461 115.461
1 2 3 115.668 115.668
1 3 3 115.875 115.875
2 4 3 115.875 116.081
1 2 3 115.978 115.978
2 1 3 116.081 116.702
1 3 3 116.288 116.288
1 4 3 116.288 116.288
1 2 3 116.495 116.495
1 3 3 116.702 116.702
1 2 3 116.702 116.702
1 4 3 116.806 116.806
2 3 3 116.909 117.116
2 4 3 117.116 117.323
1 1 3 117.116 117.116
1 2 3 117.323 117.323
2 2 3 117.53 117.737
1 1 3 117.53 117.53
1 4 3 117.633 117.633
2 3 3 117.737 117.943
2 4 3 117.943 118.15
1 1 3 117.943 117.943
2 2 3 118.15 118.357
2 1 3 118.357 118.564
1 3 3 118.357 118.357
1 4 3 118.461 118.461
2 3 3 118.564 118.771
1 1 3 118.771 118.771
2 4 3 118.771 119.392
1 2 3 118.978 118.978
1 1 3 119.185 119.185
1 3 3 119.185 119.185
1 2 3 119.288 119.288
2 3 3 119.392 119.599
2 1 3 119.599 119.806
1 4 3 119.599 119.599
1 3 3 119.702 119.702
1 2 3 119.806 119.806
2 2 3 120.012 120.426
1 3 3 120.012 120.012
1 1 3 120.116 120.116
1 4 3 120.219 120.219
1 3 3 120.323 120.323
2 4 3 120.426 121.047
1 1 3 120.426 120.426
1 3 3 120.633 120.633
1 2 3 120.84 120.84
1 1 3 120.84 120.84
2 3 3 121.047 121.461
1 4 3 121.254 121.254
1 1 3 121.254 121.254
1 2 3 121.461 121.461
2 1 3 121.668 121.875
1 4 3 121.668 121.668
1 3 3 121.771 121.771
2 2 3 121.875 122.081
2 3 3 122.081 122.495
1 4 3 122.081 122.081
1 1 3 122.288 122.288
2 1 3 122.495 122.702
1 2 3 122.495 122.495
1 3 3 122.599 122.599
2 4 3 122.702 123.323
1 3 3 122.909 122.909
1 2 3 122.909 122.909
1 1 3 123.116 123.116
1 3 3 123.323 123.323
1 1 3 123.323 123.323
1 2 3 123.426 123.426
2 3 3 123.53 123.943
2 4 3 123.737 123.943
1 1 3 123.737 123.737
2 2 3 123.943 124.357
2 1 3 124.15 124.357
1 4 3 124.15 124.15
1 3 3 124.254 124.254
2 4 3 124.357 124.771
2 2 3 124.564 124.771
1 1 3 124.564 124.564
2 1 3 124.771 125.185
2 3 3 124.978 125.185
1 4 3 124.978 124.978
1 2 3 125.081 125.081
1 4 3 125.185 125.185
1 1 3 125.392 125.392
1 3 3 125.392 125.392
1 4 3 125.392 125.392
2 2 3 125.392 125.702
1 1 3 125.806 125.806
1 3 3 125.806 125.806
1 2 3 125.806 125.806
2 4 3 125.806 126.116
1 2 3 126.116 126.116
1 3 3 126.219 126.219
1 4 3 126.219 126.219
2 1 3 126.219 126.53
1 1 3 126.633 126.633
1 4 3 126.633 126.633
2 3 3 126.633 126.943
1 2 3 126.633 126.633
1 4 3 127.047 127.047
1 1 3 127.047 127.047
1 3 3 127.254 127.254
1 2 3 127.461 127.461
1 1 3 127.668 127.668
1 3 3 128.702 128.702
1 4 3 128.702 128.702
1 2 3 128.909 128.909
1 1 3 129.116 129.116
1 4 3 129.323 129.323
1 2 3 130.357 130.357
1 3 3 130.357 130.357
1 1 3 130.564 130.564
1 4 3 130.771 130.771
1 3 3 130.978 130.978
1 1 3 132.012 132.012
1 2 3 132.012 132.012
1 4 3 132.219 132.219
1 3 3 132.426 132.426
1 2 3 132.633 132.633
1 4 3 132.84 132.84
1 3 3 132.84 132.84
1 1 3 133.047 133.047
1 2 3 133.254 133.254
1 3 3 133.461 133.461
1 1 3 133.668 133.668
1 4 3 133.668 133.668
1 2 3 133.875 133.875
1 3 3 134.081 134.081
1 4 3 134.288 134.288
1 2 3 135.323 135.323
1 1 3 135.323 135.323
1 3 3 135.53 135.53
1 4 3 135.737 135.737
1 1 3 135.943 135.943
1 3 3 136.978 136.978
1 2 3 136.978 136.978
1 4 3 137.185 137.185
1 1 3 137.392 137.392
1 2 3 137.599 137.599
1 4 3 138.633 138.633
1 3 3 138.633 138.633
1 1 3 138.84 138.84
1 2 3 139.047 139.047
1 3 3 139.254 139.254
1 4 3 140.288 140.288
1 1 3 140.288 140.288
1 3 3 140.495 140.495
1 2 3 140.599 140.599
1 4 3 140.806 140.806
1 3 3 140.909 140.909
1 1 3 141.012 141.012
1 2 3 141.116 141.116
1 3 3 141.219 141.219
1 4 3 141.426 141.426
1 2 3 141.53 141.53
1 2 3 141.633 141.633
1 2 3 141.737 141.737
1 4 3 141.943 141.943
1 1 3 141.943 141.943
1 2 3 142.15 142.15
1 3 3 142.254 142.254
1 1 3 142.461 142.461
1 2 3 142.564 142.564
1 4 3 142.668 142.668
1 3 3 142.771 142.771
1 2 3 142.875 142.875
1 1 3 143.081 143.081
1 3 3 143.185 143.185
1 3 3 143.288 143.288
1 3 3 143.392 143.392
1 1 3 143.599 143.599
1 2 3 143.599 143.599
1 3 3 143.806 143.806
1 4 3 143.909 143.909
1 2 3 144.116 144.116
1 1 3 144.219 144.219
1 3 3 144.323 144.323
1 2 3 144.426 144.426
1 4 3 144.53 144.53
1 2 3 144.737 144.737
1 1 3 144.84 144.84
1 1 3 144.943 144.943
1 1 3 145.047 145.047
1 3 3 145.254 145.254
1 4 3 145.254 145.254
1 2 3 145.357 145.357
1 1 3 146.081 146.081
1 4 3 146.081 146.081
1 2 3 146.185 146.185
1 4 3 146.288 146.288
1 3 3 146.392 146.392
1 1 3 146.495 146.495
1 2 3 146.702 146.702
1 3 3 146.806 146.806
1 1 3 146.909 146.909
1 4 3 146.909 146.909
1 3 3 147.116 147.116
1 1 3 147.219 147.219
1 4 3 147.323 147.323
1 2 3 147.426 147.426
1 1 3 147.53 147.53
1 4 3 147.633 147.633
1 3 3 147.737 147.737
1 2 3 147.84 147.84
1 1 3 148.047 148.047
1 4 3 148.15 148.15
1 4 3 148.254 148.254
1 4 3 148.357 148.357
1 2 3 148.564 148.564
1 3 3 148.564 148.564
1 1 3 148.771 148.771
1 4 3 148.875 148.875
1 3 3 149.081 149.081
1 1 3 149.185 149.185
1 2 3 149.288 149.288
1 4 3 149.392 149.392
1 3 3 149.495 149.495
1 1 3 149.702 149.702
1 2 3 149.806 149.806
1 2 3 149.909 149.909
1 2 3 150.012 150.012
1 4 3 150.219 150.219
1 3 3 150.219 150.219
1 2 3 150.426 150.426
1 1 3 150.53 150.53
1 4 3 150.633 150.633
1 2 3 150.737 150.737
1 3 3 150.84 150.84
1 1 3 150.943 150.943
1 4 3 151.15 151.15
1 2 3 151.357 151.357
1 3 3 151.461 151.461
1 3 3 151.564 151.564
1 3 3 151.668 151.668
1 4 3 151.875 151.875
1 1 3 151.875 151.875
1 2 3 151.978 151.978
1 3 3 152.081 152.081
1 2 3 152.702 152.702
1 1 3 152.806 152.806
1 3 3 153.012 153.012
1 2 3 153.116 153.116
1 4 3 153.323 153.323
1 3 3 153.426 153.426
1 2 3 153.53 153.53
1 1 3 153.53 153.53
1 3 3 153.737 153.737
1 1 3 153.84 153.84
1 2 3 153.943 153.943
1 4 3 153.943 153.943
1 3 3 154.047 154.047
1 1 3 154.15 154.15
1 4 3 154.254 154.254
1 2 3 154.357 154.357
1 3 3 154.357 154.357
1 1 3 154.461 154.461
1 4 3 154.668 154.668
1 1 3 154.771 154.771
1 2 3 154.771 154.771
1 2 3 154.875 154.875
1 2 3 154.978 154.978
1 3 3 155.185 155.185
1 4 3 155.185 155.185
1 4 3 155.392 155.392
1 1 3 155.495 155.495
1 2 3 155.599 155.599
1 3 3 155.599 155.599
1 4 3 155.702 155.702
1 1 3 155.806 155.806
1 2 3 155.909 155.909
1 3 3 156.012 156.012
1 4 3 156.012 156.012
1 1 3 156.116 156.116
1 4 3 156.323 156.323
1 2 3 156.426 156.426
1 3 3 156.426 156.426
1 3 3 156.53 156.53
1 3 3 156.633 156.633
1 1 3 156.84 156.84
1 4 3 156.84 156.84
1 2 3 157.047 157.047
1 3 3 157.15 157.15
1 1 3 157.254 157.254
1 4 3 157.254 157.254
1 2 3 157.357 157.357
1 4 3 157.461 157.461
1 3 3 157.564 157.564
1 1 3 157.668 157.668
1 2 3 157.668 157.668
1 4 3 157.771 157.771
1 2 3 157.978 157.978
1 4 3 158.081 158.081
1 3 3 158.081 158.081
1 4 3 158.185 158.185
1 4 3 158.288 158.288
1 1 3 158.495 158.495
1 2 3 158.495 158.495
1 3 3 158.599 158.599
1 1 3 158.909 158.909
1 4 3 158.909 158.909
1 3 3 159.323 159.323
1 4 3 159.323 159.323
1 2 3 159.426 159.426
1 3 3 159.633 159.633
1 1 3 159.737 159.737
1 4 3 159.737 159.737
1 2 3 159.943 159.943
1 3 3 160.047 160.047
1 4 3 160.15 160.15
1 1 3 160.15 160.15
1 3 3 160.357 160.357
1 1 3 160.461 160.461
1 2 3 160.564 160.564
1 4 3 160.564 160.564
1 3 3 160.668 160.668
1 1 3 160.771 160.771
1 4 3 160.875 160.875
1 2 3 160.978 160.978
1 3 3 160.978 160.978
1 1 3 161.081 161.081
1 4 3 161.288 161.288
1 3 3 161.392 161.392
1 2 3 161.392 161.392
1 2 3 161.495 161.495
1 2 3 161.599 161.599
1 1 3 161.806 161.806
1 4 3 161.806 161.806
1 1 3 162.012 162.012
1 4 3 162.116 162.116
1 2 3 162.219 162.219
1 3 3 162.219 162.219
1 1 3 162.323 162.323
1 3 3 162.426 162.426
1 2 3 162.53 162.53
1 1 3 162.633 162.633
1 4 3 162.633 162.633
1 3 3 162.737 162.737
1 4 3 162.943 162.943
1 2 3 163.047 163.047
1 1 3 163.047 163.047
1 1 3 163.15 163.15
1 1 3 163.254 163.254
2 4 3 163.461 163.875
2 2 3 163.461 163.875
2 3 3 163.461 163.875
1 1 3 165.116 165.116
1 3 3 165.116 165.116
1 4 3 165.116 165.116
1 1 3 165.53 165.53
1 2 3 165.53 165.53
1 4 3 165.53 165.53
1 1 3 165.943 165.943
1 3 3 165.943 165.943
1 4 3 165.943 165.943
1 2 3 166.047 166.047
1 3 3 166.15 166.15
1 4 3 166.254 166.254
1 1 3 166.357 166.357
1 2 3 166.357 166.357
1 3 3 166.461 166.461
1 4 3 166.461 166.461
1 1 3 166.564 166.564
1 2 3 166.564 166.564
1 3 3 166.668 166.668
2 1 3 166.771 167.392
1 4 3 166.771 166.771
1 2 3 166.978 166.978
1 4 3 167.185 167.185
1 3 3 167.185 167.185
2 2 3 167.392 167.806
1 1 3 167.599 167.599
1 4 3 167.599 167.599
1 3 3 167.806 167.806
2 4 3 168.012 168.219
1 1 3 168.012 168.012
1 2 3 168.116 168.116
2 3 3 168.219 168.426
2 2 3 168.426 169.047
1 1 3 168.426 168.426
1 4 3 168.633 168.633
1 3 3 168.84 168.84
1 1 3 168.84 168.84
1 4 3 168.943 168.943
2 1 3 169.047 169.668
1 2 3 169.254 169.254
1 3 3 169.254 169.254
1 4 3 169.461 169.461
1 2 3 169.668 169.668
1 4 3 169.668 169.668
1 3 3 169.771 169.771
2 4 3 169.875 170.081
2 3 3 170.081 170.288
1 1 3 170.081 170.081
1 2 3 170.288 170.288
2 1 3 170.495 170.909
1 4 3 170.495 170.495
1 2 3 170.599 170.599
1 3 3 170.702 170.702
2 3 3 170.909 171.116
1 4 3 170.909 170.909
2 2 3 171.116 171.323
2 1 3 171.323 171.53
1 4 3 171.323 171.323
1 3 3 171.426 171.426
2 4 3 171.53 172.357
1 1 3 171.737 171.737
1 2 3 171.737 171.737
1 3 3 171.943 171.943
1 1 3 172.15 172.15
1 3 3 172.15 172.15
1 2 3 172.254 172.254
2 1 3 172.357 172.564
1 4 3 172.564 172.564
2 2 3 172.564 172.771
1 3 3 172.668 172.668
1 1 3 172.771 172.771
2 4 3 172.978 173.392
1 3 3 172.978 172.978
1 1 3 173.081 173.081
1 2 3 173.185 173.185
1 3 3 173.288 173.288
2 1 3 173.392 174.012
1 2 3 173.392 173.392
1 4 3 173.599 173.599
1 2 3 173.806 173.806
1 3 3 173.806 173.806
2 3 3 174.012 174.426
1 2 3 174.219 174.219
1 4 3 174.219 174.219
1 1 3 174.426 174.426
2 2 3 174.633 174.84
1 4 3 174.633 174.633
1 1 3 174.737 174.737
2 3 3 174.84 175.047
2 4 3 175.047 175.668
1 2 3 175.047 175.047
1 3 3 175.254 175.254
1 3 3 175.461 175.461
1 1 3 175.461 175.461
1 2 3 175.564 175.564
2 1 3 175.668 176.288
1 3 3 175.875 175.875
1 4 3 175.875 175.875
1 2 3 176.081 176.081
1 2 3 176.288 176.288
1 3 3 176.288 176.288
1 4 3 176.392 176.392
2 3 3 176.495 177.116
2 2 3 176.702 177.116
1 1 3 176.702 176.702
2 1 3 176.909 177.116
2 4 3 177.116 177.53
1 2 3 177.219 177.219
2 1 3 177.323 177.53
2 3 3 177.53 177.943
1 2 3 177.53 177.53
2 1 3 177.737 177.943
2 2 3 177.943 178.357
1 4 3 177.943 177.943
1 3 3 178.047 178.047
2 1 3 178.15 178.357
2 3 3 178.357 179.392
1 4 3 178.357 178.357
1 2 3 178.564 178.564
1 4 3 178.771 178.771
1 1 3 178.771 178.771
1 2 3 178.875 178.875
2 1 3 178.978 179.392
2 4 3 179.185 179.392
1 1 3 179.599 179.599
1 2 3 179.599 179.599
1 3 3 179.702 179.702
1 4 3 179.702 179.702
1 1 3 179.806 179.806
1 2 3 179.806 179.806
1 3 3 179.909 179.909
1 4 3 180.012 180.012
2 1 3 180.012 180.633
1 2 3 180.219 180.219
1 4 3 180.426 180.426
1 3 3 180.426 180.426
2 4 3 180.633 181.047
1 2 3 180.84 180.84
1 3 3 180.84 180.84
1 1 3 181.047 181.047
1 4 3 181.254 181.254
2 2 3 181.254 181.461
1 1 3 181.357 181.357
2 3 3 181.461 181.668
1 1 3 181.668 181.668
2 4 3 181.668 182.081
1 2 3 181.875 181.875
1 1 3 182.081 182.081
1 3 3 182.081 182.081
2 2 3 182.081 182.288
1 4 3 182.185 182.185
2 1 3 182.288 182.909
1 3 3 182.495 182.495
1 4 3 182.495 182.495
1 3 3 182.702 182.702
1 4 3 182.909 182.909
1 2 3 182.909 182.909
1 1 3 183.012 183.012
2 3 3 183.116 183.323
1 4 3 183.323 183.323
2 2 3 183.323 183.53
1 1 3 183.53 183.53
1 4 3 183.737 183.737
2 1 3 183.737 184.15
1 2 3 183.84 183.84
1 3 3 183.943 183.943
2 4 3 183.943 184.15
1 3 3 184.15 184.15
2 2 3 184.15 184.564
2 4 3 184.357 184.564
1 1 3 184.564 184.564
2 3 3 184.564 184.978
1 2 3 184.668 184.668
2 4 3 184.771 184.978
1 2 3 184.978 184.978
1 1 3 184.978 184.978
1 1 3 185.288 185.288
1 3 3 185.288 185.288
1 4 3 185.288 185.288
1 1 3 185.599 185.599
1 2 3 185.599 185.599
1 4 3 185.599 185.599
1 3 3 185.702 185.702
2 4 3 185.806 186.012
1 1 3 185.806 185.806
1 2 3 185.909 185.909
1 3 3 186.012 186.012
1 1 3 186.219 186.219
1 4 3 186.219 186.219
1 3 3 186.323 186.323
1 2 3 186.323 186.323
1 1 3 186.426 186.426
1 4 3 186.426 186.426
1 2 3 186.53 186.53
2 4 3 186.633 187.254
1 3 3 186.633 186.633
1 1 3 186.84 186.84
1 2 3 187.047 187.047
1 3 3 187.047 187.047
2 1 3 187.254 187.668
1 4 3 187.461 187.461
1 3 3 187.461 187.461
1 2 3 187.668 187.668
1 3 3 187.875 187.875
2 4 3 187.875 188.081
1 2 3 187.978 187.978
2 1 3 188.081 188.288
1 2 3 188.288 188.288
2 3 3 188.288 188.495
2 1 3 188.495 188.702
1 4 3 188.702 188.702
2 2 3 188.702 188.909
1 3 3 188.806 188.806
2 1 3 188.909 189.53
1 3 3 189.116 189.116
1 4 3 189.116 189.116
1 2 3 189.323 189.323
1 2 3 189.53 189.53
1 4 3 189.53 189.53
1 3 3 189.633 189.633
2 4 3 189.737 190.15
1 1 3 189.943 189.943
2 2 3 189.943 190.15
2 3 3 190.15 190.564
1 2 3 190.357 190.357
2 1 3 190.357 190.564
1 4 3 190.461 190.461
2 2 3 190.564 190.978
1 3 3 190.771 190.771
2 4 3 190.771 190.978
2 1 3 190.978 191.392
1 2 3 191.185 191.185
2 3 3 191.185 191.392
2 2 3 191.392 191.599
1 1 3 191.599 191.599
2 4 3 191.599 192.012
2 3 3 191.599 192.012
2 2 3 192.012 192.426
2 1 3 192.012 192.426
1 4 3 192.426 192.426
1 3 3 192.53 192.53
1 2 3 192.633 192.633
1 4 3 192.737 192.737
1 1 3 192.737 192.737
1 3 3 192.84 192.84
1 2 3 192.84 192.84
1 1 3 192.943 192.943
1 4 3 192.943 192.943
1 3 3 193.047 193.047
1 2 3 193.047 193.047
1 4 3 193.15 193.15
1 1 3 193.254 193.254
1 2 3 193.254 193.254
1 3 3 193.254 193.254
1 4 3 193.461 193.461
1 1 3 193.668 193.668
1 3 3 193.668 193.668
1 4 3 193.668 193.668
1 2 3 193.771 193.771
1 3 3 193.875 193.875
1 2 3 194.081 194.081
1 1 3 194.081 194.081
1 4 3 194.288 194.288
1 3 3 194.392 194.392
1 2 3 194.495 194.495
1 1 3 194.495 194.495
1 4 3 194.495 194.495
1 3 3 194.599 194.599
1 3 3 194.702 194.702
1 3 3 194.806 194.806
1 2 3 194.909 194.909
1 1 3 194.909 194.909
1 4 3 195.116 195.116
1 4 3 195.323 195.323
1 1 3 195.323 195.323
1 2 3 195.323 195.323
1 3 3 195.426 195.426
1 2 3 195.53 195.53
1 4 3 195.737 195.737
1 3 3 195.737 195.737
1 1 3 195.943 195.943
1 2 3 196.047 196.047
1 3 3 196.15 196.15
1 1 3 196.15 196.15
1 4 3 196.15 196.15
1 2 3 196.254 196.254
1 2 3 196.357 196.357
1 2 3 196.461 196.461
1 4 3 196.564 196.564
1 3 3 196.564 196.564
1 1 3 196.771 196.771
1 2 3 196.978 196.978
1 1 3 196.978 196.978
1 4 3 196.978 196.978
1 3 3 197.081 197.081
1 4 3 197.185 197.185
1 2 3 197.392 197.392
1 1 3 197.392 197.392
1 3 3 197.599 197.599
1 4 3 197.702 197.702
1 2 3 197.806 197.806
1 1 3 197.806 197.806
1 3 3 197.806 197.806
1 4 3 197.909 197.909
1 4 3 198.012 198.012
1 4 3 198.116 198.116
1 2 3 198.219 198.219
1 1 3 198.219 198.219
1 3 3 198.426 198.426
1 3 3 198.633 198.633
1 1 3 198.633 198.633
1 4 3 198.633 198.633
1 2 3 198.737 198.737
1 1 3 198.84 198.84
1 1 3 199.047 199.047
1 4 3 199.047 199.047
1 3 3 199.15 199.15
1 2 3 199.254 199.254
1 3 3 199.461 199.461
1 1 3 199.461 199.461
1 4 3 199.461 199.461
1 2 3 199.564 199.564
1 3 3 199.668 199.668
1 4 3 199.875 199.875
1 1 3 199.875 199.875
1 2 3 199.875 199.875
1 3 3 200.081 200.081
1 4 3 200.288 200.288
1 2 3 200.288 200.288
1 1 3 200.288 200.288
1 3 3 200.392 200.392
1 2 3 200.495 200.495
1 3 3 200.702 200.702
1 4 3 200.702 200.702
1 1 3 200.909 200.909
1 2 3 201.012 201.012
1 3 3 201.116 201.116
1 4 3 201.116 201.116
1 1 3 201.116 201.116
1 2 3 201.219 201.219
1 2 3 201.323 201.323
1 2 3 201.426 201.426
1 3 3 201.53 201.53
1 4 3 201.53 201.53
1 1 3 201.737 201.737
1 1 3 201.943 201.943
1 4 3 201.943 201.943
1 3 3 201.943 201.943
1 2 3 202.047 202.047
1 3 3 202.15 202.15
1 1 3 202.357 202.357
1 2 3 202.357 202.357
1 4 3 202.564 202.564
1 3 3 202.668 202.668
1 2 3 202.771 202.771
1 4 3 202.771 202.771
1 1 3 202.771 202.771
1 3 3 202.875 202.875
1 3 3 202.978 202.978
1 3 3 203.081 203.081
1 1 3 203.185 203.185
1 2 3 203.185 203.185
1 4 3 203.392 203.392
1 3 3 203.599 203.599
1 4 3 203.599 203.599
1 1 3 203.599 203.599
1 2 3 203.702 203.702
1 1 3 203.806 203.806
1 3 3 204.012 204.012
1 4 3 204.012 204.012
1 2 3 204.219 204.219
1 1 3 204.323 204.323
1 3 3 204.426 204.426
1 4 3 204.426 204.426
1 2 3 204.426 204.426
1 1 3 204.53 204.53
1 1 3 204.633 204.633
1 1 3 204.737 204.737
1 2 3 204.84 204.84
1 3 3 204.84 204.84
1 4 3 205.047 205.047
1 2 3 205.254 205.254
1 1 3 205.254 205.254
1 3 3 205.254 205.254
1 4 3 205.357 205.357
1 3 3 205.461 205.461
1 1 3 205.668 205.668
1 4 3 205.668 205.668
1 2 3 205.875 205.875
1 1 3 206.081 206.081
1 2 3 206.081 206.081
1 4 3 206.081 206.081
1 3 3 206.288 206.288
2 1 3 206.495 208.15
1 4 3 206.495 206.495
1 3 3 206.909 206.909
1 2 3 207.323 207.323
1 4 3 207.737 207.737
1 2 3 207.943 207.943
1 2 3 208.047 208.047
2 4 3 208.15 209.806
1 3 3 208.564 208.564
1 2 3 208.978 208.978
1 1 3 209.392 209.392
1 3 3 209.599 209.599
1 3 3 209.702 209.702
2 2 3 209.806 211.461
1 4 3 210.219 210.219
1 3 3 210.633 210.633
1 1 3 211.047 211.047
1 4 3 211.254 211.254
1 4 3 211.357 211.357
2 3 3 211.461 212.909
1 1 3 211.668 211.668
1 1 3 211.771 211.771
1 4 3 211.875 211.875
1 2 3 212.288 212.288
1 1 3 212.702 212.702
