1 3 3 4.562 4.562
1 1 3 4.562 4.562
1 4 3 4.562 4.562
1 2 3 4.705 4.705
1 3 3 4.848 4.848
1 1 3 4.991 4.991
1 3 3 5.134 5.134
1 4 3 5.134 5.134
1 2 3 5.277 5.277
1 4 3 5.42 5.42
1 1 3 5.562 5.562
1 3 3 5.705 5.705
1 2 3 5.705 5.705
1 4 3 5.848 5.848
1 2 3 5.991 5.991
1 1 3 6.134 6.134
1 3 3 6.277 6.277
1 2 3 6.42 6.42
1 3 3 6.563 6.563
1 4 3 6.705 6.705
1 3 3 6.777 6.777
1 2 3 6.848 6.848
1 1 3 6.848 6.848
1 4 3 6.991 6.991
1 3 3 7.134 7.134
1 2 3 7.277 7.277
1 4 3 7.42 7.42
1 1 3 7.42 7.42
1 3 3 7.563 7.563
1 4 3 7.705 7.705
1 2 3 7.848 7.848
1 1 3 7.991 7.991
1 3 3 7.991 7.991
1 2 3 8.134 8.134
1 3 3 8.277 8.277
1 4 3 8.42 8.42
1 2 3 8.563 8.563
1 1 3 8.563 8.563
1 4 3 8.705 8.705
1 2 3 8.777 8.777
1 1 3 8.848 8.848
1 3 3 8.991 8.991
1 1 3 9.134 9.134
1 4 3 9.134 9.134
1 2 3 9.277 9.277
1 4 3 9.42 9.42
1 3 3 9.563 9.563
1 2 3 9.705 9.705
1 1 3 9.705 9.705
1 3 3 9.848 9.848
1 2 3 9.991 9.991
1 1 3 10.134 10.134
1 3 3 10.277 10.277
1 4 3 10.277 10.277
1 2 3 10.42 10.42
1 3 3 10.563 10.563
1 1 3 10.705 10.705
1 2 3 10.848 10.848
1 4 3 10.848 10.848
1 3 3 10.991 10.991
1 1 3 11.134 11.134
1 3 3 11.205 11.205
1 2 3 11.277 11.277
1 4 3 11.42 11.42
1 1 3 11.42 11.42
1 3 3 11.563 11.563
1 2 3 11.705 11.705
1 4 3 11.848 11.848
1 2 3 11.991 11.991
1 1 3 11.991 11.991
1 3 3 12.134 12.134
2 4 3 12.205 12.348
2 1 3 12.277 12.348
1 3 3 12.348 12.348
1 2 3 12.42 12.42
1 3 3 12.491 12.491
2 1 3 12.563 13.134
1 4 3 12.563 12.563
2 2 3 12.563 12.848
2 4 3 13.134 13.277
1 3 3 13.277 13.277
2 3 3 13.42 13.563
1 4 3 13.563 13.563
1 4 3 13.705 13.705
1 2 3 13.705 13.705
2 1 3 13.705 14.848
2 4 3 13.991 14.277
1 3 3 14.277 14.277
1 2 3 14.277 14.277
1 4 3 14.42 14.42
1 4 3 14.563 14.563
1 4 3 14.705 14.705
2 3 3 14.848 15.991
1 2 3 14.848 14.848
1 1 3 14.991 14.991
1 1 3 15.134 15.134
1 1 3 15.277 15.277
1 2 3 15.42 15.42
1 4 3 15.42 15.42
1 1 3 15.705 15.705
1 4 3 15.777 15.777
1 1 3 15.848 15.848
1 4 3 15.92 15.92
2 2 3 15.991 17.134
1 1 3 15.991 15.991
1 4 3 16.134 16.134
2 3 3 16.277 16.348
2 3 3 16.42 16.491
1 1 3 16.563 16.563
1 4 3 16.563 16.563
1 3 3 16.705 16.705
1 4 3 16.848 16.848
1 3 3 16.92 16.92
1 4 3 16.991 16.991
1 3 3 17.063 17.063
2 1 3 17.134 18.277
1 4 3 17.134 17.134
2 4 3 17.42 17.705
1 3 3 17.705 17.705
1 2 3 17.705 17.705
1 4 3 17.848 17.848
1 4 3 17.991 17.991
1 4 3 18.134 18.134
2 4 3 18.277 19.42
1 2 3 18.277 18.277
1 3 3 18.277 18.277
2 1 3 18.563 18.848
1 2 3 18.848 18.848
1 3 3 18.848 18.848
1 1 3 18.991 18.991
1 1 3 19.134 19.134
1 1 3 19.277 19.277
2 3 3 19.42 20.563
1 2 3 19.42 19.42
1 4 3 19.563 19.563
1 2 3 19.705 19.705
1 2 3 19.848 19.848
1 1 3 19.991 19.991
1 4 3 19.991 19.991
1 2 3 20.134 20.134
1 2 3 20.277 20.277
1 2 3 20.42 20.42
2 2 3 20.563 21.42
1 4 3 20.563 20.563
1 1 3 20.563 20.563
1 4 3 20.705 20.705
2 3 3 20.848 20.92
1 4 3 20.991 20.991
1 1 3 21.134 21.134
1 3 3 21.134 21.134
1 4 3 21.277 21.277
1 4 3 21.42 21.42
1 3 3 21.42 21.42
1 1 3 21.491 21.491
1 2 3 21.563 21.563
1 3 3 21.563 21.563
1 4 3 21.634 21.634
1 2 3 21.705 21.705
1 1 3 21.705 21.705
1 2 3 21.991 21.991
1 1 3 21.991 21.991
1 4 3 22.063 22.063
1 3 3 22.134 22.134
1 2 3 22.134 22.134
1 1 3 22.205 22.205
1 3 3 22.277 22.277
1 4 3 22.277 22.277
2 1 3 22.848 23.42
1 4 3 22.848 22.848
1 4 3 23.134 23.134
2 3 3 23.42 23.991
1 2 3 23.42 23.42
1 2 3 23.705 23.705
2 4 3 23.991 24.563
1 1 3 23.991 23.991
1 1 3 24.277 24.277
2 2 3 24.563 24.848
1 3 3 24.563 24.563
1 3 3 24.848 24.848
2 4 3 24.848 24.991
2 2 3 24.991 25.134
2 1 3 25.134 25.705
1 4 3 25.134 25.134
1 4 3 25.42 25.42
2 2 3 25.705 26.277
1 3 3 25.705 25.705
1 3 3 25.991 25.991
2 4 3 26.277 26.848
1 1 3 26.277 26.277
1 1 3 26.563 26.563
2 3 3 26.848 27.42
1 2 3 26.848 26.848
1 1 3 27.134 27.134
1 2 3 27.277 27.277
1 1 3 27.42 27.42
1 2 3 27.42 27.42
1 4 3 27.42 27.42
1 2 3 27.563 27.563
1 1 3 27.563 27.563
1 3 3 27.705 27.705
1 4 3 27.705 27.705
1 4 3 27.848 27.848
1 3 3 27.848 27.848
1 2 3 27.991 27.991
1 1 3 27.991 27.991
1 1 3 28.134 28.134
1 2 3 28.134 28.134
1 3 3 28.277 28.277
1 4 3 28.277 28.277
1 4 3 28.42 28.42
1 3 3 28.42 28.42
1 1 3 28.563 28.563
1 4 3 28.563 28.563
1 1 3 28.705 28.705
1 4 3 28.705 28.705
1 3 3 28.848 28.848
1 2 3 28.848 28.848
1 3 3 28.991 28.991
1 2 3 28.991 28.991
1 1 3 29.134 29.134
1 4 3 29.134 29.134
1 1 3 29.277 29.277
1 4 3 29.277 29.277
1 2 3 29.42 29.42
1 3 3 29.42 29.42
1 3 3 29.563 29.563
1 2 3 29.563 29.563
1 1 3 29.705 29.705
1 2 3 29.705 29.705
1 3 3 29.777 29.777
1 4 3 29.848 29.848
1 1 3 29.848 29.848
1 2 3 29.92 29.92
1 3 3 29.991 29.991
1 4 3 29.991 29.991
1 1 3 30.063 30.063
1 3 3 30.134 30.134
1 2 3 30.134 30.134
1 4 3 30.205 30.205
2 1 3 30.277 30.348
2 2 3 30.277 30.348
2 3 3 30.348 30.42
2 4 3 30.42 30.491
2 1 3 30.42 30.491
2 2 3 30.491 30.563
2 3 3 30.563 30.634
2 4 3 30.563 30.634
2 1 3 30.634 30.705
2 2 3 30.705 30.777
2 3 3 30.705 30.777
2 4 3 30.777 30.848
1 2 3 30.848 30.848
1 1 3 30.848 30.848
2 4 3 31.42 31.563
1 1 3 31.42 31.42
2 3 3 31.42 31.563
1 2 3 31.563 31.563
2 1 3 31.705 31.848
2 2 3 31.705 31.848
1 3 3 31.848 31.848
2 3 3 31.991 32.134
2 4 3 31.991 32.134
1 1 3 31.991 31.991
1 1 3 32.277 32.277
1 4 3 32.277 32.277
1 2 3 32.277 32.277
1 3 3 32.348 32.348
1 2 3 32.42 32.42
1 3 3 32.491 32.491
1 4 3 32.563 32.563
1 1 3 32.563 32.563
1 3 3 32.634 32.634
1 2 3 32.705 32.705
1 3 3 32.777 32.777
1 4 3 32.848 32.848
1 1 3 32.848 32.848
1 3 3 32.92 32.92
1 2 3 32.991 32.991
1 3 3 33.063 33.063
1 4 3 33.134 33.134
1 1 3 33.134 33.134
1 2 3 33.205 33.205
1 3 3 33.277 33.277
1 2 3 33.348 33.348
1 1 3 33.42 33.42
1 4 3 33.42 33.42
1 2 3 33.491 33.491
1 3 3 33.563 33.563
1 2 3 33.634 33.634
1 1 3 33.705 33.705
1 4 3 33.705 33.705
1 2 3 33.777 33.777
1 3 3 33.848 33.848
1 2 3 33.92 33.92
1 1 3 33.991 33.991
1 4 3 33.991 33.991
1 2 3 34.063 34.063
1 3 3 34.134 34.134
1 2 3 34.205 34.205
1 1 3 34.277 34.277
1 4 3 34.277 34.277
1 3 3 34.348 34.348
1 4 3 34.42 34.42
1 2 3 34.491 34.491
1 1 3 34.563 34.563
1 4 3 34.563 34.563
1 3 3 34.634 34.634
1 4 3 34.705 34.705
1 2 3 34.777 34.777
1 1 3 34.848 34.848
1 4 3 34.848 34.848
1 3 3 34.92 34.92
1 4 3 34.991 34.991
1 2 3 35.063 35.063
1 1 3 35.134 35.134
1 4 3 35.134 35.134
1 3 3 35.205 35.205
1 4 3 35.277 35.277
1 2 3 35.348 35.348
1 1 3 35.42 35.42
1 4 3 35.42 35.42
1 3 3 35.491 35.491
1 2 3 35.563 35.563
1 3 3 35.634 35.634
1 1 3 35.705 35.705
1 4 3 35.705 35.705
1 2 3 35.777 35.777
1 3 3 35.848 35.848
1 2 3 35.92 35.92
1 1 3 35.991 35.991
2 4 3 35.991 36.134
1 3 3 36.063 36.063
1 2 3 36.134 36.134
1 1 3 36.205 36.205
1 3 3 36.277 36.277
2 2 3 36.277 36.42
1 4 3 36.348 36.348
1 1 3 36.42 36.42
1 3 3 36.491 36.491
1 4 3 36.563 36.563
2 1 3 36.563 36.705
1 3 3 36.634 36.634
1 2 3 36.705 36.705
1 4 3 36.777 36.777
1 2 3 36.848 36.848
1 1 3 36.848 36.848
1 3 3 36.848 36.848
1 4 3 36.92 36.92
1 3 3 36.991 36.991
1 4 3 37.063 37.063
1 2 3 37.134 37.134
1 1 3 37.134 37.134
1 4 3 37.205 37.205
1 3 3 37.277 37.277
1 4 3 37.348 37.348
1 1 3 37.42 37.42
1 2 3 37.42 37.42
1 4 3 37.491 37.491
1 3 3 37.563 37.563
1 4 3 37.634 37.634
1 1 3 37.705 37.705
1 3 3 37.705 37.705
1 2 3 37.777 37.777
1 4 3 37.848 37.848
1 2 3 37.92 37.92
1 1 3 37.991 37.991
1 3 3 37.991 37.991
1 2 3 38.063 38.063
1 4 3 38.134 38.134
1 2 3 38.205 38.205
1 1 3 38.277 38.277
1 3 3 38.277 38.277
1 2 3 38.348 38.348
1 4 3 38.42 38.42
1 2 3 38.491 38.491
1 1 3 38.563 38.563
1 3 3 38.563 38.563
1 2 3 38.634 38.634
1 4 3 38.705 38.705
1 2 3 38.777 38.777
1 1 3 38.848 38.848
1 4 3 38.848 38.848
1 3 3 38.92 38.92
1 2 3 38.991 38.991
1 1 3 38.991 38.991
1 3 3 39.063 39.063
1 1 3 39.134 39.134
1 4 3 39.134 39.134
1 2 3 39.205 39.205
1 3 3 39.277 39.277
1 4 3 39.277 39.277
1 2 3 39.348 39.348
1 1 3 39.42 39.42
1 4 3 39.42 39.42
1 3 3 39.491 39.491
1 2 3 39.563 39.563
1 1 3 39.563 39.563
1 3 3 39.634 39.634
1 1 3 39.705 39.705
1 4 3 39.705 39.705
1 2 3 39.777 39.777
1 3 3 39.848 39.848
1 4 3 39.848 39.848
1 2 3 39.92 39.92
1 1 3 39.991 39.991
2 4 3 39.991 40.134
2 3 3 40.134 40.205
2 3 3 40.277 40.348
2 2 3 40.42 40.563
1 1 3 40.563 40.563
1 4 3 40.563 40.563
1 3 3 40.705 40.705
1 3 3 40.848 40.848
1 2 3 40.848 40.848
1 2 3 40.991 40.991
1 3 3 40.991 40.991
1 1 3 41.134 41.134
1 2 3 41.134 41.134
1 4 3 41.205 41.205
1 3 3 41.277 41.277
1 2 3 41.348 41.348
1 1 3 41.42 41.42
1 4 3 41.42 41.42
1 3 3 41.491 41.491
1 2 3 41.563 41.563
1 4 3 41.634 41.634
1 2 3 41.705 41.705
1 3 3 41.705 41.705
1 1 3 41.777 41.777
1 2 3 41.848 41.848
1 3 3 41.92 41.92
1 4 3 41.991 41.991
1 1 3 41.991 41.991
1 3 3 42.063 42.063
1 2 3 42.134 42.134
1 3 3 42.205 42.205
1 4 3 42.277 42.277
1 2 3 42.277 42.277
1 1 3 42.348 42.348
1 3 3 42.42 42.42
1 2 3 42.491 42.491
1 1 3 42.563 42.563
1 4 3 42.563 42.563
1 3 3 42.634 42.634
1 2 3 42.705 42.705
1 4 3 42.777 42.777
1 1 3 42.848 42.848
1 3 3 42.848 42.848
1 2 3 42.92 42.92
1 4 3 42.991 42.991
1 3 3 43.063 43.063
1 1 3 43.134 43.134
1 4 3 43.134 43.134
1 2 3 43.205 43.205
1 3 3 43.277 43.277
1 1 3 43.348 43.348
1 3 3 43.42 43.42
1 4 3 43.42 43.42
1 2 3 43.491 43.491
1 1 3 43.563 43.563
1 3 3 43.634 43.634
1 1 3 43.705 43.705
1 4 3 43.705 43.705
1 2 3 43.777 43.777
1 3 3 43.848 43.848
1 4 3 43.92 43.92
1 2 3 43.991 43.991
1 1 3 43.991 43.991
1 4 3 44.063 44.063
1 3 3 44.134 44.134
1 2 3 44.205 44.205
1 4 3 44.277 44.277
1 1 3 44.277 44.277
1 3 3 44.348 44.348
1 2 3 44.42 44.42
1 3 3 44.491 44.491
1 1 3 44.563 44.563
1 2 3 44.563 44.563
1 4 3 44.634 44.634
1 3 3 44.705 44.705
1 2 3 44.777 44.777
1 4 3 44.848 44.848
2 1 3 44.848 45.134
1 3 3 44.92 44.92
1 2 3 44.991 44.991
1 4 3 45.063 45.063
1 3 3 45.134 45.134
1 2 3 45.134 45.134
1 4 3 45.205 45.205
1 1 3 45.277 45.277
1 2 3 45.348 45.348
1 1 3 45.42 45.42
1 4 3 45.42 45.42
1 3 3 45.491 45.491
1 2 3 45.563 45.563
1 4 3 45.634 45.634
1 1 3 45.705 45.705
1 3 3 45.705 45.705
1 2 3 45.777 45.777
1 3 3 45.848 45.848
1 2 3 45.92 45.92
1 4 3 45.991 45.991
1 1 3 45.991 45.991
1 3 3 46.063 46.063
1 2 3 46.134 46.134
1 1 3 46.205 46.205
1 4 3 46.277 46.277
1 3 3 46.277 46.277
1 1 3 46.348 46.348
1 3 3 46.42 46.42
1 2 3 46.491 46.491
1 4 3 46.563 46.563
1 1 3 46.563 46.563
1 3 3 46.634 46.634
1 2 3 46.705 46.705
1 1 3 46.777 46.777
1 2 3 46.848 46.848
1 3 3 46.848 46.848
1 4 3 46.92 46.92
1 1 3 46.991 46.991
1 3 3 47.063 47.063
1 1 3 47.134 47.134
1 4 3 47.134 47.134
1 2 3 47.205 47.205
1 3 3 47.277 47.277
1 4 3 47.348 47.348
1 1 3 47.42 47.42
1 2 3 47.42 47.42
1 3 3 47.491 47.491
1 1 3 47.563 47.563
1 2 3 47.634 47.634
1 4 3 47.705 47.705
1 1 3 47.705 47.705
1 3 3 47.777 47.777
1 2 3 47.848 47.848
1 1 3 47.92 47.92
1 4 3 47.991 47.991
1 3 3 47.991 47.991
1 2 3 48.063 48.063
1 4 3 48.134 48.134
1 3 3 48.205 48.205
1 1 3 48.277 48.277
1 4 3 48.277 48.277
1 2 3 48.348 48.348
1 3 3 48.42 48.42
1 1 3 48.491 48.491
1 2 3 48.563 48.563
1 3 3 48.563 48.563
1 4 3 48.634 48.634
1 3 3 48.705 48.705
1 2 3 48.777 48.777
1 1 3 48.848 48.848
1 4 3 48.848 48.848
1 3 3 48.92 48.92
1 1 3 48.991 48.991
1 2 3 49.063 49.063
1 4 3 49.134 49.134
1 3 3 49.134 49.134
1 2 3 49.205 49.205
1 1 3 49.277 49.277
1 4 3 49.277 49.277
1 3 3 49.348 49.348
1 2 3 49.42 49.42
1 1 3 49.42 49.42
1 4 3 49.491 49.491
1 2 3 49.563 49.563
1 3 3 49.563 49.563
1 1 3 49.634 49.634
1 3 3 49.705 49.705
1 4 3 49.705 49.705
1 1 3 49.777 49.777
1 2 3 49.777 49.777
1 3 3 49.848 49.848
1 4 3 49.848 49.848
1 1 3 49.92 49.92
1 2 3 49.92 49.92
1 4 3 49.991 49.991
1 3 3 50.027 50.027
1 2 3 50.063 50.063
1 1 3 50.098 50.098
1 4 3 50.134 50.134
1 3 3 50.17 50.17
1 2 3 50.205 50.205
1 1 3 50.241 50.241
1 3 3 50.277 50.277
2 4 3 50.277 50.563
1 1 3 50.563 50.563
1 2 3 50.705 50.705
1 1 3 50.848 50.848
1 3 3 50.848 50.848
1 4 3 50.848 50.848
1 4 3 50.991 50.991
1 3 3 51.027 51.027
1 4 3 51.134 51.134
1 3 3 51.17 51.17
1 4 3 51.277 51.277
1 3 3 51.313 51.313
1 2 3 51.42 51.42
1 1 3 51.42 51.42
2 3 3 51.563 51.634
2 3 3 51.705 51.777
2 1 3 51.848 51.92
1 3 3 51.991 51.991
1 4 3 51.991 51.991
2 2 3 51.991 52.063
2 2 3 52.134 52.205
1 3 3 52.277 52.277
2 4 3 52.277 52.42
1 3 3 52.42 52.42
1 2 3 52.563 52.563
2 1 3 52.563 53.348
2 4 3 52.563 53.348
1 1 3 54.848 54.848
1 4 3 54.848 54.848
1 2 3 54.848 54.848
2 3 3 55.063 55.277
1 2 3 55.134 55.134
1 1 3 55.277 55.277
1 2 3 55.277 55.277
1 4 3 55.277 55.277
2 2 3 55.491 55.705
1 3 3 55.563 55.563
1 4 3 55.705 55.705
1 3 3 55.705 55.705
1 1 3 55.705 55.705
2 3 3 55.92 56.134
1 2 3 55.991 55.991
1 2 3 56.134 56.134
1 1 3 56.134 56.134
1 4 3 56.134 56.134
1 1 3 56.348 56.348
1 2 3 56.348 56.348
1 3 3 56.348 56.348
1 4 3 56.42 56.42
1 3 3 56.563 56.563
1 4 3 56.563 56.563
1 2 3 56.563 56.563
1 1 3 56.705 56.705
1 3 3 56.848 56.848
1 4 3 56.848 56.848
1 2 3 56.848 56.848
1 4 3 56.991 56.991
1 3 3 56.991 56.991
1 4 3 57.134 57.134
1 2 3 57.134 57.134
1 1 3 57.134 57.134
1 2 3 57.277 57.277
1 1 3 57.42 57.42
1 3 3 57.42 57.42
1 4 3 57.42 57.42
1 3 3 57.563 57.563
1 4 3 57.705 57.705
1 2 3 57.705 57.705
1 1 3 57.705 57.705
1 4 3 57.848 57.848
1 3 3 57.991 57.991
1 2 3 57.991 57.991
1 1 3 57.991 57.991
1 3 3 58.134 58.134
1 1 3 58.134 58.134
1 2 3 58.205 58.205
1 1 3 58.277 58.277
1 3 3 58.277 58.277
1 4 3 58.277 58.277
1 3 3 58.42 58.42
1 4 3 58.42 58.42
1 2 3 58.563 58.563
1 1 3 58.705 58.705
1 4 3 58.705 58.705
1 3 3 58.777 58.777
1 2 3 58.777 58.777
1 1 3 58.848 58.848
1 4 3 58.848 58.848
1 2 3 58.991 58.991
1 3 3 58.991 58.991
1 1 3 59.063 59.063
1 4 3 59.063 59.063
1 2 3 59.134 59.134
1 3 3 59.134 59.134
1 4 3 59.277 59.277
1 1 3 59.277 59.277
1 1 3 59.42 59.42
1 3 3 59.42 59.42
1 4 3 59.42 59.42
1 3 3 59.563 59.563
1 4 3 59.705 59.705
1 2 3 59.705 59.705
1 1 3 59.705 59.705
1 1 3 59.848 59.848
1 2 3 59.991 59.991
1 3 3 59.991 59.991
1 4 3 59.991 59.991
1 4 3 60.134 60.134
1 3 3 60.277 60.277
1 1 3 60.277 60.277
1 2 3 60.277 60.277
1 3 3 60.42 60.42
1 2 3 60.563 60.563
1 1 3 60.563 60.563
1 4 3 60.563 60.563
1 1 3 60.705 60.705
1 2 3 60.848 60.848
1 3 3 60.848 60.848
1 4 3 60.848 60.848
1 2 3 60.991 60.991
1 1 3 61.134 61.134
1 3 3 61.134 61.134
1 4 3 61.134 61.134
1 3 3 61.277 61.277
1 4 3 61.42 61.42
1 2 3 61.42 61.42
1 1 3 61.42 61.42
1 2 3 61.563 61.563
1 3 3 61.705 61.705
1 4 3 61.705 61.705
1 1 3 61.705 61.705
1 2 3 61.848 61.848
1 3 3 61.991 61.991
1 1 3 61.991 61.991
1 4 3 61.991 61.991
1 2 3 62.063 62.063
1 3 3 62.134 62.134
1 1 3 62.277 62.277
1 2 3 62.277 62.277
1 4 3 62.277 62.277
1 3 3 62.42 62.42
1 2 3 62.491 62.491
1 4 3 62.563 62.563
1 1 3 62.563 62.563
1 3 3 62.563 62.563
1 4 3 62.705 62.705
1 1 3 62.705 62.705
1 2 3 62.848 62.848
1 3 3 62.848 62.848
1 4 3 62.848 62.848
1 1 3 62.991 62.991
1 4 3 63.134 63.134
1 3 3 63.134 63.134
1 2 3 63.134 63.134
1 1 3 63.277 63.277
1 2 3 63.313 63.313
1 3 3 63.348 63.348
1 4 3 63.384 63.384
1 2 3 63.42 63.42
1 1 3 63.42 63.42
1 4 3 63.563 63.563
1 3 3 63.598 63.598
1 2 3 63.634 63.634
1 1 3 63.67 63.67
1 3 3 63.705 63.705
1 4 3 63.705 63.705
2 1 3 63.848 63.991
1 4 3 63.991 63.991
1 2 3 64.063 64.063
1 3 3 64.134 64.134
1 1 3 64.205 64.205
2 2 3 64.277 64.42
2 3 3 64.277 64.42
1 4 3 64.563 64.563
1 1 3 64.563 64.563
1 3 3 64.634 64.634
1 2 3 64.705 64.705
1 4 3 64.777 64.777
1 1 3 64.848 64.848
1 3 3 64.92 64.92
1 2 3 64.991 64.991
1 4 3 64.991 64.991
1 1 3 65.063 65.063
1 3 3 65.134 65.134
1 4 3 65.205 65.205
1 2 3 65.277 65.277
1 3 3 65.348 65.348
1 1 3 65.42 65.42
1 2 3 65.42 65.42
1 4 3 65.491 65.491
1 3 3 65.563 65.563
1 1 3 65.634 65.634
1 3 3 65.705 65.705
1 2 3 65.705 65.705
1 4 3 65.777 65.777
1 1 3 65.848 65.848
1 2 3 65.848 65.848
1 3 3 65.92 65.92
1 2 3 65.991 65.991
1 1 3 66.063 66.063
1 3 3 66.134 66.134
1 4 3 66.205 66.205
1 2 3 66.277 66.277
1 1 3 66.277 66.277
1 3 3 66.277 66.277
1 2 3 66.42 66.42
1 1 3 66.563 66.563
1 3 3 66.563 66.563
1 4 3 66.563 66.563
1 3 3 66.705 66.705
1 4 3 66.848 66.848
1 2 3 66.848 66.848
1 1 3 66.848 66.848
1 4 3 66.991 66.991
1 2 3 67.134 67.134
1 3 3 67.134 67.134
1 1 3 67.134 67.134
1 2 3 67.277 67.277
1 1 3 67.277 67.277
1 4 3 67.348 67.348
1 2 3 67.42 67.42
1 3 3 67.42 67.42
1 1 3 67.491 67.491
1 4 3 67.563 67.563
1 3 3 67.563 67.563
1 2 3 67.634 67.634
1 1 3 67.848 67.848
1 2 3 67.848 67.848
1 3 3 67.92 67.92
1 2 3 67.991 67.991
1 1 3 67.991 67.991
1 3 3 68.134 68.134
1 4 3 68.134 68.134
1 2 3 68.205 68.205
1 3 3 68.277 68.277
1 4 3 68.277 68.277
1 1 3 68.42 68.42
1 2 3 68.42 68.42
1 3 3 68.491 68.491
1 2 3 68.563 68.563
1 1 3 68.563 68.563
2 4 3 68.563 68.705
1 3 3 68.705 68.705
2 2 3 68.848 68.991
1 1 3 68.991 68.991
2 3 3 69.134 69.277
1 4 3 69.277 69.277
2 1 3 69.42 69.563
1 4 3 69.563 69.563
2 3 3 69.705 69.848
1 1 3 69.848 69.848
2 2 3 69.991 70.134
1 4 3 70.134 70.134
2 3 3 70.277 70.42
1 2 3 70.42 70.42
2 4 3 70.563 70.705
1 1 3 70.705 70.705
2 2 3 70.848 70.991
1 3 3 70.991 70.991
1 4 3 71.134 71.134
2 3 3 71.277 71.42
1 1 3 71.42 71.42
1 2 3 71.563 71.563
2 1 3 71.705 71.848
1 3 3 71.848 71.848
2 4 3 71.991 72.277
1 2 3 71.991 71.991
1 1 3 72.134 72.134
1 2 3 72.277 72.277
1 3 3 72.42 72.42
1 2 3 72.563 72.563
1 1 3 72.563 72.563
1 4 3 72.705 72.705
1 3 3 72.705 72.705
1 3 3 72.848 72.848
1 2 3 72.848 72.848
1 2 3 72.991 72.991
1 1 3 72.991 72.991
1 1 3 73.134 73.134
2 4 3 73.134 73.277
1 3 3 73.134 73.134
1 2 3 73.277 73.277
2 1 3 73.42 73.563
1 3 3 73.563 73.563
2 4 3 73.705 73.848
2 3 3 73.848 73.991
1 2 3 73.991 73.991
1 4 3 74.134 74.134
2 2 3 74.277 74.42
1 1 3 74.277 74.277
1 4 3 74.42 74.42
2 3 3 74.563 74.705
1 2 3 74.563 74.563
1 4 3 74.705 74.705
2 2 3 74.848 74.991
1 1 3 74.848 74.848
1 4 3 74.991 74.991
1 3 3 75.134 75.134
2 1 3 75.134 75.277
1 2 3 75.277 75.277
2 4 3 75.42 75.563
1 1 3 75.42 75.42
1 3 3 75.563 75.563
1 2 3 75.705 75.705
2 1 3 75.848 75.991
1 3 3 75.991 75.991
1 2 3 76.134 76.134
2 4 3 76.277 76.42
1 3 3 76.42 76.42
2 2 3 76.563 76.848
1 4 3 76.705 76.705
1 3 3 76.848 76.848
1 1 3 76.991 76.991
2 4 3 77.134 77.277
1 3 3 77.277 77.277
2 1 3 77.42 77.563
1 2 3 77.563 77.563
2 4 3 77.705 77.848
1 1 3 77.705 77.705
1 3 3 77.705 77.705
1 2 3 77.848 77.848
2 3 3 77.991 78.134
1 4 3 77.991 77.991
1 1 3 78.134 78.134
2 2 3 78.277 78.42
1 4 3 78.277 78.277
1 3 3 78.42 78.42
2 1 3 78.563 78.705
1 2 3 78.563 78.563
1 4 3 78.705 78.705
2 3 3 78.848 78.991
1 2 3 78.848 78.848
1 4 3 78.991 78.991
2 1 3 79.134 79.277
1 2 3 79.134 79.134
1 4 3 79.277 79.277
2 2 3 79.42 79.563
1 3 3 79.42 79.42
1 1 3 79.563 79.563
2 4 3 79.705 79.848
1 3 3 79.705 79.705
1 1 3 79.848 79.848
2 3 3 79.991 80.134
1 2 3 79.991 79.991
1 4 3 80.134 80.134
1 1 3 80.277 80.277
2 2 3 80.42 80.563
1 3 3 80.42 80.42
1 4 3 80.563 80.563
1 1 3 80.705 80.705
2 3 3 80.848 80.991
1 4 3 80.848 80.848
1 2 3 80.991 80.991
2 4 3 81.134 81.42
1 1 3 81.134 81.134
1 2 3 81.277 81.277
1 3 3 81.42 81.42
1 2 3 81.563 81.563
2 3 3 81.705 81.848
1 1 3 81.705 81.705
2 4 3 81.848 81.991
2 2 3 81.991 82.134
1 3 3 81.991 81.991
2 1 3 82.134 82.277
2 4 3 82.277 82.42
1 3 3 82.277 82.277
1 2 3 82.277 82.277
1 1 3 82.42 82.42
2 2 3 82.563 82.705
1 4 3 82.563 82.563
1 3 3 82.705 82.705
2 4 3 82.848 82.991
1 1 3 82.848 82.848
2 3 3 82.991 83.134
1 1 3 83.134 83.134
1 2 3 83.277 83.277
1 4 3 83.42 83.42
2 1 3 83.42 83.563
1 2 3 83.563 83.563
2 3 3 83.705 83.848
1 1 3 83.705 83.705
1 4 3 83.848 83.848
2 2 3 83.991 84.134
1 3 3 83.991 83.991
1 1 3 84.134 84.134
2 3 3 84.277 84.42
1 4 3 84.277 84.277
1 2 3 84.42 84.42
2 4 3 84.563 86.277
2 1 3 84.563 84.705
1 2 3 84.705 84.705
1 3 3 84.848 84.848
2 2 3 84.991 85.134
1 1 3 85.134 85.134
1 3 3 85.277 85.277
2 1 3 85.42 85.563
1 2 3 85.563 85.563
2 3 3 85.705 85.991
1 1 3 85.705 85.705
1 2 3 85.848 85.848
1 1 3 85.991 85.991
1 3 3 86.134 86.134
2 1 3 86.277 86.42
2 2 3 86.277 86.42
2 4 3 86.563 86.705
2 3 3 86.563 86.705
1 4 3 86.848 86.848
2 1 3 86.848 86.991
2 2 3 86.848 86.991
1 3 3 86.991 86.991
1 4 3 87.063 87.063
1 1 3 87.134 87.134
1 3 3 87.134 87.134
1 2 3 87.134 87.134
1 2 3 87.277 87.277
1 3 3 87.348 87.348
1 2 3 87.42 87.42
1 4 3 87.42 87.42
1 1 3 87.42 87.42
1 1 3 87.563 87.563
1 2 3 87.634 87.634
1 4 3 87.705 87.705
1 1 3 87.705 87.705
1 3 3 87.705 87.705
1 2 3 87.848 87.848
1 3 3 87.92 87.92
1 1 3 87.991 87.991
1 2 3 87.991 87.991
1 4 3 87.991 87.991
1 3 3 88.134 88.134
1 1 3 88.205 88.205
1 4 3 88.277 88.277
1 2 3 88.277 88.277
1 3 3 88.277 88.277
1 2 3 88.42 88.42
1 1 3 88.563 88.563
1 3 3 88.563 88.563
1 4 3 88.563 88.563
1 4 3 88.705 88.705
1 3 3 88.848 88.848
1 2 3 88.848 88.848
1 1 3 88.848 88.848
1 1 3 88.991 88.991
1 3 3 89.063 89.063
1 2 3 89.134 89.134
1 1 3 89.134 89.134
1 4 3 89.134 89.134
1 3 3 89.277 89.277
1 1 3 89.348 89.348
1 2 3 89.42 89.42
1 3 3 89.42 89.42
1 4 3 89.42 89.42
1 4 3 89.563 89.563
1 2 3 89.634 89.634
1 1 3 89.705 89.705
1 3 3 89.705 89.705
1 4 3 89.705 89.705
1 1 3 89.848 89.848
1 4 3 89.991 89.991
1 2 3 89.991 89.991
1 3 3 89.991 89.991
1 4 3 90.134 90.134
1 2 3 90.205 90.205
1 3 3 90.277 90.277
1 4 3 90.277 90.277
1 1 3 90.277 90.277
1 2 3 90.42 90.42
1 1 3 90.563 90.563
1 4 3 90.563 90.563
1 3 3 90.563 90.563
1 3 3 90.705 90.705
1 2 3 90.777 90.777
2 1 3 90.848 90.991
1 3 3 90.848 90.848
1 4 3 90.848 90.848
1 2 3 90.991 90.991
2 4 3 91.134 91.277
1 2 3 91.134 91.134
1 1 3 91.134 91.134
1 2 3 91.277 91.277
1 3 3 91.277 91.277
2 1 3 91.42 91.563
1 3 3 91.42 91.42
1 4 3 91.42 91.42
1 2 3 91.491 91.491
1 4 3 91.563 91.563
1 3 3 91.634 91.634
1 4 3 91.705 91.705
1 2 3 91.705 91.705
1 1 3 91.705 91.705
1 3 3 91.777 91.777
1 2 3 91.848 91.848
1 1 3 91.92 91.92
1 2 3 91.991 91.991
1 3 3 91.991 91.991
1 4 3 91.991 91.991
1 1 3 92.063 92.063
1 3 3 92.134 92.134
1 2 3 92.205 92.205
1 4 3 92.277 92.277
1 3 3 92.277 92.277
1 1 3 92.277 92.277
1 2 3 92.348 92.348
1 3 3 92.42 92.42
1 4 3 92.491 92.491
1 3 3 92.563 92.563
1 2 3 92.563 92.563
1 1 3 92.563 92.563
1 2 3 92.705 92.705
1 3 3 92.777 92.777
1 1 3 92.848 92.848
1 2 3 92.848 92.848
1 4 3 92.848 92.848
1 4 3 92.991 92.991
1 2 3 93.134 93.134
1 1 3 93.134 93.134
1 3 3 93.134 93.134
1 2 3 93.277 93.277
1 3 3 93.42 93.42
1 4 3 93.42 93.42
1 1 3 93.42 93.42
1 4 3 93.563 93.563
1 2 3 93.634 93.634
1 3 3 93.705 93.705
1 1 3 93.705 93.705
1 4 3 93.705 93.705
1 1 3 93.848 93.848
1 2 3 93.92 93.92
1 1 3 93.991 93.991
1 3 3 93.991 93.991
1 4 3 93.991 93.991
1 4 3 94.134 94.134
1 2 3 94.205 94.205
1 4 3 94.277 94.277
1 3 3 94.277 94.277
1 1 3 94.277 94.277
1 1 3 94.42 94.42
1 2 3 94.563 94.563
1 3 3 94.563 94.563
1 4 3 94.563 94.563
1 3 3 94.705 94.705
1 2 3 94.777 94.777
1 4 3 94.848 94.848
1 3 3 94.848 94.848
1 1 3 94.848 94.848
1 4 3 94.991 94.991
1 1 3 94.991 94.991
1 2 3 95.134 95.134
1 1 3 95.277 95.277
1 4 3 95.277 95.277
1 3 3 95.348 95.348
1 2 3 95.348 95.348
1 4 3 95.42 95.42
2 1 3 95.42 95.563
1 4 3 95.563 95.563
1 3 3 95.563 95.563
1 2 3 95.634 95.634
1 1 3 95.634 95.634
1 3 3 95.705 95.705
2 4 3 95.705 95.848
1 2 3 95.848 95.848
1 1 3 95.848 95.848
1 3 3 95.991 95.991
1 4 3 95.991 95.991
2 1 3 95.991 96.134
1 2 3 96.063 96.063
1 3 3 96.134 96.134
1 4 3 96.205 96.205
1 3 3 96.277 96.277
1 1 3 96.277 96.277
1 2 3 96.277 96.277
1 4 3 96.348 96.348
1 1 3 96.42 96.42
1 2 3 96.491 96.491
1 1 3 96.563 96.563
1 3 3 96.563 96.563
1 4 3 96.563 96.563
1 2 3 96.634 96.634
1 3 3 96.705 96.705
1 4 3 96.777 96.777
1 3 3 96.848 96.848
1 2 3 96.848 96.848
1 1 3 96.848 96.848
1 1 3 96.991 96.991
1 3 3 97.063 97.063
1 1 3 97.134 97.134
1 2 3 97.134 97.134
1 4 3 97.134 97.134
1 3 3 97.277 97.277
1 2 3 97.348 97.348
1 4 3 97.42 97.42
1 3 3 97.42 97.42
1 1 3 97.42 97.42
1 4 3 97.563 97.563
1 3 3 97.705 97.705
1 2 3 97.705 97.705
1 1 3 97.705 97.705
1 2 3 97.848 97.848
1 1 3 97.991 97.991
1 3 3 97.991 97.991
1 4 3 97.991 97.991
1 1 3 98.134 98.134
1 2 3 98.205 98.205
1 1 3 98.277 98.277
1 3 3 98.277 98.277
1 4 3 98.277 98.277
1 4 3 98.42 98.42
1 2 3 98.491 98.491
1 4 3 98.563 98.563
1 3 3 98.563 98.563
1 1 3 98.563 98.563
1 2 3 98.705 98.705
1 3 3 98.777 98.777
1 1 3 98.848 98.848
1 4 3 98.848 98.848
1 2 3 98.848 98.848
1 3 3 98.991 98.991
1 4 3 99.134 99.134
1 2 3 99.134 99.134
1 1 3 99.134 99.134
1 2 3 99.277 99.277
1 4 3 99.348 99.348
1 3 3 99.42 99.42
1 2 3 99.42 99.42
1 1 3 99.42 99.42
1 1 3 99.563 99.563
1 2 3 99.705 99.705
1 3 3 99.705 99.705
1 4 3 99.705 99.705
1 3 3 99.848 99.848
1 2 3 99.92 99.92
2 4 3 99.991 100.134
1 3 3 99.991 99.991
1 1 3 99.991 99.991
1 2 3 100.134 100.134
2 1 3 100.277 100.42
1 3 3 100.277 100.277
1 4 3 100.277 100.277
1 3 3 100.42 100.42
1 2 3 100.42 100.42
2 4 3 100.563 100.705
1 2 3 100.563 100.563
1 1 3 100.563 100.563
1 3 3 100.634 100.634
1 1 3 100.705 100.705
1 2 3 100.777 100.777
1 1 3 100.848 100.848
1 4 3 100.848 100.848
1 3 3 100.848 100.848
1 2 3 100.92 100.92
1 4 3 100.991 100.991
1 3 3 101.063 101.063
1 4 3 101.134 101.134
1 2 3 101.134 101.134
1 1 3 101.134 101.134
1 3 3 101.205 101.205
1 2 3 101.277 101.277
1 1 3 101.348 101.348
1 4 3 101.42 101.42
1 2 3 101.42 101.42
1 3 3 101.42 101.42
1 1 3 101.563 101.563
1 2 3 101.634 101.634
1 1 3 101.705 101.705
1 3 3 101.705 101.705
1 4 3 101.705 101.705
1 3 3 101.848 101.848
1 2 3 101.92 101.92
1 3 3 101.991 101.991
1 4 3 101.991 101.991
1 1 3 101.991 101.991
1 3 3 102.134 102.134
1 4 3 102.277 102.277
1 1 3 102.277 102.277
1 2 3 102.277 102.277
1 1 3 102.42 102.42
1 3 3 102.563 102.563
1 2 3 102.563 102.563
1 4 3 102.563 102.563
1 1 3 102.705 102.705
1 2 3 102.777 102.777
1 3 3 102.848 102.848
1 4 3 102.848 102.848
1 1 3 102.848 102.848
1 4 3 102.991 102.991
1 3 3 102.991 102.991
1 2 3 103.063 103.063
1 3 3 103.134 103.134
1 4 3 103.134 103.134
1 4 3 103.277 103.277
1 1 3 103.277 103.277
1 3 3 103.348 103.348
1 2 3 103.42 103.42
1 1 3 103.42 103.42
1 1 3 103.563 103.563
1 2 3 103.563 103.563
1 3 3 103.634 103.634
1 2 3 103.705 103.705
1 1 3 103.705 103.705
1 1 3 103.848 103.848
1 2 3 103.848 103.848
1 3 3 103.92 103.92
1 4 3 103.991 103.991
1 1 3 103.991 103.991
1 4 3 104.134 104.134
1 3 3 104.17 104.17
1 2 3 104.205 104.205
1 1 3 104.241 104.241
1 4 3 104.277 104.277
1 3 3 104.277 104.277
1 1 3 104.42 104.42
1 2 3 104.455 104.455
1 3 3 104.491 104.491
1 4 3 104.527 104.527
1 1 3 104.563 104.563
1 2 3 104.563 104.563
1 4 3 104.705 104.705
1 3 3 104.741 104.741
1 1 3 104.777 104.777
1 2 3 104.813 104.813
1 4 3 104.848 104.848
1 3 3 104.848 104.848
1 1 3 104.991 104.991
1 2 3 105.027 105.027
1 4 3 105.063 105.063
1 3 3 105.098 105.098
2 1 3 105.134 105.277
1 2 3 105.134 105.134
1 4 3 105.277 105.277
1 3 3 105.42 105.42
2 2 3 105.563 105.705
2 1 3 105.705 105.848
1 3 3 105.705 105.705
1 4 3 105.705 105.705
1 3 3 105.848 105.848
1 3 3 105.991 105.991
2 4 3 106.134 106.277
2 1 3 106.277 106.42
1 3 3 106.277 106.277
1 2 3 106.42 106.42
1 2 3 106.563 106.563
2 3 3 106.705 106.848
2 4 3 106.848 106.991
1 2 3 106.848 106.848
1 1 3 106.848 106.848
1 3 3 106.991 106.991
1 1 3 107.134 107.134
1 2 3 107.205 107.205
1 1 3 107.277 107.277
1 2 3 107.348 107.348
1 4 3 107.42 107.42
2 3 3 107.42 107.563
1 1 3 107.563 107.563
2 4 3 107.705 107.777
2 4 3 107.848 107.92
1 3 3 107.991 107.991
1 1 3 107.991 107.991
2 2 3 107.991 108.134
1 4 3 108.134 108.134
1 1 3 108.277 108.277
1 4 3 108.348 108.348
1 1 3 108.42 108.42
1 4 3 108.491 108.491
1 3 3 108.563 108.563
2 2 3 108.563 108.705
2 4 3 108.848 108.991
2 1 3 108.848 109.134
2 2 3 108.991 109.134
1 4 3 109.134 109.134
1 3 3 109.134 109.134
2 3 3 109.277 109.42
2 2 3 109.42 109.563
1 1 3 109.563 109.563
1 3 3 109.705 109.705
2 4 3 109.705 109.848
1 1 3 109.991 109.991
2 2 3 110.134 110.277
2 4 3 110.277 110.42
1 1 3 110.277 110.277
1 3 3 110.277 110.277
1 2 3 110.42 110.42
1 2 3 110.563 110.563
2 3 3 110.705 110.848
2 2 3 110.848 110.991
1 1 3 110.848 110.848
1 4 3 110.991 110.991
1 3 3 111.134 111.134
2 1 3 111.277 111.42
1 3 3 111.42 111.42
1 2 3 111.42 111.42
2 4 3 111.42 111.563
1 1 3 111.563 111.563
1 2 3 111.705 111.705
2 3 3 111.848 111.991
2 1 3 111.991 112.134
1 4 3 111.991 111.991
1 2 3 112.134 112.134
2 4 3 112.277 112.348
1 3 3 112.42 112.42
1 1 3 112.563 112.563
1 4 3 112.563 112.563
2 2 3 112.563 112.705
1 3 3 112.705 112.705
1 2 3 112.848 112.848
1 3 3 112.92 112.92
1 2 3 112.991 112.991
1 3 3 113.063 113.063
1 4 3 113.134 113.134
2 1 3 113.134 113.277
1 2 3 113.277 113.277
2 3 3 113.42 113.705
1 1 3 113.563 113.563
2 4 3 113.705 113.848
1 1 3 113.705 113.705
1 2 3 113.705 113.705
2 1 3 113.991 114.134
1 2 3 113.991 113.991
1 1 3 114.277 114.277
1 2 3 114.277 114.277
2 4 3 114.277 114.42
1 3 3 114.42 114.42
1 2 3 114.563 114.563
1 1 3 114.563 114.563
1 3 3 114.705 114.705
1 1 3 114.848 114.848
1 2 3 114.848 114.848
1 3 3 114.991 114.991
1 1 3 115.134 115.134
1 2 3 115.134 115.134
1 4 3 115.277 115.277
1 2 3 115.42 115.42
1 3 3 115.42 115.42
1 1 3 115.563 115.563
1 2 3 115.705 115.705
1 3 3 115.705 115.705
1 1 3 115.848 115.848
1 3 3 115.991 115.991
1 2 3 115.991 115.991
1 1 3 116.134 116.134
1 2 3 116.277 116.277
1 3 3 116.277 116.277
1 1 3 116.42 116.42
1 3 3 116.563 116.563
1 4 3 116.563 116.563
2 2 3 116.705 116.777
1 3 3 116.848 116.848
1 4 3 116.848 116.848
2 2 3 116.991 117.063
1 4 3 117.134 117.134
1 3 3 117.134 117.134
2 2 3 117.277 117.348
1 3 3 117.42 117.42
1 4 3 117.42 117.42
2 2 3 117.563 117.634
1 1 3 117.705 117.705
1 4 3 117.705 117.705
2 3 3 117.848 117.92
1 1 3 117.991 117.991
1 4 3 117.991 117.991
2 3 3 118.134 118.205
1 4 3 118.277 118.277
1 1 3 118.277 118.277
2 3 3 118.42 118.491
1 4 3 118.563 118.563
1 1 3 118.563 118.563
2 3 3 118.705 118.777
1 1 3 118.848 118.848
1 2 3 118.848 118.848
1 4 3 118.848 118.848
2 4 3 118.991 119.134
1 1 3 119.134 119.134
1 2 3 119.134 119.134
2 4 3 119.277 119.42
1 1 3 119.42 119.42
1 2 3 119.42 119.42
2 4 3 119.563 119.705
1 1 3 119.705 119.705
1 2 3 119.705 119.705
2 4 3 119.848 119.991
1 1 3 119.991 119.991
1 3 3 119.991 119.991
1 2 3 119.991 119.991
2 1 3 120.134 120.277
1 4 3 120.277 120.277
1 3 3 120.277 120.277
2 1 3 120.42 120.563
1 3 3 120.563 120.563
1 4 3 120.563 120.563
2 1 3 120.705 120.848
1 3 3 120.848 120.848
1 4 3 120.848 120.848
2 1 3 120.991 121.134
1 2 3 121.134 121.134
1 3 3 121.134 121.134
1 4 3 121.134 121.134
2 2 3 121.277 121.42
2 2 3 121.563 121.705
2 2 3 121.848 121.991
2 2 3 122.134 122.277
1 1 3 122.277 122.277
1 3 3 122.277 122.277
2 4 3 122.42 122.563
2 4 3 122.705 122.848
2 1 3 122.848 122.991
2 3 3 122.848 122.991
1 2 3 122.991 122.991
2 2 3 123.134 123.277
2 4 3 123.134 123.277
1 3 3 123.277 123.277
1 1 3 123.42 123.42
1 2 3 123.42 123.42
2 3 3 123.42 123.563
2 4 3 123.42 123.563
1 1 3 123.563 123.563
1 3 3 123.705 123.705
2 2 3 123.705 123.848
1 4 3 123.705 123.705
1 4 3 123.848 123.848
1 3 3 123.991 123.991
2 1 3 123.991 124.134
1 3 3 124.134 124.134
1 2 3 124.277 124.277
1 1 3 124.277 124.277
2 4 3 124.277 124.42
1 1 3 124.42 124.42
1 4 3 124.563 124.563
2 2 3 124.563 124.705
1 4 3 124.705 124.705
2 3 3 124.848 124.991
1 1 3 124.848 124.848
1 2 3 124.848 124.848
2 4 3 124.991 125.134
1 2 3 125.134 125.134
1 1 3 125.134 125.134
1 4 3 125.277 125.277
1 3 3 125.42 125.42
1 1 3 125.42 125.42
2 2 3 125.42 125.563
1 4 3 125.491 125.491
2 3 3 125.563 125.705
1 1 3 125.634 125.634
1 2 3 125.705 125.705
2 4 3 125.705 125.848
1 2 3 125.848 125.848
1 1 3 125.991 125.991
1 3 3 125.991 125.991
2 4 3 125.991 126.063
2 2 3 126.134 126.277
2 4 3 126.134 126.205
2 1 3 126.277 126.42
1 3 3 126.277 126.277
1 2 3 126.42 126.42
1 1 3 126.563 126.563
1 4 3 126.563 126.563
1 3 3 126.563 126.563
1 2 3 126.634 126.634
2 3 3 126.705 126.848
1 1 3 126.705 126.705
1 2 3 126.777 126.777
1 4 3 126.848 126.848
2 1 3 126.848 126.991
1 4 3 126.991 126.991
1 3 3 127.134 127.134
2 2 3 127.134 127.42
2 4 3 127.277 127.42
1 1 3 127.42 127.42
2 3 3 127.563 127.705
2 1 3 127.705 127.848
1 2 3 127.705 127.705
1 4 3 127.705 127.705
1 3 3 127.848 127.848
1 4 3 127.991 127.991
1 2 3 127.991 127.991
1 1 3 127.991 127.991
2 3 3 127.991 128.134
1 2 3 128.134 128.134
1 1 3 128.277 128.277
1 3 3 128.277 128.277
1 4 3 128.277 128.277
2 2 3 128.42 128.563
1 3 3 128.563 128.563
2 4 3 128.563 128.705
1 2 3 128.705 128.705
1 1 3 128.848 128.848
1 3 3 128.848 128.848
1 4 3 128.848 128.848
2 2 3 128.991 129.134
2 3 3 129.134 129.277
1 1 3 129.134 129.134
1 2 3 129.277 129.277
1 3 3 129.42 129.42
1 1 3 129.42 129.42
1 4 3 129.42 129.42
2 2 3 129.563 129.705
2 1 3 129.705 129.848
1 4 3 129.705 129.705
1 3 3 129.848 129.848
1 1 3 129.991 129.991
1 2 3 129.991 129.991
1 4 3 129.991 129.991
2 3 3 130.134 130.277
2 4 3 130.277 130.42
1 2 3 130.277 130.277
1 2 3 130.42 130.42
1 3 3 130.563 130.563
2 4 3 130.563 130.634
2 1 3 130.563 130.705
1 3 3 130.705 130.705
1 4 3 130.848 130.848
2 2 3 130.848 130.991
1 4 3 130.991 130.991
1 3 3 131.134 131.134
1 2 3 131.134 131.134
2 1 3 131.134 131.277
1 4 3 131.205 131.205
1 3 3 131.277 131.277
1 4 3 131.348 131.348
2 3 3 131.42 131.563
1 2 3 131.42 131.42
1 2 3 131.563 131.563
2 1 3 131.705 131.991
2 3 3 131.705 131.848
1 4 3 131.705 131.705
2 2 3 131.848 131.991
1 4 3 131.991 131.991
2 3 3 132.134 132.277
1 2 3 132.277 132.277
1 1 3 132.277 132.277
1 4 3 132.277 132.277
2 2 3 132.42 132.563
1 1 3 132.563 132.563
1 3 3 132.563 132.563
1 4 3 132.563 132.563
1 2 3 132.634 132.634
1 4 3 132.705 132.705
1 3 3 132.777 132.777
1 2 3 132.848 132.848
1 1 3 132.848 132.848
1 3 3 132.92 132.92
1 2 3 132.991 132.991
1 1 3 133.063 133.063
1 3 3 133.134 133.134
1 4 3 133.134 133.134
1 2 3 133.205 133.205
1 3 3 133.277 133.277
1 1 3 133.348 133.348
1 4 3 133.42 133.42
1 2 3 133.42 133.42
1 3 3 133.491 133.491
1 2 3 133.563 133.563
1 1 3 133.634 133.634
1 3 3 133.705 133.705
1 4 3 133.705 133.705
1 2 3 133.777 133.777
1 4 3 133.848 133.848
1 1 3 133.92 133.92
1 2 3 133.991 133.991
1 3 3 133.991 133.991
1 4 3 134.063 134.063
1 1 3 134.134 134.134
1 3 3 134.134 134.134
1 2 3 134.205 134.205
1 4 3 134.277 134.277
1 3 3 134.277 134.277
1 2 3 134.348 134.348
1 1 3 134.42 134.42
1 4 3 134.491 134.491
1 2 3 134.563 134.563
1 1 3 134.563 134.563
1 3 3 134.634 134.634
1 2 3 134.705 134.705
1 4 3 134.705 134.705
1 3 3 134.777 134.777
1 1 3 134.848 134.848
1 4 3 134.848 134.848
1 2 3 134.92 134.92
1 3 3 134.991 134.991
1 4 3 135.063 135.063
1 1 3 135.134 135.134
1 2 3 135.134 135.134
1 3 3 135.205 135.205
1 1 3 135.277 135.277
1 2 3 135.277 135.277
1 3 3 135.348 135.348
1 4 3 135.42 135.42
1 1 3 135.42 135.42
1 2 3 135.491 135.491
1 4 3 135.563 135.563
1 3 3 135.634 135.634
1 2 3 135.705 135.705
1 1 3 135.705 135.705
1 4 3 135.777 135.777
1 2 3 135.848 135.848
1 3 3 135.848 135.848
1 1 3 135.92 135.92
1 3 3 135.991 135.991
1 4 3 135.991 135.991
1 2 3 136.063 136.063
1 4 3 136.134 136.134
1 1 3 136.205 136.205
1 3 3 136.277 136.277
1 2 3 136.277 136.277
1 4 3 136.348 136.348
1 1 3 136.42 136.42
1 2 3 136.42 136.42
1 4 3 136.491 136.491
1 1 3 136.563 136.563
1 3 3 136.563 136.563
1 2 3 136.634 136.634
1 4 3 136.705 136.705
1 3 3 136.705 136.705
1 1 3 136.777 136.777
1 2 3 136.848 136.848
1 3 3 136.848 136.848
1 4 3 136.92 136.92
1 2 3 136.991 136.991
1 1 3 136.991 136.991
1 3 3 137.063 137.063
1 1 3 137.134 137.134
1 2 3 137.134 137.134
2 4 3 137.134 137.277
1 3 3 137.277 137.277
1 2 3 137.348 137.348
1 1 3 137.42 137.42
1 4 3 137.42 137.42
1 3 3 137.491 137.491
1 2 3 137.563 137.563
1 1 3 137.563 137.563
1 2 3 137.705 137.705
1 4 3 137.705 137.705
2 3 3 137.705 137.848
1 1 3 137.848 137.848
1 2 3 137.92 137.92
1 3 3 137.991 137.991
1 4 3 137.991 137.991
1 1 3 138.063 138.063
1 2 3 138.134 138.134
1 4 3 138.134 138.134
1 3 3 138.277 138.277
1 1 3 138.277 138.277
2 2 3 138.277 138.42
1 4 3 138.42 138.42
1 3 3 138.491 138.491
1 2 3 138.563 138.563
1 1 3 138.563 138.563
1 4 3 138.634 138.634
1 3 3 138.705 138.705
1 2 3 138.705 138.705
1 4 3 138.848 138.848
1 3 3 138.848 138.848
2 1 3 138.848 138.991
1 2 3 138.991 138.991
1 3 3 139.063 139.063
1 1 3 139.134 139.134
1 4 3 139.134 139.134
1 2 3 139.205 139.205
1 3 3 139.277 139.277
1 4 3 139.42 139.42
1 1 3 139.42 139.42
2 3 3 139.42 139.705
1 2 3 139.563 139.563
1 4 3 139.705 139.705
1 1 3 139.705 139.705
1 2 3 139.777 139.777
1 3 3 139.848 139.848
1 4 3 139.92 139.92
1 1 3 139.991 139.991
1 2 3 139.991 139.991
1 3 3 139.991 139.991
1 4 3 140.063 140.063
1 2 3 140.134 140.134
1 3 3 140.205 140.205
1 1 3 140.277 140.277
1 2 3 140.277 140.277
1 4 3 140.348 140.348
1 3 3 140.42 140.42
1 2 3 140.491 140.491
1 3 3 140.563 140.563
2 1 3 140.563 141.134
1 4 3 140.563 140.563
2 4 3 141.134 141.277
2 3 3 141.134 141.277
2 1 3 141.42 141.563
2 2 3 141.42 141.563
2 3 3 141.705 141.848
2 4 3 141.705 141.848
2 1 3 141.705 141.848
1 2 3 141.705 141.705
1 3 3 141.991 141.991
1 1 3 141.991 141.991
1 4 3 142.063 142.063
1 3 3 142.134 142.134
1 4 3 142.205 142.205
1 2 3 142.277 142.277
1 1 3 142.277 142.277
1 3 3 142.348 142.348
1 2 3 142.42 142.42
1 3 3 142.491 142.491
1 1 3 142.563 142.563
1 4 3 142.563 142.563
1 2 3 142.634 142.634
1 1 3 142.705 142.705
1 2 3 142.777 142.777
1 4 3 142.848 142.848
1 1 3 142.848 142.848
1 3 3 142.92 142.92
1 4 3 142.991 142.991
1 3 3 143.063 143.063
1 2 3 143.134 143.134
1 1 3 143.134 143.134
1 3 3 143.205 143.205
1 2 3 143.277 143.277
1 3 3 143.348 143.348
1 1 3 143.42 143.42
1 4 3 143.42 143.42
1 2 3 143.491 143.491
1 1 3 143.563 143.563
1 2 3 143.634 143.634
1 4 3 143.705 143.705
1 1 3 143.705 143.705
1 3 3 143.777 143.777
1 4 3 143.848 143.848
1 3 3 143.92 143.92
1 2 3 143.991 143.991
1 1 3 143.991 143.991
1 4 3 144.134 144.134
1 3 3 144.134 144.134
1 4 3 144.277 144.277
1 1 3 144.277 144.277
1 4 3 144.42 144.42
1 3 3 144.42 144.42
1 4 3 144.563 144.563
1 1 3 144.563 144.563
1 4 3 144.705 144.705
1 3 3 144.705 144.705
1 4 3 144.848 144.848
1 1 3 144.848 144.848
1 3 3 144.92 144.92
1 2 3 144.991 144.991
1 1 3 145.063 145.063
1 3 3 145.134 145.134
1 4 3 145.134 145.134
1 3 3 145.277 145.277
1 2 3 145.277 145.277
1 1 3 145.42 145.42
1 4 3 145.42 145.42
1 3 3 145.563 145.563
1 4 3 145.563 145.563
1 2 3 145.705 145.705
1 1 3 145.705 145.705
1 4 3 145.848 145.848
1 2 3 145.848 145.848
1 3 3 145.991 145.991
1 1 3 145.991 145.991
1 3 3 146.134 146.134
1 4 3 146.134 146.134
1 1 3 146.277 146.277
1 4 3 146.277 146.277
1 2 3 146.277 146.277
1 1 3 146.42 146.42
1 4 3 146.563 146.563
1 3 3 146.563 146.563
1 2 3 146.705 146.705
1 3 3 146.705 146.705
1 1 3 146.848 146.848
1 4 3 146.848 146.848
1 2 3 146.92 146.92
1 3 3 146.991 146.991
1 2 3 147.063 147.063
1 4 3 147.134 147.134
1 1 3 147.134 147.134
1 3 3 147.205 147.205
1 2 3 147.277 147.277
1 3 3 147.348 147.348
1 1 3 147.42 147.42
1 4 3 147.42 147.42
1 2 3 147.491 147.491
1 3 3 147.563 147.563
1 1 3 147.634 147.634
1 2 3 147.705 147.705
1 3 3 147.705 147.705
1 4 3 147.777 147.777
1 1 3 147.848 147.848
1 3 3 147.92 147.92
1 2 3 147.991 147.991
1 4 3 147.991 147.991
1 3 3 148.063 148.063
1 1 3 148.134 148.134
1 2 3 148.205 148.205
1 3 3 148.277 148.277
1 4 3 148.277 148.277
1 1 3 148.348 148.348
1 2 3 148.42 148.42
1 1 3 148.491 148.491
1 4 3 148.563 148.563
1 3 3 148.563 148.563
1 2 3 148.634 148.634
1 4 3 148.705 148.705
1 1 3 148.777 148.777
1 3 3 148.848 148.848
1 4 3 148.848 148.848
1 2 3 148.92 148.92
1 1 3 148.991 148.991
1 3 3 149.063 149.063
1 2 3 149.134 149.134
1 4 3 149.134 149.134
1 3 3 149.205 149.205
1 1 3 149.277 149.277
1 4 3 149.348 149.348
1 3 3 149.42 149.42
1 2 3 149.42 149.42
1 1 3 149.491 149.491
1 4 3 149.563 149.563
1 3 3 149.634 149.634
1 1 3 149.705 149.705
1 4 3 149.705 149.705
1 1 3 149.848 149.848
1 2 3 149.848 149.848
1 2 3 149.991 149.991
1 3 3 149.991 149.991
1 3 3 150.134 150.134
1 4 3 150.134 150.134
2 1 3 150.277 150.563
1 2 3 150.277 150.277
1 3 3 150.42 150.42
1 4 3 150.42 150.42
1 2 3 150.563 150.563
1 3 3 150.563 150.563
1 1 3 150.705 150.705
1 4 3 150.705 150.705
1 2 3 150.848 150.848
1 1 3 150.848 150.848
1 4 3 150.848 150.848
1 3 3 150.991 150.991
1 4 3 151.134 151.134
1 1 3 151.134 151.134
1 2 3 151.205 151.205
1 4 3 151.277 151.277
1 2 3 151.348 151.348
1 3 3 151.42 151.42
1 4 3 151.42 151.42
1 1 3 151.491 151.491
1 3 3 151.563 151.563
1 1 3 151.634 151.634
1 3 3 151.705 151.705
1 4 3 151.705 151.705
1 2 3 151.777 151.777
1 4 3 151.848 151.848
1 2 3 151.92 151.92
1 4 3 151.991 151.991
1 3 3 151.991 151.991
1 1 3 152.063 152.063
1 3 3 152.134 152.134
1 1 3 152.205 152.205
1 4 3 152.277 152.277
1 2 3 152.277 152.277
1 3 3 152.348 152.348
1 4 3 152.42 152.42
1 3 3 152.491 152.491
1 2 3 152.563 152.563
1 1 3 152.563 152.563
1 3 3 152.634 152.634
1 2 3 152.705 152.705
1 3 3 152.777 152.777
1 1 3 152.848 152.848
1 4 3 152.848 152.848
1 2 3 152.92 152.92
1 1 3 152.991 152.991
1 2 3 153.063 153.063
1 3 3 153.134 153.134
1 4 3 153.134 153.134
1 1 3 153.277 153.277
1 2 3 153.277 153.277
1 1 3 153.42 153.42
1 3 3 153.42 153.42
1 1 3 153.563 153.563
1 2 3 153.563 153.563
1 1 3 153.705 153.705
1 3 3 153.705 153.705
1 1 3 153.848 153.848
1 2 3 153.848 153.848
1 1 3 153.991 153.991
1 4 3 153.991 153.991
1 2 3 154.063 154.063
1 3 3 154.134 154.134
1 4 3 154.205 154.205
1 2 3 154.277 154.277
1 1 3 154.277 154.277
1 3 3 154.42 154.42
1 4 3 154.42 154.42
1 4 3 154.563 154.563
1 2 3 154.563 154.563
1 2 3 154.705 154.705
1 3 3 154.705 154.705
1 1 3 154.848 154.848
1 3 3 154.848 154.848
1 4 3 154.991 154.991
1 1 3 154.991 154.991
1 2 3 155.134 155.134
1 3 3 155.134 155.134
1 3 3 155.277 155.277
1 2 3 155.277 155.277
1 1 3 155.42 155.42
1 3 3 155.42 155.42
1 4 3 155.42 155.42
1 4 3 155.563 155.563
1 3 3 155.563 155.563
1 3 3 155.705 155.705
1 4 3 155.705 155.705
1 4 3 155.848 155.848
1 3 3 155.848 155.848
1 3 3 155.991 155.991
1 4 3 155.991 155.991
1 3 3 156.134 156.134
1 4 3 156.134 156.134
1 4 3 156.277 156.277
1 3 3 156.277 156.277
1 4 3 156.42 156.42
1 1 3 156.42 156.42
1 3 3 156.491 156.491
1 2 3 156.563 156.563
1 1 3 156.563 156.563
1 2 3 156.705 156.705
1 1 3 156.705 156.705
1 2 3 156.848 156.848
1 1 3 156.848 156.848
1 2 3 156.991 156.991
1 1 3 156.991 156.991
1 2 3 157.134 157.134
1 1 3 157.134 157.134
1 2 3 157.277 157.277
1 1 3 157.277 157.277
1 2 3 157.42 157.42
1 1 3 157.42 157.42
1 1 3 157.563 157.563
1 2 3 157.563 157.563
2 4 3 157.705 157.991
1 3 3 157.705 157.705
1 1 3 157.777 157.777
1 2 3 157.848 157.848
1 3 3 157.92 157.92
1 2 3 157.991 157.991
1 1 3 157.991 157.991
1 3 3 158.063 158.063
1 1 3 158.134 158.134
1 3 3 158.205 158.205
2 1 3 158.277 158.563
1 2 3 158.277 158.277
1 4 3 158.348 158.348
1 3 3 158.42 158.42
1 2 3 158.491 158.491
1 4 3 158.563 158.563
1 3 3 158.563 158.563
1 2 3 158.634 158.634
1 4 3 158.705 158.705
1 2 3 158.777 158.777
1 3 3 158.848 158.848
1 4 3 158.848 158.848
1 1 3 158.92 158.92
1 2 3 158.92 158.92
1 4 3 158.991 158.991
1 3 3 159.027 159.027
1 2 3 159.063 159.063
1 1 3 159.098 159.098
1 4 3 159.134 159.134
1 3 3 159.134 159.134
1 1 3 159.277 159.277
1 2 3 159.313 159.313
1 3 3 159.348 159.348
1 4 3 159.384 159.384
1 2 3 159.42 159.42
1 1 3 159.42 159.42
1 4 3 159.563 159.563
1 3 3 159.598 159.598
1 2 3 159.634 159.634
1 1 3 159.67 159.67
1 4 3 159.705 159.705
1 3 3 159.741 159.741
1 1 3 159.777 159.777
1 2 3 159.813 159.813
2 4 3 159.848 159.92
2 3 3 159.884 159.955
2 2 3 159.92 159.991
2 1 3 159.955 160.027
2 1 3 161.134 163.42
1 2 3 161.134 161.134
1 4 3 161.134 161.134
