1 4 3 1.382 1.382
1 1 3 1.382 1.382
2 4 3 1.554 1.64
2 4 3 1.726 1.813
1 1 3 1.726 1.726
2 4 3 1.899 1.985
2 4 3 2.071 2.157
1 1 3 2.071 2.071
2 4 3 2.244 2.33
2 3 3 2.33 2.416
1 1 3 2.416 2.416
1 4 3 2.416 2.416
1 2 3 2.502 2.502
1 3 3 2.588 2.588
1 4 3 2.761 2.761
1 1 3 2.761 2.761
2 3 3 2.933 3.019
2 3 3 3.106 3.192
1 1 3 3.106 3.106
2 3 3 3.278 3.364
1 1 3 3.45 3.45
2 3 3 3.45 3.537
2 3 3 3.623 3.709
2 4 3 3.709 3.795
1 1 3 3.795 3.795
1 3 3 3.795 3.795
1 2 3 3.968 3.968
2 4 3 4.14 4.226
1 1 3 4.14 4.14
2 4 3 4.313 4.399
1 1 3 4.485 4.485
2 3 3 4.485 4.571
2 3 3 4.657 4.744
2 4 3 4.83 4.916
1 1 3 4.83 4.83
2 4 3 5.002 5.088
2 3 3 5.088 5.175
1 1 3 5.175 5.175
1 4 3 5.175 5.175
1 2 3 5.261 5.261
1 3 3 5.347 5.347
1 4 3 5.519 5.519
1 1 3 5.519 5.519
2 3 3 5.692 5.778
2 3 3 5.864 5.95
1 1 3 5.864 5.864
2 3 3 6.037 6.123
2 3 3 6.209 6.295
1 1 3 6.209 6.209
2 3 3 6.382 6.468
2 4 3 6.468 6.554
2 2 3 6.554 6.813
2 3 3 6.64 6.899
1 4 3 6.899 6.899
1 1 3 6.899 6.899
2 1 3 7.071 7.157
2 1 3 7.244 7.33
1 4 3 7.244 7.244
2 1 3 7.416 7.502
2 1 3 7.588 7.675
1 4 3 7.588 7.588
2 1 3 7.761 7.847
2 2 3 7.847 7.933
1 4 3 7.933 7.933
1 1 3 7.933 7.933
1 3 3 8.019 8.019
1 2 3 8.106 8.106
1 1 3 8.278 8.278
1 4 3 8.278 8.278
2 2 3 8.45 8.537
2 2 3 8.623 8.709
1 4 3 8.623 8.623
2 2 3 8.795 8.882
1 4 3 8.968 8.968
2 2 3 8.968 9.054
2 2 3 9.14 9.226
2 1 3 9.226 9.313
1 4 3 9.313 9.313
1 2 3 9.313 9.313
1 3 3 9.485 9.485
1 2 3 9.485 9.485
2 1 3 9.657 9.744
1 4 3 9.657 9.657
2 1 3 9.83 9.916
1 4 3 10.002 10.002
2 2 3 10.002 10.088
2 2 3 10.175 10.261
2 1 3 10.347 10.433
1 4 3 10.347 10.347
2 1 3 10.519 10.606
2 2 3 10.606 10.692
1 4 3 10.692 10.692
1 1 3 10.692 10.692
1 3 3 10.749 10.749
1 2 3 10.807 10.807
1 1 3 10.864 10.864
1 4 3 10.95 10.95
2 3 3 11.037 11.209
2 2 3 11.382 11.468
2 1 3 11.468 11.554
2 4 3 11.726 11.899
2 3 3 11.813 11.899
2 1 3 12.071 12.244
2 2 3 12.071 12.244
2 3 3 12.071 12.244
2 4 3 12.071 12.244
1 4 3 12.416 12.416
1 3 3 12.416 12.416
1 1 3 12.416 12.416
2 4 3 12.588 12.675
2 4 3 12.761 12.847
1 1 3 12.761 12.761
1 2 3 12.761 12.761
2 4 3 12.933 13.019
2 4 3 13.106 13.192
1 1 3 13.106 13.106
1 2 3 13.106 13.106
2 4 3 13.278 13.364
2 3 3 13.364 13.45
1 4 3 13.45 13.45
1 2 3 13.45 13.45
1 1 3 13.45 13.45
2 3 3 13.623 13.795
1 4 3 13.795 13.795
1 2 3 13.795 13.795
1 1 3 13.795 13.795
2 3 3 13.968 14.054
2 3 3 14.14 14.226
1 1 3 14.14 14.14
1 2 3 14.14 14.14
2 3 3 14.313 14.399
2 3 3 14.485 14.571
1 1 3 14.485 14.485
1 2 3 14.485 14.485
2 3 3 14.657 14.744
2 4 3 14.744 14.83
1 1 3 14.83 14.83
1 2 3 14.83 14.83
1 3 3 14.83 14.83
2 2 3 15.002 15.175
1 4 3 15.002 15.002
1 1 3 15.175 15.175
1 3 3 15.175 15.175
2 4 3 15.175 15.261
2 4 3 15.347 15.433
2 3 3 15.519 15.606
1 2 3 15.519 15.519
1 1 3 15.519 15.519
2 3 3 15.692 15.778
2 4 3 15.864 15.95
1 2 3 15.864 15.864
1 1 3 15.864 15.864
2 4 3 16.037 16.123
2 3 3 16.123 16.209
1 4 3 16.209 16.209
1 2 3 16.209 16.209
1 1 3 16.209 16.209
2 3 3 16.382 16.554
1 4 3 16.554 16.554
1 2 3 16.554 16.554
1 1 3 16.554 16.554
2 3 3 16.726 16.813
2 3 3 16.899 16.985
1 2 3 16.899 16.899
1 1 3 16.899 16.899
2 3 3 17.071 17.157
2 4 3 17.244 17.502
1 1 3 17.244 17.244
2 3 3 17.33 17.588
2 1 3 17.416 17.502
2 2 3 17.502 17.588
2 1 3 17.588 17.675
2 2 3 17.675 17.761
2 3 3 17.761 17.847
2 4 3 17.847 17.933
1 1 3 17.933 17.933
1 2 3 17.933 17.933
1 3 3 17.933 17.933
2 1 3 18.106 18.192
1 3 3 18.192 18.192
2 1 3 18.278 18.364
1 2 3 18.278 18.278
1 4 3 18.278 18.278
2 1 3 18.45 18.537
1 3 3 18.45 18.45
2 1 3 18.623 18.709
1 2 3 18.623 18.623
1 4 3 18.623 18.623
2 1 3 18.795 18.882
1 4 3 18.795 18.795
2 2 3 18.882 18.968
1 1 3 18.968 18.968
1 3 3 18.968 18.968
1 4 3 18.968 18.968
2 2 3 19.14 19.313
1 1 3 19.313 19.313
1 3 3 19.313 19.313
1 4 3 19.313 19.313
2 2 3 19.485 19.571
1 3 3 19.571 19.571
2 2 3 19.657 19.744
1 4 3 19.657 19.657
1 1 3 19.657 19.657
2 2 3 19.83 19.916
1 3 3 19.83 19.83
2 2 3 20.002 20.088
1 1 3 20.002 20.002
1 4 3 20.002 20.002
2 2 3 20.175 20.261
1 4 3 20.175 20.175
2 1 3 20.261 20.347
1 4 3 20.347 20.347
1 3 3 20.347 20.347
1 2 3 20.347 20.347
1 1 3 20.433 20.433
1 3 3 20.519 20.519
1 4 3 20.606 20.606
1 2 3 20.692 20.692
1 1 3 20.692 20.692
1 3 3 20.692 20.692
1 4 3 20.778 20.778
1 1 3 20.864 20.864
1 2 3 20.95 20.95
1 3 3 20.95 20.95
1 4 3 20.95 20.95
1 1 3 21.037 21.037
1 3 3 21.123 21.123
1 4 3 21.209 21.209
1 2 3 21.209 21.209
1 1 3 21.209 21.209
1 3 3 21.295 21.295
1 1 3 21.382 21.382
1 2 3 21.382 21.382
1 4 3 21.382 21.382
1 1 3 21.554 21.554
1 3 3 21.554 21.554
1 4 3 21.554 21.554
1 2 3 21.726 21.726
1 1 3 21.726 21.726
1 3 3 21.813 21.813
1 4 3 21.813 21.813
1 2 3 21.899 21.899
1 1 3 21.899 21.899
1 3 3 21.985 21.985
2 1 3 22.071 22.244
2 2 3 22.071 22.244
1 4 3 22.071 22.071
2 3 3 22.244 22.416
2 4 3 22.244 22.416
2 2 3 22.416 22.588
2 1 3 22.416 23.019
2 3 3 22.588 22.761
2 4 3 22.588 23.019
2 2 3 22.761 23.019
2 3 3 22.933 23.278
2 4 3 23.106 23.278
2 2 3 23.106 23.278
2 1 3 23.106 23.278
2 4 3 23.45 23.623
2 1 3 23.45 23.623
1 3 3 23.45 23.45
1 2 3 23.623 23.623
1 3 3 23.709 23.709
1 4 3 23.795 23.795
1 1 3 23.795 23.795
1 2 3 23.882 23.882
1 3 3 23.968 23.968
1 1 3 24.054 24.054
1 4 3 24.14 24.14
1 2 3 24.14 24.14
1 3 3 24.226 24.226
2 1 3 24.313 24.485
1 2 3 24.399 24.399
1 4 3 24.485 24.485
1 3 3 24.485 24.485
1 2 3 24.571 24.571
2 4 3 24.657 24.83
1 2 3 24.83 24.83
1 1 3 24.83 24.83
1 3 3 24.916 24.916
1 4 3 25.002 25.002
1 1 3 25.088 25.088
1 3 3 25.175 25.175
1 4 3 25.175 25.175
1 2 3 25.261 25.261
1 1 3 25.347 25.347
1 3 3 25.433 25.433
1 4 3 25.519 25.519
1 2 3 25.519 25.519
1 1 3 25.606 25.606
1 3 3 25.692 25.692
1 4 3 25.778 25.778
1 2 3 25.864 25.864
1 1 3 25.864 25.864
1 3 3 25.95 25.95
1 1 3 26.037 26.037
1 3 3 26.123 26.123
1 4 3 26.209 26.209
1 2 3 26.209 26.209
1 1 3 26.295 26.295
1 3 3 26.382 26.382
1 2 3 26.468 26.468
1 4 3 26.554 26.554
1 1 3 26.554 26.554
1 3 3 26.64 26.64
1 2 3 26.726 26.726
1 4 3 26.813 26.813
1 3 3 26.899 26.899
1 1 3 26.899 26.899
1 4 3 26.985 26.985
1 2 3 27.071 27.071
1 3 3 27.157 27.157
1 4 3 27.244 27.244
1 1 3 27.244 27.244
1 2 3 27.33 27.33
1 3 3 27.502 27.502
1 4 3 27.588 27.588
1 1 3 27.588 27.588
1 2 3 27.675 27.675
1 3 3 27.761 27.761
1 2 3 27.847 27.847
1 3 3 27.933 27.933
1 4 3 27.933 27.933
1 2 3 28.019 28.019
1 1 3 28.019 28.019
1 3 3 28.106 28.106
1 4 3 28.106 28.106
1 2 3 28.192 28.192
1 1 3 28.192 28.192
1 3 3 28.278 28.278
1 4 3 28.278 28.278
1 3 3 28.364 28.364
1 1 3 28.45 28.45
1 2 3 28.537 28.537
1 4 3 28.623 28.623
1 4 3 28.709 28.709
1 1 3 28.882 28.882
1 2 3 28.968 28.968
1 4 3 28.968 28.968
1 3 3 28.968 28.968
1 1 3 29.054 29.054
1 4 3 29.14 29.14
1 2 3 29.226 29.226
1 3 3 29.313 29.313
1 4 3 29.313 29.313
1 2 3 29.399 29.399
1 1 3 29.485 29.485
1 3 3 29.571 29.571
1 2 3 29.657 29.657
1 1 3 29.657 29.657
1 3 3 29.744 29.744
1 1 3 29.83 29.83
1 4 3 29.916 29.916
1 3 3 30.002 30.002
1 2 3 30.002 30.002
1 1 3 30.088 30.088
1 4 3 30.175 30.175
1 2 3 30.261 30.261
1 1 3 30.347 30.347
1 4 3 30.347 30.347
1 2 3 30.433 30.433
1 4 3 30.519 30.519
1 1 3 30.606 30.606
1 4 3 30.692 30.692
1 2 3 30.692 30.692
1 4 3 30.778 30.778
1 1 3 30.864 30.864
1 4 3 30.95 30.95
1 2 3 31.037 31.037
1 3 3 31.037 31.037
1 1 3 31.123 31.123
1 4 3 31.209 31.209
1 2 3 31.209 31.209
1 3 3 31.295 31.295
1 2 3 31.382 31.382
1 1 3 31.382 31.382
1 3 3 31.468 31.468
1 4 3 31.468 31.468
1 2 3 31.554 31.554
1 1 3 31.554 31.554
1 3 3 31.64 31.64
1 4 3 31.64 31.64
1 2 3 31.726 31.726
1 1 3 31.726 31.726
1 3 3 31.813 31.813
1 2 3 31.899 31.899
1 1 3 31.899 31.899
1 4 3 31.985 31.985
1 3 3 32.071 32.071
1 1 3 32.071 32.071
1 2 3 32.157 32.157
1 3 3 32.244 32.244
1 4 3 32.244 32.244
1 2 3 32.33 32.33
1 3 3 32.416 32.416
1 4 3 32.416 32.416
1 1 3 32.502 32.502
1 2 3 32.588 32.588
1 4 3 32.588 32.588
1 3 3 32.675 32.675
1 1 3 32.761 32.761
1 2 3 32.804 32.804
1 3 3 32.847 32.847
1 4 3 32.89 32.89
1 2 3 32.933 32.933
1 1 3 32.933 32.933
1 3 3 33.019 33.019
1 4 3 33.019 33.019
2 1 3 33.106 33.364
2 2 3 33.192 33.45
2 3 3 33.278 33.537
2 4 3 33.45 33.537
2 1 3 33.537 33.623
2 2 3 33.623 33.795
1 3 3 33.795 33.795
1 4 3 33.795 33.795
1 1 3 33.882 33.882
1 4 3 33.968 33.968
1 3 3 33.996 33.996
1 2 3 34.025 34.025
1 1 3 34.083 34.083
2 4 3 34.14 34.255
1 3 3 34.485 34.485
1 4 3 34.485 34.485
1 1 3 34.485 34.485
1 2 3 34.571 34.571
1 4 3 34.657 34.657
1 1 3 34.744 34.744
1 3 3 34.83 34.83
1 2 3 34.916 34.916
1 4 3 35.002 35.002
1 3 3 35.088 35.088
1 2 3 35.175 35.175
1 1 3 35.175 35.175
1 4 3 35.261 35.261
1 2 3 35.347 35.347
1 3 3 35.433 35.433
1 4 3 35.519 35.519
1 2 3 35.519 35.519
1 1 3 35.519 35.519
1 3 3 35.563 35.563
1 2 3 35.606 35.606
1 1 3 35.692 35.692
1 4 3 35.778 35.778
1 3 3 35.864 35.864
1 1 3 35.95 35.95
1 4 3 36.037 36.037
1 1 3 36.123 36.123
1 2 3 36.209 36.209
1 3 3 36.209 36.209
1 4 3 36.209 36.209
1 1 3 36.295 36.295
1 3 3 36.382 36.382
1 4 3 36.468 36.468
1 1 3 36.554 36.554
1 2 3 36.554 36.554
1 3 3 36.64 36.64
1 1 3 36.726 36.726
1 3 3 36.813 36.813
1 4 3 36.899 36.899
1 2 3 36.985 36.985
1 4 3 37.071 37.071
1 2 3 37.157 37.157
1 3 3 37.244 37.244
1 4 3 37.244 37.244
1 1 3 37.244 37.244
2 2 3 37.33 37.502
1 3 3 37.502 37.502
1 1 3 37.588 37.588
1 2 3 37.675 37.675
1 4 3 37.761 37.761
1 3 3 37.847 37.847
1 2 3 37.933 37.933
1 1 3 37.933 37.933
1 4 3 38.019 38.019
1 2 3 38.106 38.106
1 3 3 38.192 38.192
1 1 3 38.278 38.278
1 3 3 38.364 38.364
1 2 3 38.45 38.45
1 4 3 38.45 38.45
1 1 3 38.45 38.45
1 3 3 38.494 38.494
1 2 3 38.537 38.537
1 1 3 38.623 38.623
1 4 3 38.709 38.709
1 2 3 38.795 38.795
1 3 3 38.882 38.882
1 4 3 38.968 38.968
1 2 3 38.968 38.968
1 1 3 38.968 38.968
1 3 3 39.054 39.054
1 2 3 39.14 39.14
1 1 3 39.226 39.226
1 3 3 39.313 39.313
1 4 3 39.313 39.313
1 2 3 39.356 39.356
1 1 3 39.399 39.399
1 4 3 39.485 39.485
1 3 3 39.528 39.528
1 2 3 39.571 39.571
1 1 3 39.657 39.657
1 1 3 39.744 39.744
1 4 3 39.83 39.83
1 4 3 39.916 39.916
2 1 3 40.002 40.175
2 2 3 40.088 40.261
2 3 3 40.175 40.347
1 4 3 40.347 40.347
1 2 3 40.347 40.347
1 1 3 40.347 40.347
1 3 3 40.433 40.433
1 2 3 40.519 40.519
1 1 3 40.606 40.606
1 4 3 40.692 40.692
1 3 3 40.778 40.778
1 1 3 40.864 40.864
1 2 3 40.95 40.95
1 3 3 41.037 41.037
1 4 3 41.037 41.037
1 1 3 41.037 41.037
1 2 3 41.123 41.123
1 3 3 41.209 41.209
1 4 3 41.295 41.295
1 1 3 41.382 41.382
1 2 3 41.468 41.468
1 4 3 41.554 41.554
1 3 3 41.64 41.64
1 4 3 41.726 41.726
1 2 3 41.726 41.726
1 1 3 41.726 41.726
1 3 3 41.813 41.813
1 1 3 41.899 41.899
1 2 3 41.985 41.985
1 4 3 42.071 42.071
1 3 3 42.157 42.157
1 4 3 42.244 42.244
1 3 3 42.33 42.33
1 1 3 42.416 42.416
1 2 3 42.502 42.502
1 1 3 42.588 42.588
1 2 3 42.675 42.675
1 1 3 42.761 42.761
1 3 3 42.761 42.761
1 4 3 42.761 42.761
1 2 3 42.847 42.847
1 3 3 42.933 42.933
1 3 3 43.019 43.019
1 4 3 43.106 43.106
1 2 3 43.106 43.106
1 1 3 43.106 43.106
1 3 3 43.192 43.192
1 2 3 43.278 43.278
1 2 3 43.364 43.364
1 3 3 43.45 43.45
1 4 3 43.45 43.45
1 1 3 43.45 43.45
1 2 3 43.537 43.537
1 4 3 43.623 43.623
1 3 3 43.709 43.709
1 2 3 43.709 43.709
1 1 3 43.709 43.709
1 4 3 43.795 43.795
1 1 3 43.882 43.882
1 2 3 43.968 43.968
1 4 3 43.968 43.968
1 3 3 43.968 43.968
1 1 3 44.054 44.054
1 4 3 44.14 44.14
1 3 3 44.198 44.198
1 2 3 44.255 44.255
1 1 3 44.313 44.313
1 4 3 44.399 44.399
1 1 3 44.485 44.485
1 2 3 44.542 44.542
1 3 3 44.6 44.6
1 4 3 44.657 44.657
1 1 3 44.744 44.744
1 4 3 44.83 44.83
1 3 3 44.887 44.887
1 2 3 44.945 44.945
1 4 3 45.002 45.002
1 3 3 45.06 45.06
1 2 3 45.117 45.117
1 1 3 45.175 45.175
1 4 3 45.261 45.261
1 3 3 45.347 45.347
1 2 3 45.433 45.433
1 3 3 45.519 45.519
1 4 3 45.519 45.519
1 1 3 45.519 45.519
1 2 3 45.606 45.606
1 3 3 45.692 45.692
1 1 3 45.778 45.778
1 4 3 45.864 45.864
1 2 3 45.864 45.864
1 3 3 45.95 45.95
1 1 3 46.037 46.037
1 4 3 46.123 46.123
1 3 3 46.209 46.209
1 2 3 46.295 46.295
1 3 3 46.382 46.382
1 4 3 46.382 46.382
1 1 3 46.382 46.382
1 2 3 46.468 46.468
1 4 3 46.554 46.554
1 1 3 46.554 46.554
1 3 3 46.64 46.64
1 2 3 46.726 46.726
1 4 3 46.813 46.813
1 3 3 46.899 46.899
1 2 3 46.899 46.899
1 1 3 46.899 46.899
1 4 3 46.985 46.985
1 1 3 47.071 47.071
1 3 3 47.157 47.157
1 2 3 47.244 47.244
1 4 3 47.244 47.244
1 1 3 47.33 47.33
1 3 3 47.416 47.416
1 2 3 47.502 47.502
1 4 3 47.588 47.588
1 3 3 47.675 47.675
1 2 3 47.761 47.761
1 4 3 47.761 47.761
1 1 3 47.761 47.761
1 3 3 47.847 47.847
1 2 3 47.933 47.933
1 1 3 47.933 47.933
1 3 3 48.019 48.019
1 4 3 48.063 48.063
1 2 3 48.106 48.106
1 3 3 48.192 48.192
1 4 3 48.278 48.278
1 2 3 48.278 48.278
1 1 3 48.278 48.278
1 3 3 48.364 48.364
1 1 3 48.45 48.45
1 2 3 48.537 48.537
1 3 3 48.623 48.623
1 4 3 48.623 48.623
1 2 3 48.709 48.709
1 3 3 48.795 48.795
1 4 3 48.882 48.882
1 1 3 48.968 48.968
1 3 3 49.054 49.054
1 2 3 49.14 49.14
1 1 3 49.14 49.14
1 4 3 49.14 49.14
1 3 3 49.226 49.226
1 4 3 49.313 49.313
1 2 3 49.313 49.313
1 1 3 49.399 49.399
1 3 3 49.485 49.485
1 2 3 49.571 49.571
1 3 3 49.657 49.657
1 1 3 49.657 49.657
2 4 3 49.657 49.83
1 2 3 49.744 49.744
1 3 3 49.83 49.83
2 1 3 49.916 50.088
1 3 3 50.002 50.002
1 4 3 50.002 50.002
1 2 3 50.088 50.088
2 4 3 50.175 50.347
1 3 3 50.261 50.261
1 1 3 50.347 50.347
1 3 3 50.433 50.433
1 4 3 50.433 50.433
1 2 3 50.519 50.519
1 1 3 50.519 50.519
1 3 3 50.606 50.606
1 4 3 50.606 50.606
1 4 3 50.692 50.692
1 1 3 50.692 50.692
1 2 3 50.778 50.778
1 3 3 50.864 50.864
1 4 3 50.95 50.95
1 3 3 51.037 51.037
2 1 3 51.037 51.209
2 2 3 51.037 51.123
1 4 3 51.123 51.123
1 2 3 51.209 51.209
1 3 3 51.295 51.295
1 4 3 51.382 51.382
1 1 3 51.382 51.382
1 2 3 51.468 51.468
1 3 3 51.554 51.554
1 1 3 51.64 51.64
1 4 3 51.726 51.726
1 3 3 51.813 51.813
1 2 3 51.899 51.899
1 1 3 51.899 51.899
1 4 3 51.899 51.899
1 3 3 51.985 51.985
1 2 3 52.071 52.071
1 1 3 52.071 52.071
1 4 3 52.157 52.157
1 3 3 52.244 52.244
1 1 3 52.33 52.33
1 2 3 52.416 52.416
1 3 3 52.416 52.416
1 4 3 52.416 52.416
1 1 3 52.502 52.502
1 4 3 52.588 52.588
1 2 3 52.675 52.675
1 1 3 52.761 52.761
1 3 3 52.761 52.761
1 4 3 52.847 52.847
1 2 3 52.933 52.933
2 3 3 53.019 53.192
1 1 3 53.106 53.106
1 2 3 53.192 53.192
1 3 3 53.278 53.278
1 4 3 53.278 53.278
1 1 3 53.278 53.278
1 2 3 53.364 53.364
2 4 3 53.45 53.623
1 3 3 53.537 53.537
2 1 3 53.623 53.709
1 2 3 53.709 53.709
2 4 3 53.795 53.968
1 1 3 53.795 53.795
1 3 3 53.795 53.795
1 2 3 53.968 53.968
1 1 3 53.968 53.968
2 4 3 54.054 54.226
1 3 3 54.226 54.226
2 1 3 54.313 54.485
1 2 3 54.313 54.313
1 4 3 54.313 54.313
1 4 3 54.485 54.485
1 3 3 54.485 54.485
2 1 3 54.571 54.744
1 2 3 54.744 54.744
1 3 3 54.83 54.83
1 4 3 54.83 54.83
1 1 3 54.83 54.83
1 2 3 54.916 54.916
1 3 3 55.002 55.002
1 4 3 55.002 55.002
1 2 3 55.088 55.088
1 1 3 55.088 55.088
1 4 3 55.175 55.175
1 3 3 55.175 55.175
1 1 3 55.175 55.175
1 2 3 55.261 55.261
1 4 3 55.347 55.347
1 3 3 55.347 55.347
1 3 3 55.433 55.433
1 1 3 55.519 55.519
1 2 3 55.519 55.519
1 4 3 55.519 55.519
1 3 3 55.606 55.606
1 1 3 55.692 55.692
1 2 3 55.692 55.692
1 2 3 55.778 55.778
1 3 3 55.864 55.864
1 4 3 55.864 55.864
1 1 3 55.864 55.864
2 2 3 55.95 56.123
1 3 3 56.037 56.037
2 1 3 56.123 56.295
2 4 3 56.209 56.382
2 3 3 56.295 56.468
2 1 3 56.382 56.554
2 2 3 56.468 56.554
1 3 3 56.554 56.554
1 4 3 56.597 56.597
1 1 3 56.726 56.726
1 4 3 56.899 56.899
2 1 3 57.071 57.244
2 2 3 57.244 57.416
2 3 3 57.416 57.588
2 4 3 57.588 57.761
2 1 3 57.761 57.933
1 4 3 57.933 57.933
1 3 3 57.976 57.976
1 1 3 58.106 58.106
1 4 3 58.278 58.278
2 2 3 58.45 58.623
2 4 3 58.623 58.795
2 3 3 58.795 58.968
2 2 3 58.968 59.14
2 1 3 59.14 59.313
1 2 3 59.313 59.313
1 4 3 59.356 59.356
1 1 3 59.485 59.485
1 2 3 59.657 59.657
2 3 3 59.83 60.002
2 1 3 60.002 60.175
2 4 3 60.175 60.347
2 2 3 60.347 60.519
2 3 3 60.519 60.692
1 2 3 60.692 60.692
1 1 3 60.735 60.735
1 4 3 60.864 60.864
1 1 3 61.037 61.037
1 3 3 61.209 61.209
2 4 3 61.382 61.554
2 1 3 61.554 61.726
1 3 3 61.726 61.726
2 2 3 61.856 62.028
1 3 3 62.071 62.071
1 4 3 62.114 62.114
1 2 3 62.244 62.244
1 3 3 62.416 62.416
2 1 3 62.588 62.761
1 4 3 62.761 62.761
2 2 3 62.933 63.106
2 1 3 63.106 63.278
2 4 3 63.278 63.45
1 3 3 63.45 63.45
1 2 3 63.494 63.494
1 1 3 63.623 63.623
2 4 3 63.795 63.968
1 3 3 63.968 63.968
2 1 3 64.14 64.313
1 2 3 64.313 64.313
2 3 3 64.485 64.657
1 1 3 64.657 64.657
1 3 3 64.83 64.83
1 4 3 64.873 64.873
1 1 3 65.002 65.002
1 3 3 65.175 65.175
1 2 3 65.347 65.347
2 4 3 65.519 65.692
1 1 3 65.519 65.519
1 3 3 65.692 65.692
1 2 3 65.864 65.864
1 4 3 66.037 66.037
2 1 3 66.209 66.382
1 2 3 66.209 66.209
1 3 3 66.382 66.382
2 4 3 66.554 66.899
2 2 3 66.554 66.899
2 1 3 66.554 66.899
2 3 3 67.071 67.157
2 4 3 67.071 67.157
2 1 3 67.071 67.157
2 1 3 67.244 67.416
2 3 3 67.244 67.416
2 4 3 67.244 67.416
1 4 3 67.588 67.588
1 2 3 67.588 67.588
1 1 3 67.588 67.588
1 3 3 67.632 67.632
1 2 3 67.761 67.761
1 4 3 67.933 67.933
1 1 3 67.933 67.933
2 3 3 68.106 68.278
2 2 3 68.278 68.45
1 4 3 68.278 68.278
2 1 3 68.45 68.623
2 4 3 68.623 68.795
1 3 3 68.623 68.623
2 2 3 68.795 68.968
1 4 3 68.968 68.968
1 1 3 68.968 68.968
1 3 3 69.011 69.011
1 2 3 69.14 69.14
1 3 3 69.313 69.313
1 4 3 69.313 69.313
2 1 3 69.485 69.657
2 4 3 69.657 69.83
1 2 3 69.657 69.657
2 3 3 69.83 70.002
2 2 3 70.002 70.175
1 1 3 70.002 70.002
2 3 3 70.175 70.347
1 4 3 70.347 70.347
1 1 3 70.347 70.347
1 2 3 70.39 70.39
1 3 3 70.519 70.519
1 1 3 70.606 70.606
1 2 3 70.692 70.692
1 4 3 70.692 70.692
1 3 3 70.778 70.778
2 1 3 70.864 71.037
1 4 3 70.95 70.95
2 2 3 71.037 71.209
1 3 3 71.037 71.037
1 1 3 71.123 71.123
2 4 3 71.209 71.382
1 2 3 71.295 71.295
2 3 3 71.382 71.554
1 1 3 71.382 71.382
1 4 3 71.468 71.468
2 2 3 71.554 71.726
1 3 3 71.64 71.64
1 4 3 71.726 71.726
1 1 3 71.726 71.726
1 3 3 71.813 71.813
1 2 3 71.899 71.899
1 1 3 71.985 71.985
1 4 3 72.071 72.071
1 3 3 72.071 72.071
1 2 3 72.157 72.157
1 3 3 72.244 72.244
1 1 3 72.33 72.33
1 2 3 72.416 72.416
2 4 3 72.416 72.588
1 3 3 72.502 72.502
2 1 3 72.588 72.761
1 2 3 72.675 72.675
2 3 3 72.761 72.933
1 4 3 72.761 72.761
1 1 3 72.847 72.847
2 2 3 72.933 73.106
1 4 3 73.019 73.019
1 1 3 73.106 73.106
1 3 3 73.106 73.106
2 4 3 73.192 73.278
2 2 3 73.278 73.364
2 3 3 73.364 73.45
1 1 3 73.45 73.45
2 4 3 73.45 73.537
2 2 3 73.623 73.709
2 3 3 73.709 73.795
1 4 3 73.795 73.795
1 1 3 73.795 73.795
2 2 3 73.882 73.968
2 3 3 73.968 74.054
2 4 3 74.054 74.14
1 2 3 74.14 74.14
2 1 3 74.14 74.226
2 3 3 74.226 74.313
2 2 3 74.399 74.485
1 4 3 74.485 74.485
1 1 3 74.485 74.485
2 3 3 74.571 74.657
2 2 3 74.657 74.744
2 1 3 74.744 74.83
1 3 3 74.83 74.83
2 4 3 74.83 74.916
2 2 3 74.916 75.002
2 3 3 75.002 75.088
2 4 3 75.088 75.175
1 1 3 75.175 75.175
2 2 3 75.175 75.261
2 3 3 75.261 75.347
2 1 3 75.347 75.433
2 2 3 75.433 75.519
1 4 3 75.519 75.519
2 3 3 75.519 75.606
2 2 3 75.606 75.692
2 1 3 75.692 75.778
2 4 3 75.778 75.864
1 2 3 75.864 75.864
1 3 3 75.864 75.864
2 1 3 75.95 76.037
2 4 3 76.037 76.123
2 2 3 76.123 76.209
1 1 3 76.209 76.209
2 3 3 76.209 76.295
2 4 3 76.295 76.382
2 2 3 76.382 76.468
2 3 3 76.468 76.554
1 4 3 76.554 76.554
1 1 3 76.554 76.554
2 2 3 76.64 76.726
1 4 3 76.726 76.726
2 3 3 76.726 76.813
2 1 3 76.813 76.899
1 2 3 76.899 76.899
2 4 3 76.899 76.985
2 3 3 76.985 77.071
1 1 3 77.071 77.071
2 2 3 77.071 77.157
2 4 3 77.157 77.244
1 2 3 77.244 77.244
1 1 3 77.244 77.244
1 3 3 77.301 77.301
1 4 3 77.359 77.359
1 1 3 77.416 77.416
1 2 3 77.502 77.502
1 3 3 77.588 77.588
1 2 3 77.646 77.646
1 1 3 77.703 77.703
1 4 3 77.761 77.761
1 3 3 77.847 77.847
1 1 3 77.933 77.933
1 2 3 77.976 77.976
1 3 3 78.019 78.019
1 1 3 78.106 78.106
1 2 3 78.149 78.149
1 3 3 78.192 78.192
1 4 3 78.278 78.278
1 3 3 78.321 78.321
1 2 3 78.364 78.364
1 4 3 78.45 78.45
1 3 3 78.494 78.494
1 2 3 78.537 78.537
1 4 3 78.623 78.623
1 3 3 78.623 78.623
1 1 3 78.623 78.623
1 2 3 78.795 78.795
1 3 3 78.968 78.968
1 4 3 79.14 79.14
2 1 3 79.313 79.485
1 2 3 79.485 79.485
2 3 3 79.571 79.744
1 1 3 79.657 79.657
2 4 3 79.83 80.002
1 3 3 80.002 80.002
2 2 3 80.088 80.261
1 4 3 80.175 80.175
2 1 3 80.347 80.519
1 2 3 80.519 80.519
2 3 3 80.692 80.864
1 1 3 80.778 80.778
1 4 3 80.864 80.864
2 2 3 80.95 81.123
1 1 3 81.037 81.037
1 3 3 81.123 81.123
2 4 3 81.209 81.382
1 2 3 81.295 81.295
2 3 3 81.382 81.554
1 1 3 81.468 81.468
1 4 3 81.554 81.554
1 3 3 81.64 81.64
2 2 3 81.726 81.899
1 1 3 81.813 81.813
1 3 3 81.899 81.899
1 4 3 81.985 81.985
2 1 3 82.071 82.244
1 3 3 82.157 82.157
1 2 3 82.244 82.244
2 4 3 82.33 82.502
1 1 3 82.416 82.416
2 3 3 82.502 82.675
2 2 3 82.588 82.761
1 4 3 82.675 82.675
1 1 3 82.761 82.761
2 4 3 82.847 83.019
1 3 3 82.933 82.933
1 2 3 83.019 83.019
2 1 3 83.106 83.278
1 4 3 83.192 83.192
1 3 3 83.278 83.278
1 2 3 83.364 83.364
1 4 3 83.45 83.45
1 1 3 83.45 83.45
1 3 3 83.623 83.623
1 2 3 83.795 83.795
1 1 3 83.838 83.838
1 4 3 83.882 83.882
1 3 3 83.925 83.925
1 2 3 83.968 83.968
1 1 3 84.054 84.054
1 3 3 84.14 84.14
1 4 3 84.14 84.14
1 2 3 84.226 84.226
1 3 3 84.313 84.313
1 4 3 84.313 84.313
1 1 3 84.399 84.399
1 3 3 84.485 84.485
1 4 3 84.485 84.485
1 2 3 84.571 84.571
1 4 3 84.657 84.657
1 1 3 84.657 84.657
1 3 3 84.744 84.744
1 2 3 84.83 84.83
1 1 3 84.83 84.83
1 4 3 84.916 84.916
1 2 3 85.002 85.002
1 1 3 85.002 85.002
1 3 3 85.088 85.088
1 2 3 85.175 85.175
1 1 3 85.175 85.175
1 4 3 85.261 85.261
1 3 3 85.347 85.347
1 1 3 85.347 85.347
1 2 3 85.433 85.433
1 3 3 85.519 85.519
1 4 3 85.519 85.519
1 1 3 85.606 85.606
1 3 3 85.692 85.692
1 4 3 85.692 85.692
1 2 3 85.778 85.778
1 3 3 85.864 85.864
1 4 3 85.864 85.864
1 1 3 85.95 85.95
1 2 3 86.037 86.037
1 3 3 86.037 86.037
1 4 3 86.123 86.123
1 2 3 86.209 86.209
1 1 3 86.209 86.209
1 3 3 86.295 86.295
1 2 3 86.382 86.382
1 1 3 86.382 86.382
1 4 3 86.468 86.468
1 2 3 86.554 86.554
1 1 3 86.554 86.554
1 3 3 86.64 86.64
1 4 3 86.726 86.726
1 2 3 86.726 86.726
1 1 3 86.813 86.813
1 3 3 86.899 86.899
1 4 3 86.899 86.899
1 2 3 86.985 86.985
1 1 3 86.985 86.985
1 3 3 87.071 87.071
1 4 3 87.071 87.071
1 2 3 87.157 87.157
1 4 3 87.244 87.244
1 1 3 87.244 87.244
1 3 3 87.33 87.33
1 2 3 87.33 87.33
1 1 3 87.416 87.416
1 4 3 87.416 87.416
1 3 3 87.502 87.502
1 1 3 87.588 87.588
1 2 3 87.632 87.632
1 3 3 87.675 87.675
1 4 3 87.718 87.718
1 2 3 87.761 87.761
1 1 3 87.761 87.761
1 3 3 87.847 87.847
1 4 3 87.847 87.847
1 2 3 87.933 87.933
1 1 3 87.933 87.933
1 3 3 88.019 88.019
1 4 3 88.019 88.019
1 2 3 88.106 88.106
1 1 3 88.106 88.106
1 3 3 88.192 88.192
1 4 3 88.192 88.192
1 2 3 88.278 88.278
1 1 3 88.278 88.278
1 3 3 88.45 88.45
1 4 3 88.494 88.494
1 2 3 88.623 88.623
1 1 3 88.795 88.795
1 4 3 88.968 88.968
1 2 3 89.14 89.14
1 3 3 89.313 89.313
1 4 3 89.485 89.485
1 3 3 89.657 89.657
1 2 3 89.657 89.657
2 1 3 89.657 89.83
2 3 3 89.83 90.002
2 4 3 90.002 90.175
1 1 3 90.002 90.002
1 2 3 90.002 90.002
2 1 3 90.175 90.261
2 2 3 90.261 90.347
1 4 3 90.347 90.347
1 1 3 90.347 90.347
2 3 3 90.347 90.433
2 2 3 90.433 90.519
2 3 3 90.519 90.606
2 1 3 90.692 90.864
1 4 3 90.692 90.692
1 2 3 90.692 90.692
2 4 3 90.864 91.209
1 3 3 91.037 91.037
1 2 3 91.037 91.037
1 1 3 91.037 91.037
2 2 3 91.209 91.382
2 3 3 91.382 91.468
1 4 3 91.382 91.382
1 1 3 91.382 91.382
2 2 3 91.554 91.64
2 3 3 91.64 91.726
1 4 3 91.726 91.726
1 1 3 91.726 91.726
2 2 3 91.726 91.813
2 3 3 91.813 91.899
2 4 3 91.899 91.985
2 1 3 91.985 92.071
1 2 3 92.071 92.071
1 3 3 92.071 92.071
2 4 3 92.071 92.157
2 1 3 92.157 92.244
2 2 3 92.244 92.33
2 3 3 92.33 92.416
1 4 3 92.416 92.416
1 1 3 92.416 92.416
2 2 3 92.416 92.588
2 4 3 92.588 92.761
2 3 3 92.761 92.933
1 2 3 92.761 92.761
1 1 3 92.761 92.761
2 1 3 92.933 93.106
1 3 3 93.106 93.106
1 4 3 93.106 93.106
2 2 3 93.106 93.192
2 1 3 93.192 93.278
2 3 3 93.278 93.364
2 2 3 93.364 93.45
1 4 3 93.45 93.45
1 1 3 93.45 93.45
2 3 3 93.45 93.537
2 2 3 93.537 93.623
2 4 3 93.623 93.968
1 3 3 93.795 93.795
1 2 3 93.795 93.795
1 1 3 93.795 93.795
2 1 3 93.968 94.054
2 3 3 94.054 94.14
1 1 3 94.14 94.14
2 2 3 94.14 94.226
1 4 3 94.14 94.14
2 3 3 94.226 94.313
2 4 3 94.313 94.399
2 2 3 94.399 94.485
2 3 3 94.485 94.571
1 4 3 94.485 94.485
1 1 3 94.485 94.485
2 2 3 94.571 94.657
2 4 3 94.657 94.744
2 3 3 94.744 94.83
1 1 3 94.83 94.83
1 4 3 94.83 94.83
2 2 3 94.83 94.916
2 3 3 94.916 95.002
2 1 3 95.002 95.088
2 2 3 95.088 95.175
2 4 3 95.175 95.347
1 3 3 95.175 95.175
1 1 3 95.175 95.175
1 2 3 95.347 95.347
1 3 3 95.519 95.519
1 1 3 95.519 95.519
2 4 3 95.519 95.692
2 2 3 95.692 95.778
2 3 3 95.778 95.864
1 4 3 95.864 95.864
1 1 3 95.864 95.864
2 2 3 95.864 95.95
2 3 3 95.95 96.037
2 1 3 96.123 96.209
2 4 3 96.209 96.382
1 2 3 96.209 96.209
1 3 3 96.209 96.209
2 3 3 96.382 96.554
1 2 3 96.554 96.554
1 4 3 96.554 96.554
1 1 3 96.554 96.554
2 3 3 96.64 96.726
2 2 3 96.726 96.813
2 4 3 96.813 96.899
1 3 3 96.899 96.899
1 1 3 96.899 96.899
2 2 3 96.899 96.985
2 4 3 96.985 97.071
2 1 3 97.071 97.157
2 3 3 97.157 97.244
2 1 3 97.244 97.33
1 2 3 97.244 97.244
1 4 3 97.244 97.244
2 3 3 97.33 97.416
2 4 3 97.416 97.502
2 2 3 97.502 97.588
1 3 3 97.588 97.588
1 1 3 97.588 97.588
2 4 3 97.588 97.675
2 2 3 97.675 97.761
2 3 3 97.761 97.847
2 1 3 97.847 97.933
1 2 3 97.933 97.933
1 3 3 97.933 97.933
1 4 3 97.933 97.933
2 1 3 98.019 98.278
2 3 3 98.278 98.45
1 2 3 98.278 98.278
1 4 3 98.278 98.278
2 2 3 98.45 98.623
2 3 3 98.623 98.709
1 1 3 98.623 98.623
1 4 3 98.623 98.623
2 2 3 98.709 98.795
2 4 3 98.795 98.882
2 1 3 98.882 98.968
1 2 3 98.968 98.968
1 3 3 98.968 98.968
1 4 3 98.968 98.968
2 1 3 99.054 99.226
2 4 3 99.226 99.313
1 2 3 99.313 99.313
2 3 3 99.313 99.485
2 1 3 99.313 99.485
2 2 3 99.571 99.744
2 4 3 99.571 99.744
2 4 3 99.83 100.002
2 3 3 99.83 99.916
1 3 3 100.002 100.002
2 2 3 100.002 100.175
2 1 3 100.002 100.175
1 4 3 100.175 100.175
1 3 3 100.218 100.218
1 2 3 100.261 100.261
1 1 3 100.304 100.304
2 4 3 100.347 100.433
2 3 3 100.347 100.433
2 1 3 100.519 100.606
2 2 3 100.519 100.606
1 4 3 100.692 100.692
1 1 3 100.692 100.692
2 3 3 100.692 100.864
2 1 3 100.864 101.037
1 3 3 101.037 101.037
1 2 3 101.037 101.037
2 4 3 101.037 101.209
2 1 3 101.209 101.295
2 3 3 101.295 101.382
1 4 3 101.382 101.382
1 2 3 101.382 101.382
2 1 3 101.382 101.468
2 3 3 101.468 101.554
2 4 3 101.554 101.64
1 1 3 101.726 101.726
1 2 3 101.726 101.726
2 3 3 101.726 101.899
2 1 3 101.899 102.244
1 3 3 102.071 102.071
1 2 3 102.071 102.071
1 4 3 102.071 102.071
2 4 3 102.244 102.416
1 3 3 102.416 102.416
1 1 3 102.416 102.416
2 2 3 102.416 102.502
2 3 3 102.588 102.675
2 2 3 102.675 102.761
1 1 3 102.761 102.761
1 4 3 102.761 102.761
2 3 3 102.761 102.847
2 2 3 102.847 102.933
2 1 3 102.933 103.019
2 4 3 103.019 103.106
2 1 3 103.106 103.192
1 3 3 103.106 103.106
1 2 3 103.106 103.106
2 4 3 103.192 103.278
2 2 3 103.278 103.364
2 3 3 103.364 103.45
1 1 3 103.45 103.45
1 4 3 103.45 103.45
2 2 3 103.45 103.623
2 3 3 103.623 103.795
1 2 3 103.795 103.795
1 1 3 103.795 103.795
2 4 3 103.795 103.968
2 2 3 103.968 104.14
1 1 3 104.14 104.14
2 4 3 104.14 104.226
1 3 3 104.14 104.14
2 2 3 104.226 104.313
2 3 3 104.313 104.399
2 1 3 104.399 104.485
1 4 3 104.485 104.485
1 3 3 104.485 104.485
2 2 3 104.485 104.571
2 1 3 104.571 104.657
2 4 3 104.657 105.002
1 3 3 104.83 104.83
1 2 3 104.83 104.83
1 1 3 104.83 104.83
2 2 3 105.002 105.088
2 3 3 105.088 105.175
2 2 3 105.175 105.261
1 1 3 105.175 105.175
1 4 3 105.175 105.175
2 3 3 105.261 105.347
2 1 3 105.347 105.433
2 2 3 105.433 105.519
1 3 3 105.519 105.519
1 4 3 105.519 105.519
2 1 3 105.519 105.606
2 2 3 105.606 105.692
2 3 3 105.692 105.778
2 4 3 105.778 105.864
2 3 3 105.864 105.95
1 2 3 105.864 105.864
1 1 3 105.864 105.864
2 4 3 105.95 106.037
2 2 3 106.037 106.123
2 3 3 106.123 106.209
1 4 3 106.209 106.209
2 2 3 106.209 106.382
2 1 3 106.209 106.382
1 3 3 106.382 106.382
1 4 3 106.382 106.382
1 2 3 106.554 106.554
1 1 3 106.554 106.554
1 3 3 106.64 106.64
1 4 3 106.64 106.64
1 4 3 106.813 106.813
1 3 3 106.813 106.813
1 2 3 106.899 106.899
1 1 3 106.899 106.899
1 3 3 107.071 107.071
1 1 3 107.071 107.071
1 2 3 107.157 107.157
1 4 3 107.157 107.157
1 4 3 107.33 107.33
1 2 3 107.33 107.33
1 1 3 107.416 107.416
1 3 3 107.416 107.416
1 1 3 107.502 107.502
1 3 3 107.588 107.588
1 4 3 107.588 107.588
1 4 3 107.675 107.675
1 3 3 107.675 107.675
1 1 3 107.761 107.761
1 2 3 107.804 107.804
1 3 3 107.847 107.847
1 4 3 107.89 107.89
1 2 3 107.933 107.933
1 1 3 107.933 107.933
1 3 3 108.019 108.019
1 4 3 108.019 108.019
1 3 3 108.192 108.192
1 4 3 108.192 108.192
1 2 3 108.278 108.278
1 1 3 108.278 108.278
1 2 3 108.45 108.45
1 3 3 108.45 108.45
1 4 3 108.537 108.537
1 1 3 108.537 108.537
1 4 3 108.709 108.709
1 1 3 108.709 108.709
1 2 3 108.795 108.795
1 3 3 108.795 108.795
1 2 3 108.882 108.882
1 3 3 108.968 108.968
1 4 3 108.968 108.968
1 2 3 109.054 109.054
1 1 3 109.054 109.054
1 3 3 109.14 109.14
1 4 3 109.14 109.14
1 2 3 109.226 109.226
1 1 3 109.226 109.226
1 3 3 109.313 109.313
1 4 3 109.313 109.313
1 2 3 109.399 109.399
1 1 3 109.399 109.399
1 3 3 109.485 109.485
1 4 3 109.485 109.485
1 2 3 109.571 109.571
1 1 3 109.571 109.571
1 3 3 109.657 109.657
1 4 3 109.657 109.657
1 2 3 109.744 109.744
1 1 3 109.744 109.744
1 3 3 109.83 109.83
1 4 3 109.83 109.83
1 2 3 109.916 109.916
1 1 3 109.916 109.916
1 3 3 110.002 110.002
1 4 3 110.002 110.002
1 2 3 110.045 110.045
1 1 3 110.088 110.088
1 4 3 110.132 110.132
1 3 3 110.175 110.175
1 2 3 110.261 110.261
2 1 3 110.347 110.519
1 3 3 110.39 110.39
1 4 3 110.433 110.433
1 2 3 110.476 110.476
1 3 3 110.519 110.519
2 4 3 110.606 110.778
1 2 3 110.692 110.692
1 3 3 110.778 110.778
2 1 3 110.864 111.037
1 2 3 110.95 110.95
1 3 3 111.037 111.037
2 4 3 111.123 111.209
2 2 3 111.209 111.295
2 1 3 111.295 111.382
1 4 3 111.382 111.382
1 3 3 111.425 111.425
1 2 3 111.468 111.468
1 1 3 111.511 111.511
1 4 3 111.554 111.554
1 3 3 111.597 111.597
1 2 3 111.64 111.64
1 1 3 111.683 111.683
1 2 3 111.726 111.726
1 4 3 111.726 111.726
1 3 3 111.726 111.726
1 1 3 111.813 111.813
1 3 3 111.899 111.899
1 4 3 111.985 111.985
1 1 3 112.071 112.071
1 2 3 112.157 112.157
1 4 3 112.244 112.244
1 3 3 112.33 112.33
1 2 3 112.416 112.416
1 1 3 112.416 112.416
1 4 3 112.502 112.502
1 2 3 112.588 112.588
1 4 3 112.675 112.675
2 3 3 112.761 112.933
2 1 3 112.933 113.106
1 2 3 113.106 113.106
1 3 3 113.106 113.106
1 4 3 113.106 113.106
1 1 3 113.192 113.192
1 3 3 113.278 113.278
1 1 3 113.364 113.364
1 4 3 113.45 113.45
1 3 3 113.537 113.537
1 2 3 113.623 113.623
1 1 3 113.709 113.709
1 3 3 113.795 113.795
1 4 3 113.795 113.795
1 2 3 113.882 113.882
1 3 3 113.968 113.968
1 2 3 114.054 114.054
2 1 3 114.14 114.313
1 3 3 114.226 114.226
2 4 3 114.313 114.399
1 2 3 114.399 114.399
1 3 3 114.485 114.485
1 1 3 114.485 114.485
1 4 3 114.485 114.485
1 2 3 114.571 114.571
1 3 3 114.657 114.657
1 1 3 114.744 114.744
1 4 3 114.83 114.83
1 2 3 114.916 114.916
1 3 3 115.002 115.002
1 4 3 115.088 115.088
1 2 3 115.175 115.175
1 1 3 115.175 115.175
1 3 3 115.261 115.261
1 2 3 115.347 115.347
1 4 3 115.433 115.433
1 1 3 115.519 115.519
1 2 3 115.606 115.606
1 3 3 115.778 115.778
1 4 3 115.864 115.864
1 2 3 115.864 115.864
1 1 3 115.864 115.864
1 3 3 115.95 115.95
1 2 3 116.037 116.037
1 3 3 116.123 116.123
1 2 3 116.209 116.209
1 3 3 116.295 116.295
1 2 3 116.382 116.382
1 3 3 116.468 116.468
1 1 3 116.554 116.554
1 4 3 116.554 116.554
1 2 3 116.64 116.64
1 3 3 116.726 116.726
1 2 3 116.813 116.813
2 3 3 116.899 117.244
1 2 3 117.244 117.244
1 1 3 117.244 117.244
1 4 3 117.33 117.33
1 2 3 117.416 117.416
1 1 3 117.416 117.416
1 3 3 117.502 117.502
1 2 3 117.588 117.588
1 1 3 117.588 117.588
1 4 3 117.675 117.675
1 2 3 117.761 117.761
1 1 3 117.761 117.761
1 3 3 117.847 117.847
1 2 3 117.933 117.933
1 1 3 117.933 117.933
1 4 3 118.019 118.019
1 2 3 118.106 118.106
1 1 3 118.106 118.106
1 3 3 118.192 118.192
1 2 3 118.278 118.278
1 1 3 118.278 118.278
1 4 3 118.364 118.364
1 2 3 118.45 118.45
1 1 3 118.45 118.45
1 1 3 118.537 118.537
1 3 3 118.623 118.623
1 4 3 118.623 118.623
1 2 3 118.709 118.709
1 1 3 118.709 118.709
1 3 3 118.795 118.795
1 4 3 118.795 118.795
1 2 3 118.882 118.882
1 3 3 118.968 118.968
1 4 3 118.968 118.968
1 1 3 119.054 119.054
1 3 3 119.14 119.14
1 4 3 119.14 119.14
1 2 3 119.226 119.226
1 3 3 119.313 119.313
1 4 3 119.313 119.313
1 2 3 119.399 119.399
1 1 3 119.399 119.399
1 3 3 119.485 119.485
1 2 3 119.571 119.571
1 1 3 119.571 119.571
1 4 3 119.657 119.657
1 3 3 119.7 119.7
1 2 3 119.744 119.744
1 1 3 119.787 119.787
1 4 3 119.83 119.83
1 3 3 119.873 119.873
1 2 3 119.916 119.916
1 1 3 119.959 119.959
1 3 3 120.002 120.002
1 4 3 120.002 120.002
1 2 3 120.088 120.088
1 1 3 120.175 120.175
1 4 3 120.175 120.175
1 3 3 120.261 120.261
1 2 3 120.347 120.347
1 1 3 120.347 120.347
1 3 3 120.433 120.433
1 4 3 120.519 120.519
1 1 3 120.519 120.519
1 2 3 120.606 120.606
1 3 3 120.692 120.692
1 4 3 120.692 120.692
1 2 3 120.778 120.778
1 1 3 120.864 120.864
1 4 3 120.864 120.864
1 3 3 120.95 120.95
1 2 3 121.037 121.037
1 1 3 121.037 121.037
1 3 3 121.123 121.123
1 4 3 121.209 121.209
1 1 3 121.209 121.209
1 2 3 121.295 121.295
1 4 3 121.382 121.382
1 3 3 121.425 121.425
1 2 3 121.468 121.468
1 1 3 121.554 121.554
1 4 3 121.64 121.64
1 3 3 121.683 121.683
1 2 3 121.726 121.726
1 1 3 121.813 121.813
1 4 3 121.899 121.899
1 3 3 121.942 121.942
1 2 3 121.985 121.985
1 4 3 122.071 122.071
1 1 3 122.114 122.114
1 2 3 122.157 122.157
1 3 3 122.2 122.2
1 4 3 122.244 122.244
1 1 3 122.287 122.287
1 2 3 122.33 122.33
1 3 3 122.373 122.373
1 4 3 122.416 122.416
1 1 3 122.459 122.459
1 2 3 122.502 122.502
1 3 3 122.545 122.545
1 4 3 122.588 122.588
1 1 3 122.632 122.632
1 2 3 122.675 122.675
1 3 3 122.718 122.718
2 4 3 122.761 123.019
1 1 3 122.761 122.761
