2 4 3 1.333 2.666
2 2 3 2.666 3.999
2 3 3 3.999 5.333
2 4 3 5.333 6.666
2 1 3 6.666 7.833
2 1 3 7.999 9.333
2 4 3 9.333 10.666
2 3 3 10.666 11.333
2 1 3 11.333 11.999
2 2 3 11.999 13.333
1 4 3 11.999 11.999
1 4 3 12.333 12.333
1 4 3 12.666 12.666
1 4 3 12.999 12.999
1 4 3 13.333 13.333
2 3 3 13.333 14.666
1 4 3 13.666 13.666
1 4 3 13.999 13.999
1 4 3 14.333 14.333
1 4 3 14.666 14.666
2 1 3 14.666 15.999
1 4 3 14.999 14.999
1 4 3 15.333 15.333
1 4 3 15.666 15.666
2 4 3 15.999 17.333
1 1 3 16.333 16.333
1 1 3 16.666 16.666
1 1 3 16.999 16.999
1 1 3 17.333 17.333
2 2 3 17.333 18.666
1 1 3 17.666 17.666
1 1 3 17.999 17.999
1 1 3 18.333 18.333
1 1 3 18.666 18.666
1 4 3 18.666 18.666
2 3 3 18.666 19.999
1 4 3 18.999 18.999
1 4 3 19.333 19.333
1 4 3 19.666 19.666
1 1 3 19.999 19.999
1 4 3 20.166 20.166
1 1 3 20.333 20.333
1 4 3 20.499 20.499
2 1 3 20.666 21.333
1 4 3 21.499 21.499
1 3 3 21.666 21.666
1 1 3 21.833 21.833
1 3 3 21.999 21.999
1 1 3 22.166 22.166
1 4 3 22.333 22.333
1 1 3 22.666 22.666
1 3 3 22.833 22.833
1 4 3 23.166 23.166
1 3 3 23.499 23.499
1 2 3 23.833 23.833
1 1 3 23.999 23.999
1 2 3 24.166 24.166
1 4 3 24.499 24.499
1 3 3 24.833 24.833
1 2 3 25.166 25.166
1 3 3 25.333 25.333
1 1 3 25.499 25.499
1 3 3 25.833 25.833
1 2 3 26.166 26.166
1 4 3 26.499 26.499
1 4 3 26.833 26.833
1 3 3 26.999 26.999
1 2 3 27.166 27.166
1 3 3 27.499 27.499
1 1 3 27.833 27.833
1 3 3 27.999 27.999
1 4 3 28.166 28.166
1 1 3 28.499 28.499
1 3 3 28.833 28.833
1 2 3 29.166 29.166
1 1 3 29.333 29.333
1 2 3 29.499 29.499
1 4 3 29.833 29.833
1 3 3 30.166 30.166
1 2 3 30.499 30.499
1 4 3 30.666 30.666
1 1 3 30.833 30.833
1 3 3 31.166 31.166
1 1 3 31.499 31.499
1 2 3 31.833 31.833
1 4 3 32.166 32.166
1 3 3 32.333 32.333
1 1 3 32.499 32.499
1 2 3 32.666 32.666
1 1 3 32.833 32.833
1 4 3 32.999 32.999
1 1 3 33.333 33.333
1 4 3 33.999 33.999
1 2 3 34.666 34.666
1 4 3 35.333 35.333
1 1 3 35.999 35.999
1 3 3 35.999 35.999
1 4 3 36.666 36.666
1 2 3 36.666 36.666
1 2 3 37.333 37.333
1 3 3 37.333 37.333
1 1 3 38.666 38.666
1 4 3 38.666 38.666
1 2 3 39.333 39.333
1 3 3 39.333 39.333
1 4 3 39.999 39.999
1 2 3 39.999 39.999
1 4 3 40.666 40.666
1 1 3 41.333 41.333
1 3 3 41.333 41.333
1 4 3 42.666 42.666
1 2 3 42.666 42.666
1 3 3 42.999 42.999
1 2 3 43.166 43.166
1 4 3 43.166 43.166
1 2 3 43.499 43.499
1 4 3 43.499 43.499
1 4 3 43.833 43.833
2 1 3 43.999 44.332
2 3 3 43.999 44.332
2 2 3 44.665 44.999
2 3 3 44.665 44.999
2 4 3 45.332 45.665
2 1 3 45.332 45.665
2 1 3 45.999 46.332
2 4 3 45.999 46.332
2 3 3 46.665 46.832
2 4 3 46.665 46.832
2 2 3 46.999 47.165
2 4 3 46.999 47.165
2 2 3 47.332 47.499
2 3 3 47.332 47.499
2 1 3 47.665 47.832
2 3 3 47.665 47.832
1 4 3 47.998 47.998
1 2 3 47.998 47.998
1 4 3 48.332 48.332
1 1 3 48.665 48.665
1 1 3 48.832 48.832
1 4 3 48.998 48.998
1 1 3 49.165 49.165
2 3 3 49.332 49.665
2 4 3 49.332 49.665
2 1 3 49.998 50.332
2 2 3 49.998 50.332
2 2 3 50.665 50.998
2 4 3 50.665 50.998
2 1 3 51.332 51.665
2 3 3 51.332 51.665
1 4 3 51.998 51.998
1 1 3 51.998 51.998
1 3 3 52.165 52.165
1 1 3 52.332 52.332
1 3 3 52.498 52.498
1 1 3 52.832 52.832
1 3 3 52.998 52.998
1 4 3 53.165 53.165
1 2 3 53.332 53.332
1 4 3 53.332 53.332
1 2 3 53.665 53.665
1 4 3 53.665 53.665
1 1 3 53.998 53.998
1 3 3 53.998 53.998
1 3 3 54.332 54.332
1 1 3 54.332 54.332
2 4 3 54.665 54.998
2 3 3 55.165 55.498
2 2 3 55.665 55.832
1 3 3 55.998 55.998
2 1 3 56.165 56.332
1 4 3 56.498 56.498
1 1 3 56.832 56.832
1 3 3 56.998 56.998
1 4 3 57.165 57.165
1 3 3 57.332 57.332
1 1 3 57.498 57.498
1 4 3 57.665 57.665
1 3 3 57.832 57.832
1 1 3 57.998 57.998
1 4 3 58.165 58.165
1 2 3 58.332 58.332
1 1 3 58.498 58.498
1 2 3 58.665 58.665
2 4 3 58.832 59.165
1 1 3 59.165 59.165
1 2 3 59.332 59.332
1 4 3 59.332 59.332
1 2 3 59.665 59.665
1 4 3 59.665 59.665
1 3 3 59.832 59.832
1 2 3 59.998 59.998
2 1 3 59.998 60.332
1 3 3 60.332 60.332
2 4 3 60.498 60.998
1 2 3 60.498 60.498
1 2 3 60.832 60.832
1 3 3 60.998 60.998
1 1 3 60.998 60.998
1 4 3 61.332 61.332
2 3 3 61.332 62.498
1 2 3 61.665 61.665
1 4 3 61.665 61.665
1 1 3 61.832 61.832
1 2 3 61.998 61.998
1 4 3 62.332 62.332
1 2 3 62.332 62.332
1 4 3 62.665 62.665
1 3 3 62.832 62.832
1 1 3 62.998 62.998
1 4 3 63.165 63.165
1 2 3 63.332 63.332
1 1 3 63.498 63.498
1 3 3 63.665 63.665
1 1 3 63.832 63.832
1 2 3 63.998 63.998
1 1 3 64.165 64.165
1 2 3 64.332 64.332
1 3 3 64.498 64.498
1 2 3 64.665 64.665
1 1 3 64.832 64.832
1 2 3 64.998 64.998
1 4 3 65.165 65.165
1 1 3 65.332 65.332
2 3 3 65.332 65.665
1 4 3 65.665 65.665
2 2 3 65.832 66.165
1 1 3 65.832 65.832
1 4 3 66.165 66.165
1 3 3 66.332 66.332
2 1 3 66.332 66.665
1 2 3 66.665 66.665
2 4 3 66.832 66.998
1 3 3 67.165 67.165
1 1 3 67.498 67.498
1 3 3 67.665 67.665
1 4 3 67.832 67.832
1 3 3 67.998 67.998
1 1 3 68.165 68.165
1 2 3 68.332 68.332
1 1 3 68.498 68.498
1 3 3 68.498 68.498
1 2 3 68.832 68.832
1 4 3 68.832 68.832
2 4 3 69.165 69.665
2 1 3 69.165 69.665
1 3 3 69.832 69.832
1 4 3 69.915 69.915
1 3 3 69.998 69.998
1 1 3 70.332 70.332
1 4 3 70.332 70.332
1 2 3 70.665 70.665
1 1 3 70.832 70.832
1 2 3 70.998 70.998
1 3 3 70.998 70.998
1 4 3 71.165 71.165
1 3 3 71.332 71.332
1 4 3 71.498 71.498
1 1 3 71.665 71.665
1 3 3 71.665 71.665
1 4 3 71.998 71.998
1 3 3 72.165 72.165
1 2 3 72.332 72.332
1 1 3 72.498 72.498
1 4 3 72.665 72.665
1 3 3 72.832 72.832
1 2 3 72.998 72.998
1 1 3 73.165 73.165
1 3 3 73.332 73.332
1 1 3 73.332 73.332
1 3 3 73.665 73.665
1 2 3 73.665 73.665
1 4 3 73.998 73.998
1 3 3 73.998 73.998
1 4 3 74.332 74.332
1 2 3 74.332 74.332
1 4 3 74.665 74.665
1 3 3 74.832 74.832
1 2 3 74.998 74.998
1 1 3 75.165 75.165
1 4 3 75.332 75.332
1 3 3 75.415 75.415
1 2 3 75.498 75.498
1 1 3 75.582 75.582
1 4 3 75.665 75.665
1 3 3 75.748 75.748
1 2 3 75.832 75.832
1 1 3 75.915 75.915
1 4 3 75.999 75.999
1 2 3 76.499 76.499
1 3 3 76.999 76.999
1 1 3 77.332 77.332
1 2 3 77.332 77.332
1 4 3 77.832 77.832
1 2 3 78.332 78.332
1 4 3 78.665 78.665
1 1 3 78.665 78.665
1 1 3 79.165 79.165
1 4 3 79.665 79.665
1 2 3 79.999 79.999
1 3 3 79.999 79.999
1 4 3 80.332 80.332
1 1 3 80.499 80.499
1 3 3 80.665 80.665
1 1 3 80.999 80.999
1 4 3 81.332 81.332
1 2 3 81.332 81.332
1 3 3 81.832 81.832
1 4 3 82.165 82.165
1 1 3 82.332 82.332
1 4 3 82.665 82.665
1 2 3 82.665 82.665
1 3 3 82.832 82.832
1 2 3 82.999 82.999
1 1 3 83.165 83.165
1 2 3 83.499 83.499
1 4 3 83.665 83.665
1 1 3 83.832 83.832
1 2 3 83.999 83.999
1 3 3 83.999 83.999
1 4 3 84.332 84.332
1 3 3 84.499 84.499
1 2 3 84.832 84.832
1 2 3 85.165 85.165
1 3 3 85.165 85.165
1 2 3 85.832 85.832
1 4 3 85.999 85.999
1 3 3 86.332 86.332
1 2 3 86.332 86.332
1 1 3 86.665 86.665
1 3 3 86.665 86.665
1 1 3 87.165 87.165
1 2 3 87.165 87.165
1 4 3 87.665 87.665
1 1 3 87.665 87.665
1 1 3 87.999 87.999
1 2 3 87.999 87.999
1 4 3 88.499 88.499
1 3 3 88.499 88.499
1 1 3 88.999 88.999
1 3 3 88.999 88.999
1 2 3 89.332 89.332
1 3 3 89.332 89.332
1 1 3 89.832 89.832
1 2 3 89.832 89.832
1 4 3 90.332 90.332
1 1 3 90.332 90.332
1 4 3 90.665 90.665
1 2 3 90.665 90.665
1 3 3 90.999 90.999
1 2 3 91.165 91.165
1 3 3 91.332 91.332
1 1 3 91.332 91.332
1 4 3 91.665 91.665
1 2 3 91.665 91.665
1 4 3 91.999 91.999
1 1 3 91.999 91.999
1 3 3 92.499 92.499
1 2 3 92.499 92.499
1 1 3 92.832 92.832
1 3 3 92.999 92.999
1 4 3 92.999 92.999
1 4 3 93.332 93.332
1 3 3 93.332 93.332
1 2 3 93.499 93.499
1 4 3 93.499 93.499
1 4 3 93.665 93.665
1 1 3 93.665 93.665
1 1 3 93.832 93.832
1 2 3 93.832 93.832
1 1 3 94.165 94.165
1 4 3 94.332 94.332
1 3 3 94.332 94.332
1 2 3 94.499 94.499
1 4 3 94.665 94.665
1 1 3 94.665 94.665
1 4 3 94.999 94.999
1 1 3 94.999 94.999
1 2 3 95.165 95.165
1 3 3 95.165 95.165
1 1 3 95.499 95.499
1 4 3 95.499 95.499
1 2 3 95.832 95.832
1 3 3 95.832 95.832
1 2 3 96.165 96.165
1 3 3 96.165 96.165
1 1 3 96.499 96.499
1 4 3 96.665 96.665
1 2 3 96.665 96.665
1 3 3 96.999 96.999
1 2 3 96.999 96.999
1 3 3 97.165 97.165
1 1 3 97.331 97.331
2 4 3 97.331 98.331
2 1 3 98.331 98.664
2 3 3 98.664 99.164
2 2 3 99.164 99.664
2 1 3 99.664 99.997
2 2 3 99.997 100.497
2 3 3 100.497 100.997
2 4 3 100.997 101.331
2 2 3 101.331 101.997
2 1 3 101.997 102.331
2 3 3 102.331 102.664
2 4 3 102.664 103.331
2 2 3 103.331 103.497
2 4 3 103.497 103.664
2 1 3 103.664 103.997
2 4 3 103.997 104.164
2 3 3 104.164 104.331
2 2 3 104.331 104.497
2 1 3 104.497 104.664
2 2 3 104.83 104.997
2 4 3 104.997 105.33
2 3 3 105.33 105.664
2 2 3 105.664 105.997
2 3 3 105.997 106.33
2 1 3 106.33 106.664
2 2 3 106.664 106.997
2 4 3 106.664 106.997
2 1 3 106.997 107.33
2 3 3 106.997 107.33
2 2 3 107.33 107.664
2 4 3 107.33 107.664
2 1 3 107.664 107.997
2 3 3 107.664 107.997
1 4 3 107.997 107.997
1 2 3 108.33 108.33
1 4 3 108.33 108.33
1 1 3 108.664 108.664
1 1 3 108.83 108.83
1 4 3 108.997 108.997
1 2 3 108.997 108.997
1 3 3 109.33 109.33
1 1 3 109.664 109.664
1 2 3 109.664 109.664
1 1 3 109.83 109.83
1 4 3 110.164 110.164
1 3 3 110.33 110.33
1 1 3 110.33 110.33
1 2 3 110.664 110.664
1 4 3 110.997 110.997
1 2 3 110.997 110.997
1 1 3 111.164 111.164
1 1 3 111.497 111.497
1 4 3 111.664 111.664
1 3 3 111.664 111.664
1 2 3 111.997 111.997
1 3 3 112.33 112.33
1 2 3 112.33 112.33
1 1 3 112.664 112.664
1 4 3 112.83 112.83
1 3 3 112.997 112.997
1 2 3 112.997 112.997
1 1 3 113.33 113.33
1 4 3 113.664 113.664
1 2 3 113.664 113.664
1 2 3 113.997 113.997
1 3 3 114.164 114.164
1 1 3 114.33 114.33
1 4 3 114.33 114.33
1 3 3 114.664 114.664
1 1 3 114.997 114.997
1 3 3 114.997 114.997
1 2 3 115.164 115.164
1 1 3 115.497 115.497
1 4 3 115.664 115.664
1 3 3 115.664 115.664
1 4 3 115.997 115.997
1 2 3 115.997 115.997
1 3 3 116.33 116.33
1 2 3 116.33 116.33
1 1 3 116.664 116.664
1 3 3 116.664 116.664
1 1 3 116.997 116.997
1 2 3 116.997 116.997
1 4 3 117.164 117.164
1 3 3 117.33 117.33
1 1 3 117.33 117.33
1 2 3 117.664 117.664
1 4 3 117.664 117.664
1 1 3 117.997 117.997
1 3 3 117.997 117.997
1 4 3 118.33 118.33
1 2 3 118.33 118.33
2 1 3 118.664 119.664
1 4 3 118.664 118.664
1 2 3 118.997 118.997
1 4 3 118.997 118.997
1 2 3 119.33 119.33
1 3 3 119.497 119.497
2 4 3 119.664 119.997
1 2 3 119.664 119.664
2 3 3 119.997 120.497
1 1 3 119.997 119.997
1 4 3 120.33 120.33
1 1 3 120.497 120.497
2 2 3 120.497 120.997
1 3 3 120.83 120.83
2 1 3 120.997 121.33
1 4 3 120.997 120.997
1 2 3 121.33 121.33
2 3 3 121.33 121.83
1 4 3 121.664 121.664
2 2 3 121.83 122.33
1 1 3 121.83 121.83
1 3 3 122.164 122.164
2 1 3 122.33 122.664
1 4 3 122.33 122.33
2 4 3 122.664 123.33
1 2 3 122.664 122.664
1 3 3 122.997 122.997
2 3 3 123.33 123.664
1 1 3 123.33 123.33
1 2 3 123.497 123.497
2 4 3 123.664 123.997
1 1 3 123.664 123.664
2 1 3 123.997 124.664
1 3 3 123.997 123.997
1 4 3 124.33 124.33
2 3 3 124.664 124.83
1 4 3 124.664 124.664
2 2 3 124.83 124.997
1 1 3 124.83 124.83
1 3 3 124.997 124.997
2 4 3 124.997 125.33
1 1 3 125.33 125.33
1 3 3 125.33 125.33
1 2 3 125.497 125.497
1 4 3 125.664 125.664
1 3 3 125.664 125.664
1 1 3 125.83 125.83
1 2 3 125.997 125.997
1 3 3 125.997 125.997
1 4 3 126.164 126.164
1 1 3 126.33 126.33
1 3 3 126.33 126.33
1 2 3 126.497 126.497
2 3 3 126.664 126.997
1 4 3 126.664 126.664
2 2 3 126.997 127.33
1 1 3 126.997 126.997
2 1 3 127.33 127.664
1 3 3 127.33 127.33
1 4 3 127.497 127.497
2 2 3 127.664 127.997
1 3 3 127.664 127.664
2 4 3 127.997 128.997
1 1 3 127.997 127.997
1 3 3 128.33 128.33
1 2 3 128.33 128.33
1 2 3 128.664 128.664
1 3 3 128.664 128.664
1 3 3 128.83 128.83
2 1 3 128.997 129.33
1 2 3 128.997 128.997
1 3 3 128.997 128.997
1 2 3 129.164 129.164
1 4 3 129.33 129.33
1 2 3 129.33 129.33
1 4 3 129.664 129.664
1 3 3 129.664 129.664
1 1 3 129.83 129.83
1 1 3 130.164 130.164
1 4 3 130.33 130.33
1 3 3 130.33 130.33
1 1 3 130.664 130.664
1 4 3 130.664 130.664
1 3 3 130.83 130.83
1 4 3 130.997 130.997
1 3 3 131.164 131.164
1 1 3 131.33 131.33
1 2 3 131.497 131.497
1 3 3 131.664 131.664
1 4 3 131.83 131.83
1 3 3 131.997 131.997
1 1 3 131.997 131.997
1 4 3 132.33 132.33
1 3 3 132.33 132.33
1 2 3 132.497 132.497
1 3 3 132.83 132.83
1 2 3 132.997 132.997
1 4 3 132.997 132.997
1 4 3 133.33 133.33
1 1 3 133.33 133.33
1 4 3 133.664 133.664
1 2 3 133.664 133.664
1 3 3 133.997 133.997
1 2 3 134.164 134.164
1 4 3 134.33 134.33
1 3 3 134.33 134.33
1 4 3 134.664 134.664
1 3 3 134.747 134.747
1 2 3 134.83 134.83
1 1 3 134.914 134.914
1 4 3 134.997 134.997
1 3 3 135.08 135.08
1 2 3 135.164 135.164
1 1 3 135.247 135.247
1 4 3 135.33 135.33
1 2 3 135.497 135.497
1 4 3 135.58 135.58
1 3 3 135.664 135.664
1 1 3 135.83 135.83
1 2 3 135.83 135.83
1 4 3 135.997 135.997
1 2 3 136.164 136.164
1 3 3 136.247 136.247
1 2 3 136.33 136.33
1 1 3 136.497 136.497
1 2 3 136.58 136.58
1 1 3 136.664 136.664
1 4 3 136.83 136.83
1 3 3 136.914 136.914
1 4 3 136.997 136.997
1 1 3 137.164 137.164
1 4 3 137.33 137.33
1 3 3 137.33 137.33
1 1 3 137.497 137.497
1 3 3 137.664 137.664
1 2 3 137.664 137.664
1 1 3 137.83 137.83
1 4 3 137.997 137.997
1 2 3 137.997 137.997
1 1 3 138.164 138.164
1 3 3 138.33 138.33
1 2 3 138.33 138.33
1 4 3 138.497 138.497
1 1 3 138.664 138.664
1 3 3 138.664 138.664
1 2 3 138.997 138.997
1 3 3 138.997 138.997
1 4 3 138.997 138.997
1 1 3 139.33 139.33
1 2 3 139.33 139.33
1 3 3 139.33 139.33
1 1 3 139.664 139.664
1 2 3 139.664 139.664
1 4 3 139.664 139.664
2 1 3 139.997 142.664
1 3 3 139.997 139.997
