1 4 3 2.176 2.176
1 1 3 2.176 2.176
1 2 3 2.348 2.348
1 3 3 2.519 2.519
1 4 3 2.691 2.691
1 2 3 2.862 2.862
1 1 3 2.862 2.862
1 3 3 3.033 3.033
1 4 3 3.033 3.033
1 2 3 3.205 3.205
1 1 3 3.205 3.205
1 2 3 3.548 3.548
1 4 3 3.548 3.548
1 3 3 3.719 3.719
1 4 3 3.891 3.891
1 1 3 3.891 3.891
1 2 3 4.062 4.062
1 3 3 4.062 4.062
1 2 3 4.405 4.405
1 1 3 4.405 4.405
1 2 3 4.576 4.576
1 3 3 4.576 4.576
1 3 3 4.748 4.748
1 4 3 4.748 4.748
1 4 3 4.919 4.919
1 1 3 4.919 4.919
1 2 3 5.091 5.091
1 3 3 5.262 5.262
1 4 3 5.433 5.433
1 2 3 5.605 5.605
1 1 3 5.605 5.605
1 3 3 5.776 5.776
1 4 3 5.776 5.776
1 3 3 5.948 5.948
1 2 3 5.948 5.948
1 4 3 6.119 6.119
1 1 3 6.119 6.119
1 4 3 6.291 6.291
1 2 3 6.291 6.291
1 3 3 6.462 6.462
1 2 3 6.633 6.633
1 1 3 6.633 6.633
1 2 3 6.805 6.805
1 1 3 6.805 6.805
1 3 3 7.491 7.491
1 2 3 7.491 7.491
1 1 3 7.662 7.662
1 4 3 7.662 7.662
1 2 3 7.833 7.833
1 3 3 8.005 8.005
1 4 3 8.176 8.176
1 2 3 8.348 8.348
1 1 3 8.348 8.348
1 3 3 8.519 8.519
1 4 3 8.519 8.519
1 2 3 8.691 8.691
1 3 3 8.691 8.691
1 4 3 8.862 8.862
1 1 3 8.862 8.862
1 4 3 9.033 9.033
1 2 3 9.033 9.033
1 3 3 9.205 9.205
1 2 3 9.376 9.376
1 1 3 9.548 9.548
1 3 3 9.719 9.719
1 4 3 9.719 9.719
1 4 3 10.062 10.062
1 2 3 10.062 10.062
1 4 3 10.405 10.405
1 1 3 10.405 10.405
1 2 3 10.576 10.576
1 3 3 10.748 10.748
1 4 3 10.748 10.748
1 2 3 10.919 10.919
1 1 3 10.919 10.919
1 4 3 11.262 11.262
1 1 3 11.262 11.262
1 3 3 11.776 11.776
1 4 3 11.776 11.776
1 1 3 11.948 11.948
1 2 3 12.119 12.119
1 3 3 12.291 12.291
1 1 3 12.462 12.462
2 4 3 12.462 13.148
2 1 3 13.148 13.319
1 3 3 13.148 13.148
1 3 3 13.319 13.319
1 4 3 13.491 13.491
1 1 3 13.491 13.491
1 2 3 13.491 13.491
1 3 3 13.662 13.662
1 4 3 13.748 13.748
2 1 3 13.833 14.005
1 2 3 13.833 13.833
1 4 3 13.919 13.919
2 3 3 14.005 14.176
1 2 3 14.176 14.176
1 1 3 14.176 14.176
2 4 3 14.176 14.348
1 2 3 14.348 14.348
1 3 3 14.433 14.433
1 1 3 14.519 14.519
2 4 3 14.519 14.691
1 1 3 14.691 14.691
2 2 3 14.862 15.033
1 3 3 14.862 14.862
1 4 3 14.862 14.862
2 1 3 15.033 15.205
1 4 3 15.119 15.119
1 2 3 15.205 15.205
1 3 3 15.205 15.205
1 1 3 15.291 15.291
2 4 3 15.376 15.548
1 3 3 15.548 15.548
1 2 3 15.548 15.548
2 1 3 15.548 15.719
2 2 3 15.719 15.891
1 4 3 15.805 15.805
2 3 3 15.891 16.062
1 1 3 15.891 15.891
1 1 3 16.062 16.062
1 3 3 16.233 16.233
1 2 3 16.233 16.233
1 4 3 16.233 16.233
1 1 3 16.405 16.405
1 3 3 16.491 16.491
1 2 3 16.576 16.576
2 1 3 16.576 16.748
1 4 3 16.662 16.662
2 3 3 16.748 16.919
1 2 3 16.919 16.919
1 1 3 16.919 16.919
2 4 3 16.919 17.091
2 2 3 17.091 17.262
1 4 3 17.176 17.176
2 3 3 17.262 17.433
1 1 3 17.262 17.262
1 1 3 17.433 17.433
1 3 3 17.605 17.605
1 4 3 17.605 17.605
2 2 3 17.605 17.691
2 2 3 17.776 17.948
1 3 3 17.862 17.862
1 4 3 17.948 17.948
1 1 3 17.948 17.948
1 2 3 18.033 18.033
1 3 3 18.119 18.119
1 4 3 18.291 18.291
1 2 3 18.291 18.291
1 1 3 18.291 18.291
2 3 3 18.462 18.633
1 2 3 18.548 18.548
2 4 3 18.633 18.805
1 1 3 18.633 18.633
1 1 3 18.805 18.805
1 2 3 18.976 18.976
1 3 3 18.976 18.976
1 4 3 18.976 18.976
1 1 3 19.148 19.148
1 2 3 19.233 19.233
2 4 3 19.319 19.491
1 3 3 19.319 19.319
1 1 3 19.405 19.405
2 2 3 19.491 19.662
1 3 3 19.662 19.662
1 4 3 19.662 19.662
2 1 3 19.662 19.833
2 3 3 19.833 20.005
1 2 3 19.919 19.919
1 4 3 20.005 20.005
2 1 3 20.005 20.176
1 4 3 20.176 20.176
1 3 3 20.348 20.348
1 2 3 20.348 20.348
1 1 3 20.348 20.348
1 4 3 20.519 20.519
1 3 3 20.605 20.605
1 2 3 20.691 20.691
2 1 3 20.691 20.862
1 4 3 20.776 20.776
1 3 3 20.862 20.862
1 4 3 21.033 21.033
1 1 3 21.033 21.033
2 2 3 21.033 21.205
1 3 3 21.205 21.205
1 1 3 21.291 21.291
1 3 3 21.376 21.376
2 4 3 21.376 21.548
1 2 3 21.548 21.548
1 1 3 21.548 21.548
1 4 3 21.719 21.719
1 3 3 21.719 21.719
2 1 3 21.719 21.891
2 3 3 21.891 22.062
1 2 3 21.891 21.891
1 4 3 21.976 21.976
1 2 3 22.062 22.062
1 1 3 22.062 22.062
1 3 3 22.148 22.148
2 4 3 22.233 22.405
1 1 3 22.233 22.233
1 3 3 22.405 22.405
1 2 3 22.405 22.405
1 1 3 22.405 22.405
1 4 3 22.576 22.576
1 3 3 22.576 22.576
1 1 3 22.662 22.662
2 4 3 22.748 22.919
1 2 3 22.748 22.748
1 3 3 22.833 22.833
1 1 3 22.919 22.919
1 2 3 23.005 23.005
1 4 3 23.091 23.091
1 3 3 23.091 23.091
1 1 3 23.091 23.091
1 2 3 23.176 23.176
1 4 3 23.262 23.262
1 1 3 23.348 23.348
2 2 3 23.433 23.605
1 3 3 23.433 23.433
1 4 3 23.519 23.519
1 1 3 23.605 23.605
1 3 3 23.691 23.691
1 4 3 23.776 23.776
1 1 3 23.776 23.776
1 2 3 23.776 23.776
1 3 3 23.862 23.862
1 1 3 23.948 23.948
1 2 3 24.033 24.033
2 3 3 24.119 24.291
1 1 3 24.291 24.291
1 1 3 24.376 24.376
1 4 3 24.462 24.462
1 3 3 24.462 24.462
1 2 3 24.548 24.548
1 1 3 24.633 24.633
1 3 3 24.805 24.805
2 4 3 24.976 25.491
1 1 3 25.148 25.148
1 2 3 25.148 25.148
1 3 3 25.233 25.233
1 1 3 25.405 25.405
1 2 3 25.491 25.491
2 3 3 25.491 25.662
2 1 3 25.662 25.833
1 2 3 25.833 25.833
1 4 3 25.833 25.833
2 3 3 25.833 26.005
2 4 3 26.005 26.176
1 1 3 26.091 26.091
1 3 3 26.176 26.176
1 2 3 26.262 26.262
2 1 3 26.348 26.519
1 4 3 26.348 26.348
1 2 3 26.519 26.519
1 4 3 26.519 26.519
2 3 3 26.519 26.691
2 4 3 26.691 26.862
1 1 3 26.776 26.776
1 3 3 26.862 26.862
2 2 3 26.862 27.033
1 3 3 27.033 27.033
1 4 3 27.205 27.205
1 2 3 27.205 27.205
1 1 3 27.205 27.205
1 3 3 27.376 27.376
1 2 3 27.462 27.462
1 1 3 27.462 27.462
1 4 3 27.548 27.548
1 3 3 27.633 27.633
1 2 3 27.633 27.633
1 4 3 27.719 27.719
2 1 3 27.719 27.891
1 4 3 27.891 27.891
1 3 3 27.891 27.891
2 2 3 27.891 28.062
2 3 3 28.062 28.233
2 4 3 28.233 28.405
1 1 3 28.233 28.233
1 1 3 28.405 28.405
1 2 3 28.576 28.576
1 4 3 28.576 28.576
2 3 3 28.576 28.748
2 4 3 28.748 28.919
1 2 3 28.833 28.833
1 1 3 28.919 28.919
1 3 3 29.005 29.005
2 4 3 29.091 29.262
1 2 3 29.091 29.091
1 3 3 29.262 29.262
1 2 3 29.262 29.262
2 1 3 29.262 29.433
2 4 3 29.433 29.605
1 3 3 29.519 29.519
2 2 3 29.605 29.776
2 1 3 29.605 29.691
1 1 3 29.776 29.776
1 2 3 29.948 29.948
1 3 3 29.948 29.948
1 4 3 29.948 29.948
2 1 3 30.119 30.205
2 3 3 30.119 30.205
1 2 3 30.205 30.205
2 1 3 30.291 30.376
2 4 3 30.291 30.376
1 3 3 30.376 30.376
1 2 3 30.376 30.376
1 4 3 30.462 30.462
1 1 3 30.462 30.462
1 2 3 30.633 30.633
1 3 3 30.633 30.633
1 4 3 30.633 30.633
1 1 3 30.805 30.805
1 2 3 30.891 30.891
1 4 3 30.891 30.891
1 1 3 30.976 30.976
2 3 3 30.976 31.148
2 1 3 31.148 31.319
1 2 3 31.319 31.319
1 4 3 31.319 31.319
2 3 3 31.319 31.491
2 4 3 31.491 31.662
1 1 3 31.576 31.576
1 2 3 31.662 31.662
1 4 3 31.748 31.748
2 3 3 31.833 32.005
1 1 3 31.833 31.833
1 4 3 32.005 32.005
1 1 3 32.005 32.005
2 2 3 32.005 32.176
2 4 3 32.176 32.348
1 1 3 32.262 32.262
1 3 3 32.348 32.348
2 2 3 32.348 32.519
1 3 3 32.519 32.519
1 4 3 32.691 32.691
1 2 3 32.691 32.691
1 1 3 32.691 32.691
1 3 3 32.862 32.862
1 2 3 32.948 32.948
1 1 3 32.948 32.948
1 4 3 33.033 33.033
1 3 3 33.119 33.119
1 2 3 33.119 33.119
1 4 3 33.205 33.205
2 1 3 33.205 33.376
1 4 3 33.376 33.376
1 3 3 33.376 33.376
2 2 3 33.376 33.548
2 3 3 33.548 33.719
2 4 3 33.719 33.891
1 1 3 33.719 33.719
1 1 3 33.891 33.891
1 2 3 34.062 34.062
1 4 3 34.062 34.062
2 3 3 34.062 34.233
2 4 3 34.233 34.405
1 2 3 34.319 34.319
1 1 3 34.405 34.405
1 3 3 34.491 34.491
2 4 3 34.576 34.748
1 2 3 34.576 34.576
1 3 3 34.748 34.748
1 2 3 34.748 34.748
2 1 3 34.748 34.919
2 4 3 34.919 35.091
1 3 3 35.005 35.005
2 2 3 35.091 35.262
2 1 3 35.091 35.176
1 1 3 35.262 35.262
1 2 3 35.433 35.433
1 3 3 35.433 35.433
1 4 3 35.433 35.433
2 1 3 35.605 35.691
2 3 3 35.605 35.691
1 2 3 35.691 35.691
2 1 3 35.776 35.862
2 4 3 35.776 35.862
1 3 3 35.862 35.862
1 2 3 35.862 35.862
1 4 3 35.948 35.948
1 1 3 35.948 35.948
1 2 3 36.119 36.119
1 3 3 36.119 36.119
1 4 3 36.119 36.119
1 1 3 36.291 36.291
1 2 3 36.376 36.376
1 4 3 36.376 36.376
2 3 3 36.462 36.633
1 1 3 36.462 36.462
2 1 3 36.633 36.805
2 3 3 36.805 36.976
1 4 3 36.805 36.805
1 2 3 36.805 36.805
2 4 3 36.976 37.148
1 1 3 37.062 37.062
1 3 3 37.148 37.148
1 2 3 37.233 37.233
1 1 3 37.319 37.319
2 4 3 37.319 37.491
2 2 3 37.491 37.662
1 3 3 37.491 37.491
1 1 3 37.491 37.491
2 4 3 37.662 37.833
1 1 3 37.748 37.748
2 2 3 37.833 38.005
1 3 3 37.833 37.833
1 3 3 38.005 38.005
1 1 3 38.176 38.176
1 2 3 38.176 38.176
1 4 3 38.176 38.176
1 3 3 38.348 38.348
1 1 3 38.433 38.433
1 2 3 38.433 38.433
1 4 3 38.519 38.519
1 2 3 38.605 38.605
1 3 3 38.605 38.605
2 1 3 38.691 38.862
1 4 3 38.691 38.691
2 2 3 38.862 39.033
1 3 3 38.862 38.862
1 4 3 38.862 38.862
2 3 3 39.033 39.205
1 1 3 39.205 39.205
2 4 3 39.205 39.376
1 1 3 39.376 39.376
2 3 3 39.548 39.719
1 4 3 39.548 39.548
1 2 3 39.548 39.548
2 4 3 39.719 39.891
1 2 3 39.805 39.805
1 1 3 39.891 39.891
1 3 3 39.976 39.976
1 2 3 40.062 40.062
2 4 3 40.062 40.233
2 1 3 40.233 40.405
1 2 3 40.233 40.233
1 3 3 40.233 40.233
2 4 3 40.405 40.576
1 3 3 40.491 40.491
2 2 3 40.576 40.748
2 1 3 40.576 40.662
1 1 3 40.748 40.748
1 4 3 40.919 40.919
1 3 3 40.919 40.919
1 2 3 40.919 40.919
2 1 3 41.091 41.176
2 3 3 41.091 41.176
1 2 3 41.176 41.176
2 1 3 41.262 41.348
2 4 3 41.262 41.348
1 2 3 41.348 41.348
1 3 3 41.348 41.348
1 1 3 41.433 41.433
1 4 3 41.433 41.433
1 4 3 41.605 41.605
1 3 3 41.605 41.605
1 2 3 41.605 41.605
1 1 3 41.776 41.776
1 4 3 41.862 41.862
1 2 3 41.862 41.862
1 1 3 41.948 41.948
2 3 3 41.948 42.119
2 1 3 42.119 42.291
1 2 3 42.291 42.291
1 4 3 42.291 42.291
2 3 3 42.291 42.462
2 4 3 42.462 42.633
1 1 3 42.548 42.548
1 3 3 42.633 42.633
1 2 3 42.719 42.719
2 1 3 42.805 42.976
1 4 3 42.805 42.805
1 2 3 42.976 42.976
1 4 3 42.976 42.976
2 3 3 42.976 43.148
2 4 3 43.148 43.319
1 1 3 43.233 43.233
1 3 3 43.319 43.319
2 2 3 43.319 43.491
1 3 3 43.491 43.491
1 4 3 43.662 43.662
1 2 3 43.662 43.662
1 1 3 43.662 43.662
1 3 3 43.833 43.833
1 2 3 43.919 43.919
1 1 3 43.919 43.919
1 4 3 44.005 44.005
1 3 3 44.091 44.091
1 2 3 44.091 44.091
1 4 3 44.176 44.176
2 1 3 44.176 44.348
1 4 3 44.348 44.348
1 3 3 44.348 44.348
2 2 3 44.348 44.519
2 3 3 44.519 44.691
2 4 3 44.691 44.862
1 1 3 44.691 44.691
1 1 3 44.862 44.862
1 2 3 45.033 45.033
1 4 3 45.033 45.033
2 3 3 45.033 45.205
2 4 3 45.205 45.376
1 2 3 45.291 45.291
1 1 3 45.376 45.376
1 3 3 45.462 45.462
2 4 3 45.548 45.719
1 2 3 45.548 45.548
1 3 3 45.719 45.719
1 2 3 45.719 45.719
2 1 3 45.719 45.891
2 4 3 45.891 46.062
1 3 3 45.976 45.976
2 2 3 46.062 46.233
2 1 3 46.062 46.148
1 1 3 46.233 46.233
1 2 3 46.405 46.405
1 3 3 46.405 46.405
1 4 3 46.405 46.405
2 1 3 46.576 46.662
2 3 3 46.576 46.662
1 2 3 46.662 46.662
2 1 3 46.748 46.833
2 4 3 46.748 46.833
1 3 3 46.833 46.833
1 2 3 46.833 46.833
1 4 3 46.919 46.919
1 1 3 46.919 46.919
1 3 3 47.091 47.091
1 4 3 47.091 47.091
1 2 3 47.091 47.091
1 1 3 47.262 47.262
1 4 3 47.348 47.348
1 3 3 47.348 47.348
2 1 3 47.433 47.648
2 2 3 47.433 47.691
2 3 3 47.476 47.733
2 4 3 47.519 47.776
2 1 3 47.776 47.833
2 2 3 47.805 47.862
2 3 3 47.833 47.891
2 1 3 47.948 48.005
2 2 3 47.976 48.033
2 3 3 48.005 48.062
1 4 3 48.119 48.119
1 2 3 48.119 48.119
1 1 3 48.119 48.119
1 3 3 48.176 48.176
1 1 3 48.233 48.233
1 2 3 48.291 48.291
1 3 3 48.348 48.348
1 1 3 48.405 48.405
1 4 3 48.462 48.462
1 3 3 48.505 48.505
1 2 3 48.548 48.548
1 1 3 48.591 48.591
1 3 3 48.633 48.633
1 4 3 48.676 48.676
1 1 3 48.719 48.719
1 2 3 48.762 48.762
2 4 3 48.805 49.062
2 3 3 48.805 49.062
2 1 3 48.848 49.062
1 3 3 49.148 49.148
1 4 3 49.148 49.148
1 4 3 49.233 49.233
1 3 3 49.233 49.233
1 2 3 49.319 49.319
1 1 3 49.319 49.319
1 4 3 49.405 49.405
1 1 3 49.405 49.405
2 3 3 49.491 49.748
2 4 3 49.491 49.748
1 2 3 49.533 49.533
2 1 3 49.576 49.748
2 2 3 49.662 49.748
2 1 3 49.833 50.091
2 2 3 49.833 50.091
1 3 3 49.876 49.876
2 4 3 49.919 50.091
2 3 3 50.005 50.091
2 2 3 50.176 50.433
2 1 3 50.176 50.391
2 3 3 50.219 50.476
2 4 3 50.262 50.519
2 1 3 50.519 50.576
2 2 3 50.548 50.605
2 3 3 50.576 50.633
2 1 3 50.691 50.748
2 2 3 50.719 50.776
2 3 3 50.748 50.805
1 4 3 50.862 50.862
1 1 3 50.862 50.862
1 2 3 50.862 50.862
1 1 3 50.948 50.948
1 3 3 51.033 51.033
1 4 3 51.033 51.033
1 3 3 51.119 51.119
1 2 3 51.205 51.205
1 1 3 51.205 51.205
1 2 3 51.291 51.291
1 3 3 51.376 51.376
1 4 3 51.376 51.376
1 4 3 51.462 51.462
1 1 3 51.548 51.548
1 2 3 51.548 51.548
1 3 3 51.633 51.633
1 1 3 51.719 51.719
1 2 3 51.719 51.719
1 3 3 51.805 51.805
1 4 3 51.891 51.891
1 1 3 51.891 51.891
1 2 3 51.976 51.976
1 4 3 52.062 52.062
1 3 3 52.062 52.062
1 2 3 52.148 52.148
1 3 3 52.233 52.233
1 4 3 52.233 52.233
1 1 3 52.233 52.233
1 2 3 52.291 52.291
1 3 3 52.348 52.348
1 4 3 52.405 52.405
1 1 3 52.491 52.491
2 3 3 52.576 52.833
2 4 3 52.576 52.833
1 2 3 52.619 52.619
2 1 3 52.662 52.833
2 2 3 52.748 52.833
2 2 3 52.919 53.176
2 1 3 52.919 53.133
2 3 3 52.962 53.219
2 4 3 53.005 53.262
2 1 3 53.262 53.319
2 2 3 53.291 53.348
2 3 3 53.319 53.376
2 1 3 53.433 53.491
2 2 3 53.462 53.519
2 3 3 53.491 53.548
1 4 3 53.605 53.605
1 2 3 53.605 53.605
1 1 3 53.605 53.605
1 3 3 53.662 53.662
1 1 3 53.719 53.719
1 2 3 53.776 53.776
1 3 3 53.833 53.833
1 1 3 53.891 53.891
1 4 3 53.948 53.948
1 3 3 53.991 53.991
1 2 3 54.033 54.033
1 1 3 54.076 54.076
1 3 3 54.119 54.119
1 4 3 54.162 54.162
1 1 3 54.205 54.205
1 2 3 54.248 54.248
2 4 3 54.291 54.548
2 3 3 54.291 54.548
2 1 3 54.333 54.548
1 3 3 54.633 54.633
1 4 3 54.633 54.633
1 3 3 54.719 54.719
1 4 3 54.719 54.719
1 2 3 54.805 54.805
1 1 3 54.805 54.805
1 1 3 54.891 54.891
1 4 3 54.891 54.891
2 3 3 54.976 55.233
2 4 3 54.976 55.233
1 2 3 55.019 55.019
2 1 3 55.062 55.233
2 2 3 55.148 55.233
2 1 3 55.319 55.576
2 2 3 55.319 55.576
1 3 3 55.362 55.362
2 4 3 55.405 55.576
2 3 3 55.491 55.576
2 2 3 55.662 55.919
2 1 3 55.662 55.876
2 3 3 55.705 55.962
2 4 3 55.748 56.005
2 1 3 56.005 56.062
2 2 3 56.033 56.091
2 3 3 56.062 56.119
2 1 3 56.176 56.233
2 2 3 56.205 56.262
2 3 3 56.233 56.291
1 4 3 56.348 56.348
1 1 3 56.348 56.348
1 2 3 56.348 56.348
1 1 3 56.433 56.433
1 3 3 56.519 56.519
1 4 3 56.519 56.519
1 3 3 56.605 56.605
1 1 3 56.691 56.691
1 2 3 56.691 56.691
1 2 3 56.776 56.776
1 4 3 56.862 56.862
1 3 3 56.862 56.862
1 4 3 56.948 56.948
1 1 3 57.033 57.033
2 2 3 57.033 57.119
2 2 3 57.205 57.291
2 4 3 57.376 57.462
2 1 3 57.376 57.462
2 4 3 57.548 57.633
2 1 3 57.548 57.633
2 3 3 57.719 57.805
2 4 3 57.719 57.805
2 1 3 57.719 57.805
2 3 3 57.891 57.976
2 4 3 57.891 57.976
2 1 3 57.891 57.976
2 3 3 58.062 58.148
2 4 3 58.062 58.148
2 2 3 58.062 58.148
2 1 3 58.062 58.148
2 1 3 58.233 58.319
2 2 3 58.233 58.319
2 3 3 58.233 58.319
2 4 3 58.233 58.319
1 3 3 58.405 58.405
1 4 3 58.405 58.405
1 3 3 58.491 58.491
1 4 3 58.491 58.491
1 2 3 58.576 58.576
1 1 3 58.576 58.576
1 1 3 58.662 58.662
1 2 3 58.662 58.662
2 4 3 58.748 59.005
2 3 3 58.748 59.005
2 1 3 58.919 59.005
2 2 3 58.919 59.091
2 4 3 59.091 59.433
2 3 3 59.091 59.262
1 1 3 59.091 59.091
2 2 3 59.176 59.348
2 1 3 59.262 59.433
1 3 3 59.433 59.433
1 2 3 59.491 59.491
1 3 3 59.548 59.548
1 2 3 59.605 59.605
1 3 3 59.662 59.662
1 2 3 59.719 59.719
1 4 3 59.776 59.776
1 1 3 59.776 59.776
1 3 3 59.833 59.833
1 2 3 59.891 59.891
1 4 3 59.948 59.948
1 3 3 60.005 60.005
2 2 3 60.119 60.205
2 1 3 60.119 60.205
2 3 3 60.205 60.291
2 4 3 60.205 60.291
2 2 3 60.291 60.376
2 1 3 60.291 60.376
1 3 3 60.376 60.376
2 4 3 60.462 60.548
2 1 3 60.462 60.548
1 2 3 60.462 60.462
2 3 3 60.548 60.633
2 4 3 60.633 60.719
2 1 3 60.633 60.719
1 2 3 60.719 60.719
2 3 3 60.805 60.891
2 4 3 60.805 60.891
2 2 3 60.891 60.976
2 1 3 60.891 60.976
2 3 3 60.976 61.062
2 4 3 60.976 61.062
1 2 3 61.062 61.062
1 1 3 61.062 61.062
2 4 3 61.148 61.491
2 3 3 61.148 61.448
2 2 3 61.319 61.405
2 1 3 61.319 61.362
2 1 3 61.491 61.548
2 2 3 61.519 61.576
2 3 3 61.548 61.605
2 1 3 61.662 61.719
2 2 3 61.691 61.748
2 3 3 61.719 61.776
2 4 3 61.833 62.005
2 2 3 61.833 62.176
2 1 3 61.833 62.176
2 4 3 62.176 62.348
1 3 3 62.348 62.348
1 2 3 62.369 62.369
2 1 3 62.391 62.519
1 4 3 62.519 62.519
1 3 3 62.519 62.519
1 2 3 62.576 62.576
1 3 3 62.633 62.633
1 4 3 62.691 62.691
1 1 3 62.748 62.748
1 2 3 62.805 62.805
2 3 3 62.862 62.948
2 3 3 63.033 63.119
1 4 3 63.205 63.205
1 1 3 63.205 63.205
2 3 3 63.205 63.291
2 3 3 63.376 63.462
2 2 3 63.548 63.633
2 1 3 63.548 63.633
2 3 3 63.633 63.719
2 4 3 63.633 63.719
2 2 3 63.719 63.805
2 1 3 63.719 63.805
2 3 3 63.805 63.891
2 4 3 63.891 64.233
2 1 3 63.891 63.948
2 2 3 63.919 63.976
2 3 3 63.948 64.005
2 1 3 64.062 64.119
2 2 3 64.091 64.148
2 3 3 64.119 64.176
1 2 3 64.233 64.233
1 1 3 64.233 64.233
1 2 3 64.319 64.319
1 1 3 64.319 64.319
1 3 3 64.405 64.405
1 4 3 64.405 64.405
1 3 3 64.491 64.491
1 4 3 64.491 64.491
2 2 3 64.576 64.833
2 1 3 64.576 64.833
2 3 3 64.662 64.833
1 4 3 64.919 64.919
1 3 3 65.005 65.005
1 1 3 65.091 65.091
1 2 3 65.148 65.148
1 3 3 65.205 65.205
2 4 3 65.262 65.433
2 1 3 65.262 65.433
1 2 3 65.433 65.433
1 3 3 65.491 65.491
1 2 3 65.548 65.548
2 4 3 65.605 65.691
2 1 3 65.605 65.691
2 3 3 65.776 65.862
2 2 3 65.776 65.862
2 1 3 65.948 66.033
2 4 3 65.948 66.033
1 3 3 65.948 65.948
2 1 3 66.119 66.205
2 4 3 66.119 66.205
1 4 3 66.291 66.291
1 1 3 66.291 66.291
1 3 3 66.376 66.376
1 2 3 66.376 66.376
1 1 3 66.462 66.462
1 4 3 66.462 66.462
1 3 3 66.548 66.548
1 2 3 66.548 66.548
2 1 3 66.633 66.848
2 4 3 66.633 66.976
2 2 3 66.805 66.891
2 3 3 66.805 66.933
2 1 3 66.976 67.033
2 2 3 67.005 67.062
2 3 3 67.033 67.091
2 1 3 67.148 67.205
2 2 3 67.176 67.233
2 3 3 67.205 67.262
1 2 3 67.319 67.319
1 1 3 67.319 67.319
1 4 3 67.319 67.319
1 3 3 67.376 67.376
1 1 3 67.433 67.433
1 2 3 67.491 67.491
1 4 3 67.548 67.548
1 3 3 67.605 67.605
1 1 3 67.662 67.662
1 2 3 67.705 67.705
1 4 3 67.748 67.748
1 3 3 67.791 67.791
1 1 3 67.833 67.833
1 2 3 67.876 67.876
1 4 3 67.919 67.919
1 3 3 67.962 67.962
1 1 3 68.005 68.005
1 3 3 68.062 68.062
1 1 3 68.119 68.119
1 3 3 68.176 68.176
1 4 3 68.233 68.233
1 2 3 68.291 68.291
2 4 3 68.348 68.519
2 2 3 68.405 68.519
1 3 3 68.519 68.519
1 1 3 68.519 68.519
1 4 3 68.691 68.691
1 1 3 68.691 68.691
1 2 3 68.691 68.691
1 4 3 68.862 68.862
1 3 3 68.862 68.862
1 2 3 68.919 68.919
1 4 3 68.976 68.976
1 2 3 69.033 69.033
1 3 3 69.033 69.033
1 1 3 69.033 69.033
1 1 3 69.205 69.205
1 4 3 69.205 69.205
1 2 3 69.291 69.291
1 3 3 69.291 69.291
1 1 3 69.376 69.376
1 4 3 69.376 69.376
1 2 3 69.719 69.719
1 1 3 69.719 69.719
1 4 3 69.891 69.891
1 3 3 69.891 69.891
1 3 3 70.233 70.233
1 2 3 70.233 70.233
1 4 3 70.405 70.405
1 1 3 70.405 70.405
1 2 3 70.748 70.748
1 4 3 70.748 70.748
1 3 3 71.776 71.776
1 4 3 71.776 71.776
1 4 3 72.119 72.119
1 1 3 72.119 72.119
1 3 3 72.462 72.462
1 1 3 72.462 72.462
1 2 3 72.633 72.633
1 4 3 72.633 72.633
1 3 3 73.148 73.148
1 4 3 73.148 73.148
1 3 3 73.319 73.319
1 2 3 73.319 73.319
1 2 3 73.491 73.491
1 1 3 73.491 73.491
1 3 3 74.519 74.519
1 2 3 74.519 74.519
1 4 3 74.691 74.691
1 1 3 74.691 74.691
1 3 3 74.862 74.862
1 4 3 74.862 74.862
1 2 3 74.862 74.862
1 2 3 75.205 75.205
1 1 3 75.205 75.205
1 3 3 75.376 75.376
1 4 3 75.376 75.376
1 3 3 75.719 75.719
1 2 3 75.719 75.719
1 4 3 75.891 75.891
1 1 3 75.891 75.891
1 4 3 76.233 76.233
1 2 3 76.233 76.233
1 1 3 76.233 76.233
1 3 3 76.319 76.319
1 1 3 76.405 76.405
1 2 3 76.491 76.491
1 4 3 76.576 76.576
1 1 3 76.662 76.662
1 2 3 76.748 76.748
1 3 3 76.833 76.833
1 4 3 76.919 76.919
1 1 3 77.005 77.005
1 3 3 77.091 77.091
1 2 3 77.176 77.176
1 4 3 77.262 77.262
1 1 3 77.262 77.262
1 3 3 77.348 77.348
1 1 3 77.433 77.433
1 2 3 77.519 77.519
1 1 3 77.605 77.605
1 3 3 77.605 77.605
1 4 3 77.605 77.605
1 2 3 77.691 77.691
1 3 3 77.776 77.776
1 1 3 77.862 77.862
1 4 3 77.948 77.948
1 2 3 77.948 77.948
1 3 3 78.033 78.033
1 1 3 78.119 78.119
1 2 3 78.119 78.119
1 4 3 78.205 78.205
1 1 3 78.291 78.291
1 2 3 78.291 78.291
1 3 3 78.291 78.291
1 4 3 78.376 78.376
1 2 3 78.462 78.462
1 3 3 78.548 78.548
1 1 3 78.633 78.633
1 4 3 78.633 78.633
1 2 3 78.719 78.719
1 3 3 78.805 78.805
1 1 3 78.891 78.891
1 3 3 78.976 78.976
1 4 3 78.976 78.976
2 2 3 78.976 79.148
1 1 3 79.148 79.148
1 1 3 79.233 79.233
1 4 3 79.319 79.319
1 3 3 79.319 79.319
1 2 3 79.405 79.405
1 1 3 79.491 79.491
1 4 3 79.491 79.491
1 3 3 79.662 79.662
1 2 3 79.662 79.662
1 1 3 79.748 79.748
2 4 3 79.833 80.348
1 1 3 80.005 80.005
1 2 3 80.005 80.005
1 3 3 80.091 80.091
1 1 3 80.262 80.262
1 3 3 80.348 80.348
2 2 3 80.348 80.519
1 4 3 80.519 80.519
1 4 3 80.691 80.691
1 1 3 80.691 80.691
1 3 3 80.691 80.691
1 2 3 80.862 80.862
1 3 3 80.948 80.948
2 1 3 81.033 81.205
1 4 3 81.119 81.119
2 3 3 81.205 81.376
1 2 3 81.205 81.205
1 2 3 81.376 81.376
1 1 3 81.376 81.376
2 4 3 81.376 81.548
1 2 3 81.548 81.548
1 3 3 81.633 81.633
1 1 3 81.719 81.719
2 4 3 81.719 81.891
1 1 3 81.891 81.891
2 2 3 82.062 82.233
1 3 3 82.062 82.062
1 4 3 82.062 82.062
2 1 3 82.233 82.405
1 2 3 82.319 82.319
1 3 3 82.319 82.319
1 4 3 82.405 82.405
1 1 3 82.491 82.491
1 2 3 82.491 82.491
2 4 3 82.576 82.748
1 3 3 82.576 82.576
1 3 3 82.748 82.748
1 2 3 82.748 82.748
2 1 3 82.748 82.919
2 2 3 82.919 83.091
1 4 3 83.005 83.005
1 1 3 83.091 83.091
2 3 3 83.091 83.262
1 2 3 83.262 83.262
1 3 3 83.433 83.433
1 2 3 83.433 83.433
1 1 3 83.433 83.433
1 4 3 83.605 83.605
1 3 3 83.691 83.691
2 1 3 83.776 83.948
1 4 3 83.862 83.862
2 3 3 83.948 84.119
1 2 3 83.948 83.948
1 2 3 84.119 84.119
1 1 3 84.119 84.119
2 4 3 84.119 84.291
2 2 3 84.291 84.462
1 4 3 84.376 84.376
2 3 3 84.462 84.633
1 1 3 84.462 84.462
1 1 3 84.633 84.633
1 3 3 84.805 84.805
1 4 3 84.805 84.805
2 2 3 84.805 84.891
2 2 3 84.976 85.148
1 3 3 85.062 85.062
1 4 3 85.148 85.148
1 2 3 85.233 85.233
1 1 3 85.233 85.233
1 3 3 85.319 85.319
1 4 3 85.319 85.319
1 4 3 85.491 85.491
1 2 3 85.491 85.491
1 1 3 85.491 85.491
2 3 3 85.662 85.748
1 2 3 85.748 85.748
1 1 3 85.748 85.748
2 4 3 85.833 86.005
1 3 3 85.833 85.833
1 1 3 86.005 86.005
1 2 3 86.176 86.176
1 3 3 86.176 86.176
1 4 3 86.176 86.176
1 1 3 86.348 86.348
1 2 3 86.433 86.433
2 4 3 86.519 86.691
1 1 3 86.605 86.605
2 2 3 86.691 86.862
1 3 3 86.691 86.691
1 3 3 86.862 86.862
1 4 3 86.862 86.862
2 1 3 86.862 87.033
2 3 3 87.033 87.205
1 2 3 87.119 87.119
1 4 3 87.205 87.205
2 1 3 87.205 87.376
1 4 3 87.376 87.376
1 3 3 87.548 87.548
1 2 3 87.548 87.548
1 1 3 87.548 87.548
1 4 3 87.719 87.719
1 3 3 87.805 87.805
1 2 3 87.805 87.805
2 1 3 87.891 87.976
1 4 3 87.976 87.976
1 2 3 87.976 87.976
1 3 3 88.062 88.062
1 1 3 88.062 88.062
1 2 3 88.233 88.233
1 1 3 88.233 88.233
2 4 3 88.233 88.405
1 3 3 88.405 88.405
1 2 3 88.491 88.491
1 1 3 88.576 88.576
2 4 3 88.576 88.748
1 3 3 88.748 88.748
1 4 3 88.919 88.919
1 2 3 88.919 88.919
2 1 3 88.919 89.091
2 3 3 89.091 89.262
1 1 3 89.176 89.176
1 2 3 89.262 89.262
1 3 3 89.348 89.348
1 1 3 89.433 89.433
2 4 3 89.433 89.519
1 2 3 89.605 89.605
1 1 3 89.605 89.605
2 4 3 89.605 89.776
1 3 3 89.776 89.776
1 2 3 89.862 89.862
2 4 3 89.948 90.119
1 1 3 89.948 89.948
1 2 3 90.119 90.119
1 4 3 90.291 90.291
1 3 3 90.291 90.291
1 1 3 90.291 90.291
1 4 3 90.462 90.462
1 1 3 90.548 90.548
2 2 3 90.633 90.719
1 3 3 90.719 90.719
1 4 3 90.719 90.719
1 2 3 90.805 90.805
1 1 3 90.805 90.805
1 3 3 90.976 90.976
1 4 3 90.976 90.976
1 1 3 90.976 90.976
1 2 3 91.148 91.148
1 3 3 91.233 91.233
2 1 3 91.319 91.491
1 4 3 91.319 91.319
1 2 3 91.319 91.319
1 3 3 91.491 91.491
1 4 3 91.662 91.662
1 1 3 91.662 91.662
1 3 3 91.662 91.662
1 2 3 91.833 91.833
1 3 3 91.919 91.919
2 1 3 92.005 92.176
1 4 3 92.091 92.091
2 3 3 92.176 92.348
1 2 3 92.176 92.176
1 2 3 92.348 92.348
1 1 3 92.348 92.348
2 4 3 92.348 92.519
1 2 3 92.519 92.519
1 3 3 92.605 92.605
1 1 3 92.691 92.691
2 4 3 92.691 92.862
1 1 3 92.862 92.862
2 2 3 93.033 93.205
1 3 3 93.033 93.033
1 4 3 93.033 93.033
2 1 3 93.205 93.376
1 2 3 93.291 93.291
1 3 3 93.291 93.291
1 4 3 93.376 93.376
1 1 3 93.462 93.462
1 2 3 93.462 93.462
2 4 3 93.548 93.719
1 3 3 93.548 93.548
1 3 3 93.719 93.719
1 2 3 93.719 93.719
2 1 3 93.719 93.891
2 2 3 93.891 94.062
1 4 3 93.976 93.976
2 3 3 94.062 94.233
1 1 3 94.062 94.062
1 2 3 94.233 94.233
1 3 3 94.405 94.405
1 2 3 94.405 94.405
1 1 3 94.405 94.405
1 4 3 94.576 94.576
1 3 3 94.662 94.662
2 1 3 94.748 94.919
1 4 3 94.833 94.833
2 3 3 94.919 95.091
1 2 3 94.919 94.919
1 2 3 95.091 95.091
1 1 3 95.091 95.091
2 4 3 95.091 95.262
2 2 3 95.262 95.433
1 4 3 95.348 95.348
2 3 3 95.433 95.605
1 1 3 95.433 95.433
1 1 3 95.605 95.605
1 3 3 95.776 95.776
1 4 3 95.776 95.776
2 2 3 95.776 95.862
2 2 3 95.948 96.119
1 3 3 96.033 96.033
1 4 3 96.119 96.119
1 2 3 96.205 96.205
1 1 3 96.205 96.205
1 3 3 96.291 96.291
1 4 3 96.291 96.291
1 4 3 96.462 96.462
1 2 3 96.462 96.462
1 1 3 96.462 96.462
2 3 3 96.633 96.719
1 2 3 96.719 96.719
1 1 3 96.719 96.719
2 4 3 96.805 96.976
1 3 3 96.805 96.805
1 1 3 96.976 96.976
1 2 3 97.148 97.148
1 3 3 97.148 97.148
1 4 3 97.148 97.148
1 1 3 97.319 97.319
1 2 3 97.405 97.405
2 4 3 97.491 97.662
1 1 3 97.576 97.576
2 2 3 97.662 97.833
1 3 3 97.662 97.662
1 3 3 97.833 97.833
1 4 3 97.833 97.833
2 1 3 97.833 98.005
2 3 3 98.005 98.176
1 2 3 98.091 98.091
1 4 3 98.176 98.176
2 1 3 98.176 98.348
1 4 3 98.348 98.348
1 3 3 98.519 98.519
1 2 3 98.519 98.519
1 1 3 98.519 98.519
1 4 3 98.691 98.691
1 3 3 98.776 98.776
1 2 3 98.776 98.776
2 1 3 98.862 98.948
1 4 3 98.948 98.948
1 2 3 98.948 98.948
1 3 3 99.033 99.033
1 1 3 99.033 99.033
1 2 3 99.205 99.205
1 1 3 99.205 99.205
2 4 3 99.205 99.376
1 3 3 99.376 99.376
1 2 3 99.462 99.462
1 1 3 99.548 99.548
2 4 3 99.548 99.719
1 3 3 99.633 99.633
1 2 3 99.719 99.719
1 4 3 99.805 99.805
1 2 3 99.891 99.891
2 1 3 99.891 100.062
1 3 3 99.891 99.891
1 4 3 99.976 99.976
2 3 3 100.062 100.233
1 1 3 100.148 100.148
1 2 3 100.233 100.233
1 3 3 100.319 100.319
2 4 3 100.405 100.491
1 1 3 100.405 100.405
1 3 3 100.491 100.491
1 2 3 100.576 100.576
1 1 3 100.576 100.576
2 4 3 100.576 100.748
1 3 3 100.662 100.662
1 1 3 100.748 100.748
1 2 3 100.833 100.833
2 4 3 100.919 101.091
1 3 3 100.919 100.919
1 1 3 101.005 101.005
1 2 3 101.091 101.091
1 3 3 101.176 101.176
1 4 3 101.262 101.262
1 1 3 101.262 101.262
1 2 3 101.262 101.262
1 3 3 101.348 101.348
1 1 3 101.433 101.433
1 4 3 101.519 101.519
2 2 3 101.605 101.691
1 3 3 101.691 101.691
1 4 3 101.691 101.691
1 2 3 101.776 101.776
1 1 3 101.776 101.776
1 3 3 101.862 101.862
1 4 3 101.948 101.948
1 1 3 101.948 101.948
1 2 3 101.948 101.948
1 3 3 102.033 102.033
1 1 3 102.119 102.119
1 2 3 102.205 102.205
2 4 3 102.291 104.948
1 3 3 102.291 102.291
1 2 3 102.462 102.462
1 3 3 102.633 102.633
1 2 3 102.633 102.633
1 1 3 102.633 102.633
1 3 3 102.805 102.805
1 1 3 102.891 102.891
1 2 3 102.976 102.976
1 3 3 103.062 103.062
1 2 3 103.148 103.148
1 1 3 103.148 103.148
1 3 3 103.319 103.319
1 2 3 103.319 103.319
1 1 3 103.319 103.319
1 3 3 103.491 103.491
1 2 3 103.576 103.576
1 1 3 103.662 103.662
1 3 3 103.833 103.833
1 2 3 103.833 103.833
1 3 3 104.005 104.005
1 2 3 104.005 104.005
1 1 3 104.005 104.005
1 2 3 104.176 104.176
1 3 3 104.262 104.262
1 1 3 104.348 104.348
1 3 3 104.433 104.433
1 1 3 104.519 104.519
1 2 3 104.519 104.519
1 3 3 104.691 104.691
1 2 3 104.691 104.691
1 1 3 104.691 104.691
1 3 3 104.862 104.862
1 2 3 104.948 104.948
1 4 3 105.033 105.033
1 1 3 105.033 105.033
1 4 3 105.205 105.205
1 3 3 105.376 105.376
1 2 3 105.376 105.376
1 1 3 105.376 105.376
1 4 3 105.548 105.548
1 3 3 105.633 105.633
1 1 3 105.719 105.719
1 2 3 105.805 105.805
1 3 3 105.891 105.891
1 4 3 105.891 105.891
1 4 3 106.062 106.062
1 2 3 106.062 106.062
1 1 3 106.062 106.062
1 3 3 106.233 106.233
1 2 3 106.319 106.319
1 1 3 106.405 106.405
1 1 3 106.576 106.576
2 3 3 106.576 106.662
1 3 3 106.748 106.748
1 2 3 106.748 106.748
2 4 3 106.748 106.833
2 1 3 106.919 107.005
1 2 3 107.005 107.005
1 3 3 107.005 107.005
2 4 3 107.091 107.176
1 3 3 107.176 107.176
1 1 3 107.262 107.262
2 2 3 107.262 107.348
1 4 3 107.433 107.433
1 1 3 107.433 107.433
2 3 3 107.433 107.519
2 2 3 107.605 107.691
1 3 3 107.691 107.691
1 4 3 107.776 107.776
1 1 3 107.776 107.776
1 2 3 107.819 107.819
1 3 3 107.862 107.862
1 1 3 107.948 107.948
1 2 3 108.119 108.119
1 3 3 108.119 108.119
1 4 3 108.119 108.119
1 1 3 108.291 108.291
1 2 3 108.376 108.376
1 4 3 108.462 108.462
1 3 3 108.548 108.548
1 1 3 108.633 108.633
1 2 3 108.633 108.633
1 3 3 108.805 108.805
1 4 3 108.805 108.805
1 1 3 108.805 108.805
1 2 3 108.976 108.976
1 3 3 109.062 109.062
1 4 3 109.148 109.148
1 4 3 109.319 109.319
1 2 3 109.319 109.319
1 1 3 109.491 109.491
1 2 3 109.491 109.491
1 3 3 109.491 109.491
1 4 3 109.662 109.662
1 3 3 109.748 109.748
1 2 3 109.833 109.833
1 1 3 109.919 109.919
1 4 3 110.005 110.005
1 3 3 110.005 110.005
1 3 3 110.176 110.176
1 2 3 110.176 110.176
1 1 3 110.176 110.176
1 4 3 110.348 110.348
1 1 3 110.433 110.433
1 3 3 110.519 110.519
1 2 3 110.519 110.519
1 4 3 110.605 110.605
1 1 3 110.691 110.691
1 3 3 110.776 110.776
1 2 3 110.862 110.862
1 1 3 110.862 110.862
1 4 3 110.862 110.862
1 3 3 110.948 110.948
1 1 3 111.033 111.033
1 2 3 111.119 111.119
1 4 3 111.205 111.205
1 3 3 111.291 111.291
1 2 3 111.376 111.376
1 1 3 111.376 111.376
1 4 3 111.462 111.462
1 3 3 111.548 111.548
1 1 3 111.548 111.548
1 2 3 111.548 111.548
1 4 3 111.633 111.633
1 1 3 111.719 111.719
1 2 3 111.805 111.805
1 3 3 111.891 111.891
1 4 3 111.976 111.976
1 2 3 112.062 112.062
1 1 3 112.062 112.062
1 3 3 112.148 112.148
1 4 3 112.233 112.233
1 2 3 112.233 112.233
1 1 3 112.233 112.233
1 3 3 112.319 112.319
1 1 3 112.405 112.405
1 2 3 112.491 112.491
1 4 3 112.491 112.491
1 3 3 112.576 112.576
1 1 3 112.662 112.662
1 3 3 112.748 112.748
1 2 3 112.748 112.748
1 4 3 112.833 112.833
1 3 3 112.919 112.919
1 2 3 112.919 112.919
1 1 3 112.919 112.919
1 4 3 113.005 113.005
1 1 3 113.091 113.091
1 3 3 113.176 113.176
1 2 3 113.176 113.176
1 4 3 113.262 113.262
1 1 3 113.262 113.262
