1 1 3 1.333 1.333
1 4 3 1.333 1.333
1 2 3 1.499 1.499
1 4 3 1.833 1.833
1 3 3 2.166 2.166
1 2 3 2.499 2.499
1 1 3 2.666 2.666
1 3 3 2.666 2.666
1 2 3 2.833 2.833
1 4 3 3.166 3.166
1 2 3 3.499 3.499
1 1 3 3.833 3.833
1 2 3 3.999 3.999
1 3 3 3.999 3.999
1 4 3 4.166 4.166
1 1 3 4.499 4.499
1 3 3 4.833 4.833
1 2 3 5.166 5.166
1 4 3 5.333 5.333
1 3 3 5.499 5.499
1 2 3 5.666 5.666
1 1 3 5.833 5.833
1 2 3 6.166 6.166
1 1 3 6.499 6.499
1 3 3 6.666 6.666
1 1 3 6.666 6.666
1 4 3 6.833 6.833
1 1 3 7.166 7.166
1 4 3 7.499 7.499
1 2 3 7.833 7.833
1 1 3 7.999 7.999
1 2 3 7.999 7.999
1 3 3 8.166 8.166
1 4 3 8.499 8.499
1 3 3 8.833 8.833
1 1 3 9.166 9.166
1 2 3 9.333 9.333
1 4 3 9.333 9.333
1 3 3 9.499 9.499
1 2 3 9.833 9.833
1 4 3 10.166 10.166
1 3 3 10.499 10.499
1 1 3 10.666 10.666
1 4 3 10.833 10.833
1 3 3 10.999 10.999
1 2 3 11.166 11.166
1 3 3 11.333 11.333
1 1 3 11.499 11.499
1 4 3 11.666 11.666
1 1 3 11.833 11.833
1 2 3 11.999 11.999
1 3 3 11.999 11.999
1 1 3 12.166 12.166
1 4 3 12.333 12.333
1 3 3 12.499 12.499
1 4 3 12.666 12.666
1 3 3 12.833 12.833
1 4 3 12.999 12.999
1 1 3 13.166 13.166
1 4 3 13.333 13.333
1 1 3 13.333 13.333
1 2 3 13.499 13.499
1 1 3 13.666 13.666
1 3 3 13.833 13.833
1 1 3 13.999 13.999
1 2 3 14.166 14.166
1 1 3 14.333 14.333
1 3 3 14.499 14.499
1 1 3 14.666 14.666
1 4 3 14.666 14.666
1 3 3 14.833 14.833
1 4 3 14.999 14.999
1 1 3 15.166 15.166
1 4 3 15.333 15.333
1 2 3 15.499 15.499
1 4 3 15.666 15.666
1 3 3 15.833 15.833
1 1 3 15.999 15.999
1 2 3 15.999 15.999
1 4 3 16.166 16.166
1 3 3 16.333 16.333
1 1 3 16.499 16.499
1 4 3 16.666 16.666
1 3 3 16.833 16.833
1 1 3 17.166 17.166
1 2 3 17.333 17.333
1 4 3 17.333 17.333
1 3 3 17.499 17.499
1 4 3 17.666 17.666
1 3 3 17.833 17.833
1 4 3 17.999 17.999
1 2 3 18.166 18.166
1 4 3 18.333 18.333
1 1 3 18.499 18.499
1 4 3 18.666 18.666
1 2 3 18.666 18.666
1 1 3 18.833 18.833
1 4 3 18.999 18.999
1 2 3 19.166 19.166
1 4 3 19.333 19.333
1 1 3 19.499 19.499
1 4 3 19.666 19.666
1 3 3 19.833 19.833
1 1 3 19.999 19.999
1 4 3 19.999 19.999
1 1 3 20.166 20.166
1 4 3 20.166 20.166
1 1 3 20.333 20.333
1 4 3 20.333 20.333
1 4 3 20.499 20.499
1 1 3 20.499 20.499
1 2 3 20.666 20.666
1 3 3 20.749 20.749
1 2 3 20.833 20.833
1 3 3 20.916 20.916
1 2 3 20.999 20.999
1 3 3 21.083 21.083
1 2 3 21.166 21.166
1 3 3 21.249 21.249
1 4 3 21.499 21.499
1 2 3 21.499 21.499
1 1 3 21.666 21.666
1 3 3 21.666 21.666
1 1 3 21.833 21.833
1 2 3 21.833 21.833
1 4 3 21.999 21.999
1 1 3 21.999 21.999
1 2 3 22.166 22.166
1 3 3 22.166 22.166
1 4 3 22.333 22.333
1 1 3 22.333 22.333
2 1 3 22.666 22.833
1 2 3 22.666 22.666
1 3 3 22.833 22.833
2 1 3 23.166 23.333
1 4 3 23.166 23.166
1 3 3 23.499 23.499
2 1 3 23.666 23.833
1 2 3 23.999 23.999
2 1 3 23.999 24.166
1 3 3 24.166 24.166
2 1 3 24.499 24.666
1 4 3 24.499 24.499
1 3 3 24.833 24.833
2 1 3 24.999 25.166
1 2 3 25.166 25.166
2 4 3 25.333 25.499
1 1 3 25.333 25.333
1 3 3 25.499 25.499
2 4 3 25.833 25.999
1 2 3 25.833 25.833
1 1 3 26.166 26.166
2 4 3 26.333 26.499
1 3 3 26.499 26.499
2 1 3 26.666 26.833
1 4 3 26.833 26.833
1 3 3 26.999 26.999
2 1 3 27.166 27.333
1 2 3 27.166 27.166
1 4 3 27.499 27.499
2 1 3 27.666 27.833
1 2 3 27.833 27.833
1 3 3 27.999 27.999
2 1 3 27.999 28.166
1 4 3 28.166 28.166
2 1 3 28.499 28.666
1 2 3 28.499 28.499
1 3 3 28.833 28.833
2 1 3 28.999 29.166
1 2 3 29.166 29.166
2 4 3 29.333 29.499
1 3 3 29.333 29.333
1 1 3 29.499 29.499
2 4 3 29.833 29.999
1 3 3 29.833 29.833
1 2 3 30.166 30.166
2 4 3 30.333 30.499
1 1 3 30.499 30.499
2 2 3 30.666 30.833
1 4 3 30.666 30.666
1 1 3 30.833 30.833
2 2 3 31.166 31.333
1 4 3 31.166 31.166
1 3 3 31.499 31.499
2 2 3 31.666 31.833
1 1 3 31.833 31.833
2 3 3 31.999 32.166
1 4 3 32.166 32.166
1 2 3 32.333 32.333
2 3 3 32.499 32.666
1 1 3 32.499 32.499
1 2 3 32.666 32.666
1 1 3 32.833 32.833
2 3 3 32.999 33.166
1 4 3 32.999 32.999
1 3 3 33.333 33.333
1 1 3 33.333 33.333
1 4 3 33.666 33.666
1 3 3 33.999 33.999
1 1 3 34.166 34.166
1 3 3 34.333 34.333
1 4 3 34.499 34.499
1 3 3 34.666 34.666
1 2 3 34.666 34.666
1 4 3 35.166 35.166
1 1 3 35.333 35.333
1 3 3 35.333 35.333
1 2 3 35.833 35.833
1 1 3 35.999 35.999
1 3 3 35.999 35.999
1 4 3 36.333 36.333
1 2 3 36.666 36.666
1 3 3 36.666 36.666
1 1 3 36.999 36.999
1 1 3 37.333 37.333
1 4 3 37.333 37.333
1 4 3 37.833 37.833
1 2 3 37.999 37.999
1 4 3 37.999 37.999
1 2 3 38.499 38.499
1 3 3 38.666 38.666
1 2 3 38.666 38.666
1 3 3 38.999 38.999
1 4 3 39.333 39.333
1 2 3 39.333 39.333
1 1 3 39.499 39.499
1 2 3 39.666 39.666
1 3 3 39.833 39.833
1 4 3 39.999 39.999
1 2 3 39.999 39.999
1 3 3 40.333 40.333
1 2 3 40.499 40.499
1 1 3 40.583 40.583
1 2 3 40.666 40.666
1 1 3 40.999 40.999
1 3 3 40.999 40.999
1 2 3 41.166 41.166
1 4 3 41.166 41.166
1 1 3 41.333 41.333
1 4 3 41.333 41.333
1 3 3 41.333 41.333
1 3 3 41.666 41.666
1 1 3 41.833 41.833
1 2 3 41.833 41.833
1 4 3 42.166 42.166
1 1 3 42.499 42.499
2 2 3 42.666 42.832
2 4 3 42.666 42.832
1 1 3 42.999 42.999
1 3 3 42.999 42.999
1 2 3 43.166 43.166
1 4 3 43.166 43.166
1 4 3 43.499 43.499
1 1 3 43.499 43.499
1 1 3 43.832 43.832
1 4 3 43.832 43.832
1 1 3 43.999 43.999
1 2 3 43.999 43.999
1 4 3 44.332 44.332
1 3 3 44.332 44.332
1 4 3 44.666 44.666
1 1 3 44.832 44.832
1 2 3 44.999 44.999
1 3 3 45.166 45.166
1 2 3 45.332 45.332
1 4 3 45.332 45.332
1 1 3 45.666 45.666
1 4 3 45.832 45.832
1 1 3 45.999 45.999
1 3 3 45.999 45.999
1 1 3 46.166 46.166
1 4 3 46.332 46.332
1 1 3 46.499 46.499
2 2 3 46.665 46.832
2 3 3 46.665 46.832
2 1 3 46.999 47.165
2 3 3 46.999 47.165
2 4 3 47.332 47.499
2 2 3 47.332 47.499
2 3 3 47.665 47.832
2 4 3 47.665 47.832
2 1 3 47.999 48.165
2 4 3 47.999 48.165
1 3 3 48.332 48.332
1 2 3 48.499 48.499
1 2 3 48.665 48.665
1 4 3 48.665 48.665
1 4 3 48.832 48.832
1 1 3 48.999 48.999
1 4 3 49.165 49.165
1 1 3 49.332 49.332
1 3 3 49.332 49.332
1 3 3 49.665 49.665
1 4 3 49.999 49.999
1 2 3 49.999 49.999
1 1 3 50.165 50.165
1 3 3 50.332 50.332
1 4 3 50.499 50.499
1 3 3 50.665 50.665
1 1 3 50.665 50.665
1 1 3 50.999 50.999
1 3 3 51.165 51.165
1 2 3 51.249 51.249
1 3 3 51.332 51.332
1 1 3 51.499 51.499
1 4 3 51.665 51.665
1 2 3 51.665 51.665
1 3 3 51.832 51.832
1 4 3 51.999 51.999
1 1 3 51.999 51.999
1 3 3 52.165 52.165
1 1 3 52.332 52.332
1 2 3 52.499 52.499
1 3 3 52.665 52.665
1 1 3 52.665 52.665
1 2 3 52.832 52.832
1 1 3 52.999 52.999
1 4 3 53.165 53.165
1 1 3 53.332 53.332
1 3 3 53.332 53.332
1 1 3 53.665 53.665
1 3 3 53.665 53.665
1 4 3 53.832 53.832
1 2 3 53.915 53.915
1 3 3 53.999 53.999
1 1 3 53.999 53.999
1 1 3 54.332 54.332
1 3 3 54.332 54.332
1 1 3 54.665 54.665
2 4 3 54.665 54.999
1 1 3 54.999 54.999
2 3 3 55.165 55.415
1 2 3 55.165 55.165
2 2 3 55.665 55.832
1 4 3 55.665 55.665
1 3 3 55.999 55.999
2 1 3 56.165 56.332
1 2 3 56.332 56.332
1 3 3 56.332 56.332
2 4 3 56.499 56.665
1 1 3 56.832 56.832
1 2 3 56.999 56.999
1 4 3 57.165 57.165
1 3 3 57.332 57.332
1 2 3 57.415 57.415
1 1 3 57.499 57.499
1 4 3 57.665 57.665
1 1 3 57.665 57.665
1 4 3 57.832 57.832
1 3 3 57.915 57.915
1 2 3 57.999 57.999
1 1 3 58.165 58.165
1 4 3 58.165 58.165
1 2 3 58.332 58.332
1 3 3 58.499 58.499
1 2 3 58.582 58.582
1 1 3 58.665 58.665
2 4 3 58.832 59.165
1 2 3 58.999 58.999
2 1 3 59.165 59.332
2 2 3 59.332 59.499
2 3 3 59.499 59.665
2 4 3 59.665 59.832
2 3 3 59.832 59.999
2 2 3 59.999 60.332
1 1 3 59.999 59.999
1 4 3 60.332 60.332
2 3 3 60.499 60.999
1 1 3 60.499 60.499
1 1 3 60.832 60.832
1 4 3 60.999 60.999
1 2 3 61.165 61.165
1 3 3 61.249 61.249
2 4 3 61.332 62.499
1 1 3 61.332 61.332
1 1 3 61.499 61.499
1 3 3 61.665 61.665
1 1 3 61.832 61.832
1 1 3 62.165 62.165
1 3 3 62.332 62.332
1 3 3 62.665 62.665
1 2 3 62.749 62.749
1 1 3 62.832 62.832
1 4 3 62.999 62.999
1 2 3 62.999 62.999
1 3 3 63.165 63.165
1 2 3 63.249 63.249
1 1 3 63.332 63.332
1 4 3 63.499 63.499
1 2 3 63.499 63.499
1 4 3 63.665 63.665
1 3 3 63.749 63.749
1 2 3 63.832 63.832
1 1 3 63.915 63.915
1 4 3 63.999 63.999
2 2 3 63.999 64.332
2 4 3 64.332 64.665
1 3 3 64.332 64.332
2 2 3 64.665 64.999
1 1 3 64.665 64.665
2 4 3 64.999 65.332
1 3 3 64.999 64.999
2 1 3 65.332 65.665
2 3 3 65.332 65.665
1 2 3 65.665 65.665
2 2 3 65.832 66.165
2 4 3 65.832 66.165
1 3 3 66.165 66.165
2 1 3 66.332 66.499
2 3 3 66.332 66.499
1 4 3 66.665 66.665
2 1 3 66.832 66.999
1 4 3 66.832 66.832
1 4 3 66.999 66.999
1 2 3 66.999 66.999
1 3 3 67.165 67.165
1 4 3 67.332 67.332
1 1 3 67.499 67.499
1 2 3 67.665 67.665
1 4 3 67.665 67.665
1 3 3 67.832 67.832
1 4 3 67.999 67.999
1 3 3 68.082 68.082
1 2 3 68.165 68.165
1 1 3 68.332 68.332
1 3 3 68.332 68.332
1 2 3 68.499 68.499
1 4 3 68.499 68.499
1 1 3 68.832 68.832
1 3 3 68.832 68.832
2 1 3 69.165 69.665
2 4 3 69.165 69.665
1 3 3 69.832 69.832
1 4 3 69.915 69.915
1 3 3 69.999 69.999
1 2 3 70.082 70.082
1 1 3 70.165 70.165
1 2 3 70.249 70.249
1 4 3 70.332 70.332
1 3 3 70.415 70.415
1 2 3 70.499 70.499
1 1 3 70.582 70.582
1 4 3 70.665 70.665
1 1 3 70.832 70.832
1 2 3 70.915 70.915
1 4 3 70.999 70.999
1 1 3 71.165 71.165
1 3 3 71.249 71.249
1 4 3 71.332 71.332
1 2 3 71.499 71.499
1 3 3 71.582 71.582
1 4 3 71.665 71.665
1 3 3 71.832 71.832
1 2 3 71.915 71.915
2 4 3 71.999 72.165
2 3 3 72.165 72.332
2 2 3 72.332 72.499
2 1 3 72.499 72.665
1 4 3 72.665 72.665
1 3 3 72.749 72.749
1 2 3 72.832 72.832
1 1 3 72.915 72.915
1 4 3 72.999 72.999
1 3 3 73.082 73.082
1 2 3 73.165 73.165
1 1 3 73.249 73.249
1 4 3 73.332 73.332
1 2 3 73.499 73.499
1 1 3 73.582 73.582
1 2 3 73.665 73.665
1 3 3 73.832 73.832
1 4 3 73.915 73.915
2 3 3 73.999 74.165
2 2 3 74.165 74.332
2 1 3 74.332 74.499
2 3 3 74.499 74.665
2 1 3 74.665 74.832
2 2 3 74.832 74.999
1 3 3 75.082 75.082
1 3 3 75.165 75.165
1 4 3 75.332 75.332
1 3 3 75.415 75.415
1 2 3 75.499 75.499
1 1 3 75.582 75.582
1 4 3 75.665 75.665
1 3 3 75.749 75.749
1 2 3 75.832 75.832
1 1 3 75.915 75.915
1 4 3 75.999 75.999
1 2 3 75.999 75.999
1 2 3 76.332 76.332
1 1 3 76.499 76.499
1 2 3 76.832 76.832
1 3 3 76.999 76.999
1 4 3 76.999 76.999
1 1 3 77.165 77.165
1 2 3 77.332 77.332
1 3 3 77.332 77.332
1 1 3 77.499 77.499
1 2 3 77.665 77.665
1 3 3 77.832 77.832
1 4 3 77.832 77.832
1 1 3 78.165 78.165
1 2 3 78.332 78.332
1 4 3 78.332 78.332
1 1 3 78.499 78.499
1 2 3 78.665 78.665
1 3 3 78.665 78.665
1 4 3 78.665 78.665
1 1 3 78.832 78.832
1 2 3 78.999 78.999
1 4 3 79.165 79.165
1 1 3 79.165 79.165
1 2 3 79.499 79.499
1 4 3 79.665 79.665
1 3 3 79.665 79.665
1 1 3 79.832 79.832
1 4 3 79.999 79.999
1 3 3 79.999 79.999
1 1 3 79.999 79.999
1 3 3 80.332 80.332
1 1 3 80.332 80.332
1 2 3 80.499 80.499
1 3 3 80.665 80.665
1 1 3 80.665 80.665
1 4 3 80.832 80.832
1 1 3 80.999 80.999
1 2 3 80.999 80.999
1 4 3 81.165 81.165
1 4 3 81.332 81.332
1 2 3 81.332 81.332
1 1 3 81.332 81.332
1 1 3 81.499 81.499
1 3 3 81.665 81.665
1 4 3 81.832 81.832
1 2 3 81.832 81.832
1 4 3 82.165 82.165
1 2 3 82.332 82.332
1 3 3 82.332 82.332
1 1 3 82.499 82.499
1 4 3 82.665 82.665
1 2 3 82.665 82.665
1 3 3 82.665 82.665
1 1 3 82.832 82.832
1 4 3 82.832 82.832
1 3 3 82.999 82.999
1 1 3 82.999 82.999
1 1 3 83.165 83.165
1 2 3 83.165 83.165
1 3 3 83.499 83.499
1 2 3 83.665 83.665
1 4 3 83.665 83.665
1 1 3 83.832 83.832
1 2 3 83.999 83.999
1 1 3 83.999 83.999
1 4 3 83.999 83.999
1 4 3 84.332 84.332
1 3 3 84.499 84.499
1 2 3 84.499 84.499
1 1 3 84.832 84.832
1 4 3 85.165 85.165
2 1 3 85.165 85.665
1 2 3 85.832 85.832
1 4 3 85.999 85.999
1 2 3 86.332 86.332
1 4 3 86.332 86.332
1 1 3 86.499 86.499
1 2 3 86.665 86.665
2 4 3 86.665 86.999
1 2 3 86.999 86.999
2 3 3 87.165 87.499
1 4 3 87.332 87.332
1 1 3 87.665 87.665
1 4 3 87.665 87.665
1 4 3 87.999 87.999
2 1 3 87.999 88.499
1 4 3 88.332 88.332
1 3 3 88.499 88.499
1 2 3 88.665 88.665
1 4 3 88.665 88.665
1 4 3 88.999 88.999
1 2 3 88.999 88.999
1 2 3 89.332 89.332
2 3 3 89.332 89.665
1 2 3 89.665 89.665
2 4 3 89.832 90.165
1 2 3 89.999 89.999
1 2 3 90.332 90.332
1 3 3 90.332 90.332
1 2 3 90.665 90.665
2 4 3 90.832 91.165
1 3 3 90.999 90.999
1 2 3 91.165 91.165
1 1 3 91.332 91.332
1 3 3 91.332 91.332
1 2 3 91.665 91.665
1 4 3 91.665 91.665
1 4 3 91.999 91.999
1 1 3 91.999 91.999
1 4 3 92.332 92.332
1 1 3 92.499 92.499
1 4 3 92.665 92.665
1 2 3 92.832 92.832
1 3 3 92.999 92.999
1 4 3 92.999 92.999
1 1 3 93.332 93.332
1 4 3 93.332 93.332
1 3 3 93.499 93.499
1 1 3 93.499 93.499
1 4 3 93.665 93.665
1 2 3 93.665 93.665
1 1 3 93.832 93.832
1 3 3 93.832 93.832
1 4 3 94.165 94.165
1 2 3 94.332 94.332
1 3 3 94.332 94.332
1 1 3 94.499 94.499
1 2 3 94.665 94.665
1 4 3 94.665 94.665
1 4 3 94.998 94.998
1 1 3 94.998 94.998
1 2 3 95.165 95.165
1 3 3 95.165 95.165
1 2 3 95.498 95.498
1 3 3 95.498 95.498
1 1 3 95.831 95.831
1 4 3 95.831 95.831
1 1 3 96.165 96.165
1 4 3 96.165 96.165
1 2 3 96.498 96.498
1 3 3 96.581 96.581
1 4 3 96.665 96.665
1 2 3 96.665 96.665
1 3 3 96.831 96.831
1 2 3 96.998 96.998
1 1 3 97.165 97.165
1 4 3 97.248 97.248
2 2 3 97.331 98.165
1 3 3 97.665 97.665
1 4 3 97.831 97.831
1 1 3 97.831 97.831
1 3 3 98.165 98.165
1 4 3 98.331 98.331
1 1 3 98.331 98.331
2 2 3 98.665 98.998
1 3 3 98.665 98.665
1 4 3 98.998 98.998
2 1 3 99.165 99.498
1 2 3 99.331 99.331
1 2 3 99.498 99.498
1 4 3 99.665 99.665
1 3 3 99.665 99.665
1 1 3 99.998 99.998
2 3 3 99.998 100.498
1 2 3 100.331 100.331
1 1 3 100.498 100.498
2 4 3 100.498 100.831
2 3 3 100.831 101.165
1 2 3 100.831 100.831
1 1 3 100.998 100.998
2 4 3 101.331 101.831
1 1 3 101.331 101.331
1 1 3 101.665 101.665
1 3 3 101.665 101.665
2 1 3 101.998 102.164
2 3 3 101.998 102.164
1 4 3 102.164 102.164
2 3 3 102.331 102.498
2 2 3 102.331 102.498
1 1 3 102.331 102.331
2 4 3 102.664 103.164
1 1 3 102.664 102.664
1 2 3 102.998 102.998
1 1 3 103.331 103.331
1 3 3 103.498 103.498
2 1 3 103.664 103.831
2 2 3 103.664 103.831
1 4 3 103.998 103.998
1 3 3 103.998 103.998
1 2 3 104.164 104.164
1 3 3 104.164 104.164
1 1 3 104.331 104.331
1 4 3 104.331 104.331
1 1 3 104.498 104.498
1 2 3 104.498 104.498
1 1 3 104.831 104.831
2 4 3 104.998 105.331
2 3 3 105.331 105.664
1 1 3 105.331 105.331
2 2 3 105.664 105.998
1 4 3 105.664 105.664
2 3 3 105.998 106.331
1 4 3 105.998 105.998
1 4 3 106.164 106.164
2 1 3 106.331 106.664
1 2 3 106.331 106.331
1 4 3 106.664 106.664
1 3 3 106.664 106.664
1 1 3 106.831 106.831
1 3 3 106.998 106.998
1 4 3 107.164 107.164
1 4 3 107.331 107.331
1 2 3 107.331 107.331
1 3 3 107.498 107.498
1 2 3 107.664 107.664
1 1 3 107.831 107.831
1 3 3 107.998 107.998
2 2 3 107.998 108.831
1 1 3 108.331 108.331
1 4 3 108.331 108.331
1 4 3 108.498 108.498
1 3 3 108.831 108.831
1 4 3 108.998 108.998
1 1 3 108.998 108.998
2 3 3 109.331 109.664
1 1 3 109.331 109.331
1 4 3 109.664 109.664
2 2 3 109.831 110.164
1 1 3 109.831 109.831
1 3 3 110.164 110.164
2 1 3 110.331 110.498
1 4 3 110.331 110.331
1 3 3 110.331 110.331
2 2 3 110.664 111.164
1 4 3 110.664 110.664
1 1 3 110.998 110.998
1 3 3 110.998 110.998
2 3 3 111.164 111.664
1 4 3 111.164 111.164
1 2 3 111.498 111.498
2 4 3 111.664 111.831
1 1 3 111.664 111.664
1 2 3 111.664 111.664
2 2 3 111.998 112.331
1 3 3 111.998 111.998
1 4 3 112.331 112.331
1 3 3 112.331 112.331
1 3 3 112.664 112.664
2 1 3 112.664 112.831
1 2 3 112.831 112.831
1 2 3 112.998 112.998
2 4 3 112.998 113.164
1 3 3 112.998 112.998
1 1 3 113.331 113.331
2 3 3 113.331 113.664
1 1 3 113.664 113.664
1 4 3 113.664 113.664
1 3 3 113.998 113.998
1 4 3 114.164 114.164
2 3 3 114.331 114.498
2 1 3 114.331 114.498
1 4 3 114.664 114.664
1 2 3 114.664 114.664
1 3 3 114.831 114.831
1 1 3 114.831 114.831
1 2 3 114.998 114.998
1 4 3 114.998 114.998
1 1 3 115.164 115.164
1 2 3 115.164 115.164
1 4 3 115.498 115.498
1 4 3 115.664 115.664
2 1 3 115.664 115.831
1 4 3 115.998 115.998
1 1 3 116.164 116.164
1 4 3 116.331 116.331
1 3 3 116.331 116.331
1 1 3 116.498 116.498
1 2 3 116.664 116.664
1 3 3 116.664 116.664
1 1 3 116.831 116.831
1 3 3 116.998 116.998
1 4 3 116.998 116.998
1 1 3 117.164 117.164
1 2 3 117.331 117.331
1 4 3 117.331 117.331
1 1 3 117.498 117.498
1 2 3 117.664 117.664
1 3 3 117.664 117.664
1 4 3 117.831 117.831
1 2 3 117.998 117.998
1 4 3 117.998 117.998
1 3 3 118.164 118.164
1 1 3 118.331 118.331
1 2 3 118.331 118.331
1 1 3 118.498 118.498
1 4 3 118.664 118.664
2 1 3 118.664 119.664
1 4 3 118.998 118.998
1 3 3 119.164 119.164
1 2 3 119.164 119.164
1 3 3 119.498 119.498
1 2 3 119.664 119.664
2 4 3 119.664 119.998
2 3 3 119.998 120.664
1 1 3 120.164 120.164
1 2 3 120.248 120.248
1 4 3 120.331 120.331
1 1 3 120.498 120.498
1 2 3 120.581 120.581
1 4 3 120.664 120.664
1 3 3 120.748 120.748
1 2 3 120.831 120.831
1 1 3 120.914 120.914
1 4 3 120.998 120.998
1 3 3 121.081 121.081
1 2 3 121.164 121.164
1 1 3 121.248 121.248
1 3 3 121.331 121.331
2 4 3 121.331 121.831
1 1 3 121.664 121.664
1 3 3 121.664 121.664
2 2 3 121.831 122.331
1 1 3 121.998 121.998
1 1 3 122.164 122.164
2 4 3 122.331 122.664
1 3 3 122.331 122.331
1 1 3 122.664 122.664
1 3 3 122.748 122.748
1 2 3 122.831 122.831
1 4 3 122.998 122.998
1 1 3 122.998 122.998
1 2 3 123.081 123.081
1 3 3 123.164 123.164
1 1 3 123.331 123.331
1 4 3 123.414 123.414
1 2 3 123.498 123.498
1 3 3 123.664 123.664
1 4 3 123.664 123.664
1 1 3 123.748 123.748
1 2 3 123.831 123.831
2 4 3 123.998 124.664
1 3 3 123.998 123.998
1 1 3 124.331 124.331
1 3 3 124.331 124.331
1 2 3 124.498 124.498
1 3 3 124.831 124.831
1 3 3 124.998 124.998
2 1 3 124.998 125.331
1 2 3 124.998 124.998
1 4 3 125.331 125.331
1 2 3 125.498 125.498
1 4 3 125.581 125.581
1 3 3 125.664 125.664
1 1 3 125.831 125.831
1 3 3 125.914 125.914
1 2 3 125.998 125.998
1 3 3 126.164 126.164
1 4 3 126.248 126.248
1 2 3 126.331 126.331
1 1 3 126.414 126.414
1 2 3 126.498 126.498
1 3 3 126.581 126.581
1 4 3 126.664 126.664
1 2 3 126.664 126.664
1 4 3 126.998 126.998
1 2 3 126.998 126.998
1 1 3 126.998 126.998
1 1 3 127.331 127.331
1 2 3 127.331 127.331
1 1 3 127.498 127.498
1 2 3 127.498 127.498
1 4 3 127.664 127.664
1 3 3 127.664 127.664
1 2 3 127.664 127.664
1 4 3 127.998 127.998
1 1 3 127.998 127.998
1 2 3 127.998 127.998
1 3 3 128.164 128.164
1 4 3 128.248 128.248
1 3 3 128.331 128.331
1 4 3 128.414 128.414
1 3 3 128.497 128.497
1 4 3 128.58 128.58
1 4 3 128.748 128.748
1 3 3 128.831 128.831
1 2 3 128.914 128.914
1 1 3 128.998 128.998
1 4 3 129.081 129.081
1 3 3 129.164 129.164
1 2 3 129.248 129.248
1 4 3 129.33 129.33
1 1 3 129.331 129.331
1 2 3 129.414 129.414
1 3 3 129.498 129.498
1 4 3 129.581 129.581
1 3 3 129.664 129.664
1 1 3 129.664 129.664
1 2 3 129.748 129.748
1 1 3 129.831 129.831
1 2 3 129.914 129.914
1 3 3 129.998 129.998
1 4 3 130.081 130.081
1 3 3 130.164 130.164
1 2 3 130.248 130.248
1 1 3 130.331 130.331
1 4 3 130.331 130.331
1 2 3 130.414 130.414
1 3 3 130.498 130.498
1 4 3 130.581 130.581
1 3 3 130.664 130.664
1 2 3 130.748 130.748
1 1 3 130.831 130.831
1 2 3 130.914 130.914
1 4 3 130.998 130.998
1 1 3 130.998 130.998
1 3 3 131.081 131.081
1 2 3 131.164 131.164
1 3 3 131.248 131.248
1 4 3 131.331 131.331
1 3 3 131.414 131.414
1 2 3 131.498 131.498
1 4 3 131.498 131.498
1 1 3 131.581 131.581
1 3 3 131.664 131.664
1 4 3 131.664 131.664
1 2 3 131.748 131.748
1 1 3 131.831 131.831
1 2 3 131.914 131.914
1 4 3 131.998 131.998
1 2 3 132.331 132.331
1 4 3 132.331 132.331
1 3 3 132.498 132.498
1 2 3 132.831 132.831
1 4 3 132.998 132.998
1 1 3 132.998 132.998
1 3 3 133.164 133.164
1 4 3 133.331 133.331
1 2 3 133.331 133.331
1 3 3 133.498 133.498
1 4 3 133.58 133.58
1 1 3 133.664 133.664
1 2 3 133.664 133.664
1 4 3 133.747 133.747
1 3 3 133.83 133.83
1 2 3 133.914 133.914
1 1 3 133.997 133.997
1 4 3 133.997 133.997
1 3 3 134.08 134.08
1 1 3 134.164 134.164
1 3 3 134.248 134.248
1 2 3 134.331 134.331
1 1 3 134.331 134.331
1 1 3 134.498 134.498
1 2 3 134.581 134.581
1 4 3 134.664 134.664
1 2 3 134.831 134.831
1 3 3 134.914 134.914
1 2 3 134.998 134.998
1 4 3 134.998 134.998
1 3 3 135.164 135.164
1 1 3 135.248 135.248
1 4 3 135.331 135.331
1 3 3 135.414 135.414
1 2 3 135.498 135.498
1 3 3 135.581 135.581
1 2 3 135.664 135.664
1 4 3 135.664 135.664
1 1 3 135.748 135.748
1 3 3 135.831 135.831
1 1 3 135.914 135.914
1 4 3 135.998 135.998
1 3 3 136.164 136.164
1 4 3 136.247 136.247
1 3 3 136.331 136.331
1 1 3 136.331 136.331
1 3 3 136.498 136.498
1 2 3 136.664 136.664
1 4 3 136.664 136.664
1 1 3 136.831 136.831
1 4 3 136.998 136.998
1 2 3 136.998 136.998
1 1 3 137.081 137.081
1 2 3 137.164 137.164
1 3 3 137.248 137.248
1 4 3 137.331 137.331
1 2 3 137.331 137.331
1 1 3 137.664 137.664
1 2 3 137.664 137.664
1 4 3 137.831 137.831
1 2 3 137.831 137.831
1 2 3 137.998 137.998
1 3 3 137.998 137.998
1 1 3 138.331 138.331
1 4 3 138.331 138.331
1 2 3 138.498 138.498
1 3 3 138.498 138.498
1 4 3 138.664 138.664
1 1 3 138.664 138.664
1 2 3 138.747 138.747
1 3 3 138.83 138.83
1 4 3 138.914 138.914
1 1 3 138.997 138.997
1 2 3 139.08 139.08
1 3 3 139.164 139.164
1 4 3 139.247 139.247
1 1 3 139.331 139.331
1 2 3 139.414 139.414
1 3 3 139.497 139.497
1 4 3 139.58 139.58
1 1 3 139.664 139.664
1 2 3 139.747 139.747
1 3 3 139.83 139.83
1 2 3 139.914 139.914
2 1 3 139.998 142.664
2 4 3 139.998 142.664
1 3 3 139.998 139.998
