1 3 3 0.138 0.138
1 2 3 0.49 0.49
1 1 3 0.667 0.667
1 3 3 1.02 1.02
1 4 3 1.196 1.196
1 2 3 1.373 1.373
1 3 3 1.549 1.549
1 2 3 1.902 1.902
1 1 3 2.079 2.079
1 3 3 2.432 2.432
1 4 3 2.608 2.608
1 1 3 2.785 2.785
1 3 3 2.961 2.961
1 2 3 3.314 3.314
1 1 3 3.49 3.49
1 3 3 3.843 3.843
1 4 3 4.02 4.02
1 1 3 4.196 4.196
1 2 3 4.373 4.373
1 4 3 4.726 4.726
1 3 3 4.902 4.902
1 2 3 5.255 5.255
1 3 3 5.432 5.432
1 1 3 5.608 5.608
1 4 3 5.785 5.785
1 3 3 6.137 6.137
1 2 3 6.314 6.314
1 3 3 6.667 6.667
1 4 3 6.843 6.843
1 1 3 7.02 7.02
1 4 3 7.196 7.196
1 2 3 7.549 7.549
1 1 3 7.726 7.726
1 2 3 8.079 8.079
1 3 3 8.255 8.255
1 1 3 8.432 8.432
1 4 3 8.608 8.608
1 3 3 8.785 8.785
1 1 3 8.961 8.961
1 2 3 9.137 9.137
1 3 3 9.314 9.314
1 4 3 9.49 9.49
1 2 3 9.667 9.667
1 1 3 9.843 9.843
1 3 3 10.02 10.02
1 4 3 10.196 10.196
1 2 3 10.373 10.373
1 3 3 10.549 10.549
1 4 3 10.549 10.549
1 2 3 10.634 10.634
1 1 3 10.72 10.72
1 4 3 10.72 10.72
1 2 3 10.891 10.891
1 3 3 10.891 10.891
1 1 3 11.405 11.405
1 2 3 11.405 11.405
1 4 3 11.405 11.405
1 2 3 11.757 11.757
1 3 3 11.757 11.757
1 4 3 11.757 11.757
1 1 3 12.117 12.117
1 2 3 12.117 12.117
1 3 3 12.117 12.117
1 1 3 12.469 12.469
1 3 3 12.469 12.469
1 4 3 12.469 12.469
1 1 3 12.822 12.822
1 2 3 12.822 12.822
1 4 3 12.822 12.822
1 2 3 13.174 13.174
1 3 3 13.174 13.174
1 4 3 13.174 13.174
1 1 3 13.527 13.527
1 2 3 13.527 13.527
1 3 3 13.527 13.527
1 1 3 13.88 13.88
1 3 3 13.88 13.88
1 4 3 13.88 13.88
1 1 3 14.233 14.233
1 2 3 14.233 14.233
1 4 3 14.233 14.233
1 2 3 14.586 14.586
1 3 3 14.586 14.586
1 4 3 14.586 14.586
1 1 3 14.939 14.939
1 2 3 14.939 14.939
1 3 3 14.939 14.939
1 1 3 15.292 15.292
1 3 3 15.292 15.292
1 4 3 15.292 15.292
1 1 3 15.645 15.645
1 2 3 15.645 15.645
1 4 3 15.645 15.645
1 1 3 15.998 15.998
1 3 3 15.998 15.998
1 4 3 15.998 15.998
1 2 3 16.174 16.174
1 1 3 16.351 16.351
1 4 3 16.351 16.351
1 2 3 16.527 16.527
1 3 3 16.616 16.616
1 1 3 16.704 16.704
1 4 3 16.704 16.704
1 3 3 16.88 16.88
1 2 3 16.969 16.969
1 1 3 17.057 17.057
1 4 3 17.057 17.057
1 3 3 17.233 17.233
1 1 3 17.41 17.41
1 2 3 17.41 17.41
1 4 3 17.586 17.586
1 3 3 17.763 17.763
1 1 3 17.939 17.939
1 2 3 17.939 17.939
1 3 3 18.116 18.116
1 4 3 18.116 18.116
1 1 3 18.292 18.292
1 3 3 18.469 18.469
1 4 3 18.469 18.469
1 1 3 18.645 18.645
1 2 3 18.645 18.645
1 3 3 18.821 18.821
1 4 3 18.821 18.821
1 2 3 18.998 18.998
1 1 3 19.174 19.174
1 4 3 19.174 19.174
1 2 3 19.351 19.351
1 3 3 19.351 19.351
1 1 3 19.527 19.527
1 4 3 19.527 19.527
1 3 3 19.704 19.704
1 1 3 19.88 19.88
1 2 3 19.88 19.88
1 4 3 20.057 20.057
1 1 3 20.233 20.233
1 3 3 20.233 20.233
1 2 3 20.41 20.41
1 4 3 20.586 20.586
1 1 3 20.763 20.763
1 2 3 20.763 20.763
1 3 3 20.939 20.939
1 4 3 20.939 20.939
1 1 3 21.116 21.116
1 2 3 21.292 21.292
1 3 3 21.292 21.292
1 4 3 21.292 21.292
1 1 3 21.469 21.469
1 3 3 21.645 21.645
1 4 3 21.645 21.645
1 2 3 21.821 21.821
1 3 3 21.821 21.821
1 1 3 21.998 21.998
1 2 3 21.998 21.998
1 1 3 22.174 22.174
1 2 3 22.174 22.174
1 3 3 22.351 22.351
1 4 3 22.351 22.351
1 1 3 22.527 22.527
1 3 3 22.527 22.527
1 4 3 22.527 22.527
1 2 3 22.704 22.704
1 2 3 23.057 23.057
1 2 3 23.41 23.41
1 4 3 23.763 23.763
1 1 3 23.939 23.939
1 2 3 24.292 24.292
1 4 3 24.469 24.469
1 2 3 24.998 24.998
1 3 3 25.174 25.174
1 1 3 25.351 25.351
1 4 3 25.527 25.527
1 3 3 25.704 25.704
1 1 3 25.88 25.88
1 2 3 26.057 26.057
1 4 3 26.233 26.233
1 3 3 26.586 26.586
1 2 3 26.763 26.763
1 1 3 27.116 27.116
1 3 3 27.292 27.292
1 2 3 27.469 27.469
1 3 3 28.351 28.351
1 3 3 28.704 28.704
1 3 3 29.057 29.057
1 1 3 29.41 29.41
1 4 3 29.586 29.586
1 3 3 29.939 29.939
1 1 3 30.116 30.116
1 2 3 30.292 30.292
1 3 3 30.645 30.645
1 2 3 30.821 30.821
1 4 3 30.998 30.998
1 1 3 31.174 31.174
1 2 3 31.351 31.351
1 4 3 31.527 31.527
1 3 3 31.704 31.704
1 1 3 31.88 31.88
1 2 3 32.233 32.233
1 3 3 32.41 32.41
1 4 3 32.763 32.763
1 2 3 32.939 32.939
1 3 3 33.116 33.116
1 3 3 33.998 33.998
1 4 3 33.998 33.998
1 2 3 34.174 34.174
1 1 3 34.351 34.351
1 4 3 34.351 34.351
1 3 3 34.527 34.527
1 1 3 34.704 34.704
1 2 3 34.704 34.704
1 3 3 34.88 34.88
1 4 3 34.88 34.88
1 1 3 35.057 35.057
1 2 3 35.233 35.233
1 4 3 35.233 35.233
1 3 3 35.41 35.41
1 1 3 35.586 35.586
1 2 3 35.586 35.586
1 3 3 35.763 35.763
1 4 3 35.763 35.763
1 2 3 35.939 35.939
1 3 3 36.116 36.116
1 4 3 36.116 36.116
1 3 3 36.292 36.292
1 4 3 36.292 36.292
1 1 3 36.469 36.469
1 2 3 36.469 36.469
1 3 3 36.645 36.645
1 2 3 36.733 36.733
1 1 3 36.821 36.821
1 4 3 36.821 36.821
1 3 3 36.998 36.998
1 4 3 36.998 36.998
1 1 3 37.174 37.174
1 2 3 37.174 37.174
1 3 3 37.351 37.351
1 1 3 37.527 37.527
1 2 3 37.527 37.527
1 3 3 37.704 37.704
1 4 3 37.704 37.704
1 1 3 37.88 37.88
1 2 3 38.057 38.057
1 3 3 38.057 38.057
1 4 3 38.233 38.233
1 1 3 38.41 38.41
1 2 3 38.41 38.41
1 3 3 38.586 38.586
1 4 3 38.586 38.586
1 1 3 38.763 38.763
1 3 3 38.939 38.939
1 4 3 38.939 38.939
1 3 3 39.116 39.116
1 4 3 39.116 39.116
1 1 3 39.292 39.292
1 2 3 39.292 39.292
1 3 3 39.469 39.469
1 2 3 39.557 39.557
1 1 3 39.645 39.645
1 4 3 39.645 39.645
1 3 3 39.821 39.821
1 2 3 39.998 39.998
1 4 3 39.998 39.998
1 1 3 40.174 40.174
1 3 3 40.351 40.351
1 4 3 40.351 40.351
1 1 3 40.527 40.527
1 2 3 40.527 40.527
1 3 3 40.704 40.704
1 1 3 40.88 40.88
1 4 3 40.88 40.88
1 2 3 41.057 41.057
1 4 3 41.233 41.233
1 3 3 41.321 41.321
1 1 3 41.41 41.41
1 2 3 41.41 41.41
1 4 3 41.586 41.586
1 1 3 41.763 41.763
1 2 3 41.763 41.763
1 1 3 41.939 41.939
1 2 3 41.939 41.939
1 3 3 42.116 42.116
1 4 3 42.116 42.116
1 2 3 42.292 42.292
1 3 3 42.38 42.38
1 1 3 42.469 42.469
1 4 3 42.469 42.469
1 1 3 42.645 42.645
1 2 3 42.645 42.645
1 3 3 42.821 42.821
1 4 3 42.821 42.821
1 1 3 42.998 42.998
1 2 3 42.998 42.998
1 3 3 43.174 43.174
1 4 3 43.174 43.174
2 1 3 43.351 43.527
1 2 3 43.351 43.351
1 4 3 43.527 43.527
2 2 3 43.704 43.88
1 3 3 43.704 43.704
1 1 3 43.88 43.88
1 3 3 44.057 44.057
1 4 3 44.057 44.057
1 1 3 44.233 44.233
1 2 3 44.233 44.233
1 4 3 44.41 44.41
1 1 3 44.586 44.586
1 2 3 44.586 44.586
1 3 3 44.763 44.763
1 2 3 44.851 44.851
1 1 3 44.939 44.939
1 4 3 44.939 44.939
1 2 3 45.116 45.116
1 3 3 45.204 45.204
1 1 3 45.292 45.292
1 4 3 45.292 45.292
1 2 3 45.38 45.38
1 3 3 45.469 45.469
1 4 3 45.557 45.557
1 1 3 45.645 45.645
1 2 3 45.645 45.645
1 3 3 45.821 45.821
1 1 3 45.998 45.998
1 2 3 45.998 45.998
1 3 3 46.174 46.174
1 4 3 46.174 46.174
1 1 3 46.351 46.351
1 2 3 46.527 46.527
1 4 3 46.527 46.527
1 3 3 46.704 46.704
1 1 3 46.88 46.88
1 2 3 46.88 46.88
1 3 3 47.057 47.057
1 4 3 47.057 47.057
1 1 3 47.233 47.233
1 3 3 47.41 47.41
1 4 3 47.41 47.41
1 3 3 47.586 47.586
1 4 3 47.586 47.586
1 1 3 47.763 47.763
1 2 3 47.763 47.763
1 3 3 47.939 47.939
1 4 3 48.027 48.027
1 1 3 48.116 48.116
1 2 3 48.116 48.116
1 2 3 48.292 48.292
1 3 3 48.292 48.292
1 1 3 48.469 48.469
1 4 3 48.469 48.469
1 2 3 48.645 48.645
1 3 3 48.821 48.821
1 4 3 48.821 48.821
1 1 3 48.998 48.998
1 2 3 48.998 48.998
1 4 3 49.174 49.174
1 1 3 49.351 49.351
1 3 3 49.351 49.351
1 2 3 49.527 49.527
1 1 3 49.704 49.704
1 4 3 49.704 49.704
1 2 3 49.88 49.88
1 3 3 49.88 49.88
1 4 3 50.057 50.057
1 1 3 50.233 50.233
1 2 3 50.233 50.233
1 1 3 50.41 50.41
1 2 3 50.41 50.41
1 3 3 50.586 50.586
1 4 3 50.586 50.586
1 1 3 50.763 50.763
1 2 3 50.851 50.851
1 3 3 50.939 50.939
1 4 3 50.939 50.939
1 2 3 51.116 51.116
1 3 3 51.116 51.116
1 1 3 51.292 51.292
1 4 3 51.292 51.292
1 3 3 51.469 51.469
1 4 3 51.557 51.557
1 1 3 51.645 51.645
1 2 3 51.645 51.645
1 2 3 51.821 51.821
1 3 3 51.821 51.821
1 4 3 51.998 51.998
1 1 3 52.174 52.174
1 3 3 52.174 52.174
1 2 3 52.351 52.351
1 1 3 52.527 52.527
1 4 3 52.527 52.527
1 2 3 52.704 52.704
1 3 3 52.704 52.704
1 4 3 52.88 52.88
1 1 3 53.057 53.057
1 2 3 53.057 53.057
1 1 3 53.233 53.233
1 2 3 53.233 53.233
1 3 3 53.41 53.41
1 4 3 53.41 53.41
1 2 3 53.586 53.586
1 3 3 53.674 53.674
1 1 3 53.763 53.763
1 4 3 53.763 53.763
1 1 3 53.939 53.939
1 2 3 53.939 53.939
1 3 3 54.116 54.116
1 4 3 54.116 54.116
1 2 3 54.292 54.292
1 1 3 54.469 54.469
1 4 3 54.469 54.469
1 2 3 54.645 54.645
1 3 3 54.645 54.645
1 1 3 54.821 54.821
1 3 3 54.998 54.998
1 4 3 54.998 54.998
1 2 3 55.174 55.174
1 1 3 55.351 55.351
1 4 3 55.351 55.351
1 2 3 55.527 55.527
1 3 3 55.527 55.527
1 4 3 55.704 55.704
1 1 3 55.88 55.88
1 2 3 55.88 55.88
1 3 3 56.057 56.057
1 2 3 56.145 56.145
1 1 3 56.233 56.233
1 4 3 56.233 56.233
1 2 3 56.41 56.41
1 3 3 56.498 56.498
1 1 3 56.586 56.586
1 4 3 56.586 56.586
1 2 3 56.763 56.763
1 3 3 56.939 56.939
1 4 3 56.939 56.939
1 1 3 57.116 57.116
1 2 3 57.292 57.292
1 3 3 57.292 57.292
1 1 3 57.469 57.469
1 4 3 57.469 57.469
1 3 3 57.645 57.645
1 1 3 57.821 57.821
1 2 3 57.821 57.821
1 4 3 57.998 57.998
1 2 3 58.174 58.174
1 3 3 58.263 58.263
1 1 3 58.351 58.351
1 4 3 58.351 58.351
1 3 3 58.527 58.527
1 1 3 58.704 58.704
1 2 3 58.704 58.704
1 1 3 58.88 58.88
1 2 3 58.88 58.88
1 3 3 59.057 59.057
1 4 3 59.057 59.057
1 2 3 59.233 59.233
1 1 3 59.321 59.321
1 3 3 59.41 59.41
1 4 3 59.41 59.41
1 2 3 59.586 59.586
1 3 3 59.586 59.586
1 1 3 59.763 59.763
1 4 3 59.763 59.763
1 3 3 59.939 59.939
1 2 3 60.116 60.116
1 4 3 60.116 60.116
1 1 3 60.292 60.292
1 3 3 60.292 60.292
1 2 3 60.469 60.469
1 3 3 60.645 60.645
1 4 3 60.645 60.645
1 1 3 60.821 60.821
1 2 3 60.998 60.998
1 4 3 60.998 60.998
1 1 3 61.174 61.174
1 3 3 61.174 61.174
1 2 3 61.351 61.351
1 3 3 61.527 61.527
1 4 3 61.527 61.527
1 3 3 61.704 61.704
1 4 3 61.704 61.704
1 1 3 61.88 61.88
1 2 3 61.88 61.88
1 3 3 61.969 61.969
1 4 3 62.057 62.057
1 2 3 62.145 62.145
1 1 3 62.233 62.233
1 4 3 62.233 62.233
1 2 3 62.41 62.41
1 3 3 62.41 62.41
1 3 3 62.586 62.586
1 4 3 62.586 62.586
1 1 3 62.763 62.763
1 3 3 62.939 62.939
1 4 3 62.939 62.939
1 1 3 63.116 63.116
1 2 3 63.116 63.116
1 4 3 63.292 63.292
1 1 3 63.469 63.469
1 3 3 63.469 63.469
1 2 3 63.645 63.645
1 4 3 63.821 63.821
1 3 3 63.91 63.91
1 1 3 63.998 63.998
1 2 3 63.998 63.998
1 4 3 64.174 64.174
1 1 3 64.351 64.351
1 2 3 64.351 64.351
1 1 3 64.527 64.527
1 2 3 64.527 64.527
1 3 3 64.704 64.704
1 4 3 64.704 64.704
1 2 3 64.88 64.88
1 3 3 64.969 64.969
1 1 3 65.057 65.057
1 4 3 65.057 65.057
1 1 3 65.233 65.233
1 2 3 65.233 65.233
1 3 3 65.41 65.41
1 4 3 65.41 65.41
1 2 3 65.586 65.586
1 1 3 65.763 65.763
1 4 3 65.763 65.763
1 2 3 65.939 65.939
1 3 3 65.939 65.939
1 4 3 66.116 66.116
1 1 3 66.292 66.292
1 2 3 66.292 66.292
1 3 3 66.469 66.469
1 1 3 66.645 66.645
1 4 3 66.645 66.645
1 2 3 66.821 66.821
1 4 3 66.821 66.821
1 3 3 66.998 66.998
1 1 3 67.174 67.174
1 2 3 67.174 67.174
1 3 3 67.351 67.351
1 4 3 67.351 67.351
1 1 3 67.527 67.527
1 2 3 67.527 67.527
1 3 3 67.704 67.704
1 4 3 67.704 67.704
1 1 3 67.88 67.88
1 4 3 67.88 67.88
1 2 3 68.057 68.057
1 3 3 68.233 68.233
1 1 3 68.41 68.41
1 4 3 68.586 68.586
1 2 3 68.763 68.763
1 3 3 68.939 68.939
1 1 3 69.116 69.116
1 4 3 69.292 69.292
1 2 3 69.469 69.469
1 3 3 69.645 69.645
1 1 3 69.821 69.821
1 4 3 69.998 69.998
1 3 3 70.174 70.174
1 2 3 70.351 70.351
1 1 3 70.527 70.527
1 3 3 70.704 70.704
1 2 3 70.88 70.88
1 4 3 71.057 71.057
1 1 3 71.233 71.233
1 3 3 71.41 71.41
1 2 3 71.586 71.586
1 4 3 71.763 71.763
1 1 3 71.939 71.939
1 3 3 72.116 72.116
1 2 3 72.292 72.292
1 4 3 72.469 72.469
1 3 3 72.645 72.645
1 1 3 72.821 72.821
1 2 3 72.998 72.998
1 3 3 73.174 73.174
1 4 3 73.351 73.351
1 1 3 73.527 73.527
1 2 3 73.527 73.527
1 3 3 73.527 73.527
1 1 3 73.88 73.88
1 2 3 73.88 73.88
1 3 3 74.057 74.057
1 1 3 74.233 74.233
1 4 3 74.233 74.233
1 3 3 74.586 74.586
1 4 3 74.586 74.586
1 2 3 74.939 74.939
1 4 3 74.939 74.939
1 1 3 75.292 75.292
1 3 3 75.292 75.292
1 2 3 75.469 75.469
1 1 3 75.645 75.645
1 4 3 75.645 75.645
1 3 3 75.998 75.998
1 4 3 75.998 75.998
1 1 3 76.351 76.351
1 2 3 76.351 76.351
1 3 3 76.351 76.351
1 3 3 76.704 76.704
1 4 3 76.704 76.704
1 3 3 76.88 76.88
1 4 3 76.88 76.88
1 2 3 77.057 77.057
1 3 3 77.057 77.057
1 2 3 77.233 77.233
1 3 3 77.233 77.233
1 1 3 77.41 77.41
1 2 3 77.41 77.41
1 1 3 77.586 77.586
1 2 3 77.586 77.586
2 4 3 77.763 78.469
2 2 3 78.469 79.174
1 1 3 79.174 79.174
1 3 3 79.174 79.174
2 4 3 79.174 79.351
1 2 3 79.351 79.351
1 3 3 79.527 79.527
1 4 3 79.527 79.527
2 2 3 79.704 79.88
1 1 3 79.88 79.88
2 4 3 79.88 80.057
1 3 3 80.057 80.057
1 1 3 80.233 80.233
1 2 3 80.233 80.233
2 3 3 80.41 80.586
2 1 3 80.586 80.763
1 4 3 80.586 80.586
1 2 3 80.763 80.763
2 3 3 80.939 81.116
1 4 3 80.939 80.939
2 2 3 81.116 81.292
2 1 3 81.292 81.469
1 4 3 81.292 81.292
1 3 3 81.469 81.469
1 1 3 81.645 81.645
2 2 3 81.645 81.821
2 4 3 81.821 81.998
1 1 3 81.998 81.998
2 2 3 81.998 82.174
1 3 3 82.174 82.174
1 4 3 82.174 82.174
2 1 3 82.351 82.527
1 2 3 82.351 82.351
1 4 3 82.527 82.527
1 2 3 82.704 82.704
2 3 3 82.704 82.88
1 1 3 82.88 82.88
1 4 3 82.88 82.88
2 2 3 83.057 83.233
1 3 3 83.057 83.057
1 4 3 83.233 83.233
2 1 3 83.41 83.586
1 2 3 83.41 83.41
1 3 3 83.586 83.586
1 4 3 83.586 83.586
1 1 3 83.763 83.763
1 2 3 83.763 83.763
2 3 3 83.939 84.116
1 1 3 84.116 84.116
2 4 3 84.116 84.292
1 2 3 84.292 84.292
1 3 3 84.292 84.292
2 1 3 84.469 84.645
1 4 3 84.469 84.469
1 2 3 84.821 84.821
2 3 3 84.821 84.998
1 1 3 84.998 84.998
1 3 3 85.174 85.174
1 4 3 85.174 85.174
2 2 3 85.351 85.527
2 1 3 85.527 85.704
1 4 3 85.527 85.527
1 3 3 85.704 85.704
1 1 3 85.88 85.88
2 2 3 85.88 86.057
1 4 3 86.057 86.057
1 1 3 86.233 86.233
2 3 3 86.233 86.41
1 2 3 86.41 86.41
1 3 3 86.586 86.586
2 4 3 86.586 86.763
2 2 3 86.763 86.939
2 1 3 86.939 87.116
1 3 3 86.939 86.939
1 4 3 87.116 87.116
1 2 3 87.292 87.292
1 3 3 87.292 87.292
2 1 3 87.469 87.645
2 2 3 87.645 87.821
1 4 3 87.645 87.645
1 3 3 87.821 87.821
1 1 3 87.998 87.998
1 2 3 87.998 87.998
2 3 3 88.174 88.351
1 1 3 88.351 88.351
2 4 3 88.351 88.527
1 2 3 88.527 88.527
1 3 3 88.527 88.527
2 1 3 88.704 88.88
1 4 3 88.704 88.704
1 2 3 88.88 88.88
1 3 3 89.057 89.057
2 4 3 89.057 89.41
1 1 3 89.233 89.233
1 2 3 89.233 89.233
1 2 3 89.41 89.41
1 3 3 89.41 89.41
2 1 3 89.586 89.763
2 2 3 89.763 89.939
1 4 3 89.763 89.763
1 3 3 89.939 89.939
1 4 3 90.027 90.027
1 1 3 90.116 90.116
1 2 3 90.204 90.204
1 3 3 90.292 90.292
1 4 3 90.38 90.38
2 1 3 90.469 90.645
1 2 3 90.469 90.469
1 3 3 90.645 90.645
1 2 3 90.821 90.821
1 4 3 90.821 90.821
2 3 3 90.998 91.174
2 1 3 91.174 91.351
1 4 3 91.174 91.174
1 2 3 91.351 91.351
1 3 3 91.527 91.527
1 4 3 91.527 91.527
2 2 3 91.704 91.88
1 1 3 91.88 91.88
2 4 3 91.88 92.057
1 3 3 92.057 92.057
1 1 3 92.233 92.233
2 2 3 92.233 92.41
2 3 3 92.41 92.586
1 1 3 92.586 92.586
2 4 3 92.586 92.763
1 2 3 92.763 92.763
2 3 3 92.939 93.116
1 4 3 92.939 92.939
2 1 3 93.116 93.292
2 3 3 93.292 93.469
1 4 3 93.292 93.292
1 1 3 93.469 93.469
1 2 3 93.469 93.469
1 3 3 93.645 93.645
2 4 3 93.645 93.821
1 1 3 93.821 93.821
2 2 3 93.998 94.174
1 3 3 93.998 93.998
1 1 3 94.174 94.174
1 4 3 94.174 94.174
1 2 3 94.351 94.351
2 3 3 94.351 94.527
1 1 3 94.527 94.527
1 3 3 94.704 94.704
2 4 3 94.704 94.88
1 1 3 94.88 94.88
1 2 3 94.88 94.88
1 3 3 95.057 95.057
1 4 3 95.057 95.057
2 2 3 95.233 95.41
2 1 3 95.41 95.586
1 4 3 95.41 95.41
1 2 3 95.586 95.586
1 3 3 95.586 95.586
1 1 3 95.763 95.763
2 4 3 95.763 95.939
2 2 3 96.116 96.292
1 3 3 96.116 96.116
1 4 3 96.292 96.292
1 1 3 96.469 96.469
1 2 3 96.469 96.469
2 3 3 96.645 96.821
1 1 3 96.821 96.821
2 4 3 96.821 96.998
1 2 3 96.998 96.998
2 3 3 97.174 97.351
1 4 3 97.174 97.174
1 1 3 97.351 97.351
2 2 3 97.527 97.704
1 4 3 97.527 97.527
1 3 3 97.704 97.704
2 1 3 97.88 98.057
1 2 3 97.88 97.88
2 3 3 98.057 98.233
1 2 3 98.233 98.233
2 4 3 98.233 98.41
1 1 3 98.41 98.41
1 2 3 98.586 98.586
1 3 3 98.586 98.586
2 4 3 98.763 98.939
1 1 3 98.939 98.939
2 3 3 98.939 99.116
1 2 3 99.116 99.116
1 3 3 99.292 99.292
1 4 3 99.292 99.292
1 2 3 99.469 99.469
2 1 3 99.645 99.821
1 4 3 99.645 99.645
1 2 3 99.821 99.821
1 3 3 99.821 99.821
1 1 3 99.998 99.998
2 4 3 99.998 100.174
1 3 3 100.174 100.174
2 1 3 100.351 100.527
1 2 3 100.351 100.351
1 4 3 100.527 100.527
1 3 3 100.616 100.616
1 1 3 100.704 100.704
1 2 3 100.704 100.704
1 3 3 100.88 100.88
1 2 3 100.969 100.969
1 1 3 101.057 101.057
1 4 3 101.057 101.057
1 2 3 101.233 101.233
1 1 3 101.321 101.321
1 4 3 101.41 101.41
1 3 3 101.498 101.498
1 1 3 101.586 101.586
1 2 3 101.674 101.674
2 3 3 101.763 101.939
1 4 3 101.763 101.763
1 2 3 101.939 101.939
1 1 3 102.116 102.116
1 4 3 102.116 102.116
2 2 3 102.292 102.469
1 3 3 102.469 102.469
2 4 3 102.469 102.645
1 1 3 102.645 102.645
1 2 3 102.645 102.645
1 3 3 102.821 102.821
1 4 3 102.821 102.821
2 2 3 102.998 103.174
2 1 3 103.174 103.351
1 4 3 103.174 103.174
1 2 3 103.351 103.351
1 3 3 103.351 103.351
1 1 3 103.527 103.527
2 4 3 103.527 103.704
1 3 3 103.704 103.704
1 1 3 103.88 103.88
2 2 3 103.88 104.057
1 3 3 104.057 104.057
1 4 3 104.057 104.057
2 1 3 104.233 104.41
1 2 3 104.233 104.233
1 3 3 104.41 104.41
1 2 3 104.586 104.586
2 4 3 104.586 104.763
1 3 3 104.763 104.763
2 1 3 104.939 105.116
1 4 3 104.939 104.939
1 2 3 105.116 105.116
1 3 3 105.292 105.292
2 4 3 105.292 105.469
1 1 3 105.469 105.469
1 2 3 105.469 105.469
2 3 3 105.645 105.821
1 4 3 105.645 105.645
1 1 3 105.821 105.821
2 2 3 105.998 106.174
1 4 3 105.998 105.998
1 1 3 106.174 106.174
1 3 3 106.174 106.174
1 2 3 106.351 106.351
1 4 3 106.351 106.351
1 3 3 106.527 106.527
1 1 3 106.704 106.704
1 2 3 106.704 106.704
1 3 3 106.88 106.88
1 4 3 106.88 106.88
1 1 3 107.057 107.057
1 2 3 107.057 107.057
1 3 3 107.233 107.233
1 1 3 107.41 107.41
2 2 3 107.41 107.586
1 3 3 107.586 107.586
1 1 3 107.763 107.763
1 4 3 107.763 107.763
2 3 3 107.939 108.116
2 1 3 108.116 108.292
1 2 3 108.116 108.116
1 3 3 108.292 108.292
1 4 3 108.292 108.292
1 1 3 108.469 108.469
1 2 3 108.469 108.469
2 3 3 108.645 108.821
1 1 3 108.821 108.821
2 4 3 108.821 108.998
1 2 3 108.998 108.998
1 1 3 109.174 109.174
1 4 3 109.174 109.174
2 2 3 109.351 109.527
2 3 3 109.527 109.704
1 4 3 109.527 109.527
1 1 3 109.704 109.704
1 2 3 109.704 109.704
1 3 3 109.88 109.88
2 4 3 109.88 110.057
1 2 3 110.057 110.057
2 1 3 110.233 110.41
1 4 3 110.233 110.233
1 2 3 110.41 110.41
1 1 3 110.586 110.586
2 4 3 110.586 110.763
1 3 3 110.763 110.763
2 1 3 110.939 111.116
1 2 3 110.939 110.939
1 3 3 111.116 111.116
1 4 3 111.116 111.116
1 1 3 111.292 111.292
2 2 3 111.292 111.469
1 4 3 111.469 111.469
1 1 3 111.645 111.645
2 3 3 111.645 111.821
1 2 3 111.821 111.821
1 4 3 111.821 111.821
1 1 3 111.998 111.998
1 3 3 111.998 111.998
1 2 3 112.174 112.174
1 3 3 112.351 112.351
1 4 3 112.351 112.351
1 1 3 112.527 112.527
1 2 3 112.527 112.527
1 1 3 112.704 112.704
1 4 3 112.704 112.704
1 2 3 112.88 112.88
1 3 3 112.88 112.88
1 3 3 113.057 113.057
2 4 3 113.057 113.233
1 1 3 113.41 113.41
1 3 3 113.41 113.41
2 2 3 113.586 113.763
1 3 3 113.763 113.763
2 4 3 113.763 113.939
1 2 3 113.939 113.939
1 1 3 114.116 114.116
1 4 3 114.116 114.116
2 3 3 114.292 114.469
1 2 3 114.38 114.38
1 1 3 114.469 114.469
2 4 3 114.469 114.645
1 2 3 114.645 114.645
1 1 3 114.821 114.821
2 3 3 114.821 114.998
1 1 3 114.998 114.998
1 3 3 115.174 115.174
2 4 3 115.174 115.351
1 2 3 115.351 115.351
2 1 3 115.527 115.704
1 3 3 115.527 115.527
1 4 3 115.704 115.704
1 3 3 115.792 115.792
1 1 3 115.88 115.88
2 2 3 115.88 116.057
1 4 3 116.057 116.057
1 2 3 116.233 116.233
2 3 3 116.233 116.41
1 2 3 116.41 116.41
2 1 3 116.586 116.763
1 3 3 116.586 116.586
1 4 3 116.763 116.763
2 2 3 116.939 117.116
1 3 3 116.939 116.939
1 3 3 117.116 117.116
1 1 3 117.204 117.204
1 2 3 117.292 117.292
2 4 3 117.292 117.469
1 3 3 117.469 117.469
1 1 3 117.645 117.645
1 2 3 117.645 117.645
1 1 3 117.821 117.821
1 3 3 117.998 117.998
1 4 3 117.998 117.998
1 2 3 118.174 118.174
2 1 3 118.351 118.527
1 4 3 118.351 118.351
1 4 3 118.527 118.527
1 2 3 118.704 118.704
2 3 3 118.704 118.88
1 4 3 118.88 118.88
1 1 3 119.057 119.057
1 2 3 119.057 119.057
1 2 3 119.233 119.233
1 4 3 119.41 119.41
1 3 3 119.498 119.498
1 1 3 119.586 119.586
1 2 3 119.674 119.674
1 3 3 119.763 119.763
1 4 3 119.851 119.851
1 1 3 119.939 119.939
1 2 3 120.027 120.027
1 1 3 120.116 120.116
1 3 3 120.116 120.116
2 4 3 120.116 120.469
2 2 3 120.469 120.821
2 1 3 120.821 121.174
2 3 3 121.174 121.527
1 1 3 121.527 121.527
1 2 3 121.88 121.88
1 3 3 122.045 122.045
1 4 3 122.22 122.22
1 2 3 122.546 122.546
2 3 3 122.875 123.025
1 4 3 123.222 123.222
1 4 3 123.557 123.557
1 1 3 123.892 123.892
1 2 3 124.059 124.059
1 3 3 124.227 124.227
1 1 3 124.56 124.56
1 2 3 124.723 124.723
1 3 3 124.886 124.886
1 4 3 125.049 125.049
1 2 3 125.212 125.212
1 1 3 125.376 125.376
1 4 3 125.541 125.541
1 3 3 125.889 125.889
1 2 3 126.055 126.055
1 1 3 126.222 126.222
1 3 3 126.551 126.551
2 2 3 126.884 127.013
1 1 3 127.2 127.2
1 4 3 127.544 127.544
1 3 3 127.71 127.71
1 1 3 127.886 127.886
1 2 3 128.034 128.034
1 3 3 128.201 128.201
1 4 3 128.369 128.369
1 1 3 128.536 128.536
1 2 3 128.895 128.895
1 1 3 129.057 129.057
1 3 3 129.219 129.219
1 4 3 129.381 129.381
1 2 3 129.543 129.543
1 1 3 129.887 129.887
1 2 3 130.042 130.042
1 3 3 130.197 130.197
1 1 3 130.365 130.365
1 4 3 130.552 130.552
2 2 3 130.9 131.025
1 4 3 131.212 131.212
1 4 3 131.552 131.552
1 1 3 131.885 131.885
1 2 3 132.022 132.022
1 3 3 132.209 132.209
1 1 3 132.551 132.551
1 2 3 132.715 132.715
1 3 3 132.88 132.88
1 4 3 133.054 133.054
1 2 3 133.228 133.228
1 1 3 133.389 133.389
1 4 3 133.55 133.55
1 3 3 133.883 133.883
1 2 3 134.051 134.051
1 1 3 134.22 134.22
1 3 3 134.557 134.557
2 2 3 134.892 135.014
1 1 3 135.214 135.214
1 4 3 135.554 135.554
1 3 3 135.72 135.72
1 1 3 135.887 135.887
1 2 3 136.054 136.054
1 3 3 136.22 136.22
1 4 3 136.554 136.554
2 2 3 137.132 137.55
2 4 3 137.55 137.883
2 1 3 138.216 138.55
2 3 3 138.55 138.883
1 2 3 138.883 138.883
2 3 3 139.216 139.55
2 2 3 139.55 139.883
1 4 3 139.883 139.883
1 1 3 140.216 140.216
2 4 3 140.55 140.883
2 2 3 140.883 141.216
2 3 3 141.216 141.55
2 1 3 141.55 141.883
2 2 3 142.216 142.55
2 4 3 142.55 142.883
1 2 3 142.883 142.883
2 3 3 143.216 143.55
2 1 3 143.55 143.883
1 3 3 143.883 143.883
1 4 3 144.216 144.216
1 1 3 144.55 144.55
1 2 3 144.883 144.883
2 3 3 145.216 145.55
2 4 3 145.55 145.883
2 1 3 146.216 146.55
2 4 3 146.55 146.883
1 2 3 146.883 146.883
2 3 3 147.216 147.55
2 1 3 147.55 147.883
2 3 3 148.55 148.883
2 2 3 148.883 149.216
2 1 3 149.216 149.55
2 4 3 149.55 149.883
2 2 3 150.216 150.55
2 3 3 150.55 150.883
2 1 3 151.216 151.549
2 4 3 151.549 151.883
1 3 3 151.883 151.883
1 2 3 152.216 152.216
1 3 3 152.549 152.549
1 4 3 152.549 152.549
1 2 3 152.883 152.883
2 1 3 153.216 153.549
2 2 3 153.549 153.883
1 3 3 153.549 153.549
1 4 3 153.883 153.883
1 1 3 154.216 154.216
2 3 3 154.216 154.549
1 2 3 154.549 154.549
2 4 3 154.549 154.883
1 1 3 154.883 154.883
2 3 3 155.216 155.549
1 4 3 155.216 155.216
2 1 3 155.549 155.883
1 2 3 155.549 155.549
1 3 3 155.883 155.883
1 1 3 156.216 156.216
1 2 3 156.549 156.549
2 4 3 156.549 156.883
1 1 3 156.883 156.883
2 3 3 156.883 157.216
2 1 3 157.216 157.549
1 4 3 157.216 157.216
2 2 3 157.549 157.883
1 3 3 157.549 157.549
1 4 3 157.883 157.883
1 2 3 158.216 158.216
2 3 3 158.216 158.549
2 1 3 158.549 158.883
1 4 3 158.549 158.549
1 3 3 158.883 158.883
1 1 3 159.216 159.216
2 2 3 159.216 159.549
2 3 3 159.549 159.883
1 4 3 159.549 159.549
1 1 3 159.883 159.883
1 2 3 160.216 160.216
1 4 3 160.549 160.549
1 3 3 160.883 160.883
2 1 3 161.216 161.549
1 2 3 161.216 161.216
1 3 3 161.549 161.549
2 4 3 161.549 161.883
1 1 3 161.883 161.883
2 2 3 162.216 162.549
1 4 3 162.216 162.216
2 1 3 162.549 162.883
1 3 3 162.549 162.549
1 2 3 162.883 162.883
2 3 3 163.216 163.549
1 4 3 163.216 163.216
1 1 3 163.549 163.549
2 2 3 163.549 163.883
1 4 3 163.883 163.883
1 2 3 164.216 164.216
2 1 3 164.549 164.883
1 3 3 164.549 164.549
2 2 3 164.883 165.216
1 4 3 164.883 164.883
1 1 3 165.216 165.216
2 4 3 165.216 165.549
1 2 3 165.549 165.549
2 3 3 165.549 165.883
1 4 3 165.883 165.883
1 1 3 166.216 166.216
2 2 3 166.216 166.549
1 3 3 166.549 166.549
2 4 3 166.549 166.883
1 2 3 166.883 166.883
2 1 3 167.216 167.549
1 4 3 167.216 167.216
1 3 3 167.549 167.549
1 4 3 167.549 167.549
1 1 3 167.711 167.711
1 3 3 167.792 167.792
1 2 3 167.873 167.873
1 1 3 168.116 168.116
1 2 3 168.197 168.197
1 4 3 168.461 168.461
1 3 3 168.529 168.529
1 1 3 168.689 168.689
1 3 3 168.849 168.849
1 4 3 168.849 168.849
1 3 3 169.009 169.009
1 1 3 169.169 169.169
1 2 3 169.169 169.169
1 4 3 169.169 169.169
2 1 3 169.508 169.841
1 2 3 169.508 169.508
1 3 3 169.508 169.508
1 4 3 169.841 169.841
1 1 3 170.174 170.174
2 3 3 170.174 170.508
1 1 3 170.508 170.508
2 4 3 170.508 170.841
1 2 3 170.841 170.841
1 3 3 170.841 170.841
1 1 3 171.008 171.008
2 3 3 171.174 171.508
1 4 3 171.174 171.174
2 1 3 171.508 172.174
1 2 3 171.508 171.508
1 4 3 171.841 171.841
1 2 3 172.174 172.174
1 3 3 172.174 172.174
2 1 3 172.508 172.841
1 4 3 172.508 172.508
1 2 3 172.841 172.841
1 4 3 172.841 172.841
1 3 3 173.008 173.008
1 1 3 173.174 173.174
1 2 3 173.341 173.341
1 3 3 173.508 173.508
2 4 3 173.508 173.841
1 1 3 173.841 173.841
2 2 3 174.174 174.508
1 4 3 174.174 174.174
2 1 3 174.508 174.841
1 4 3 174.508 174.508
1 2 3 174.841 174.841
1 3 3 174.841 174.841
1 4 3 175.008 175.008
1 1 3 175.174 175.174
2 2 3 175.174 175.508
1 3 3 175.508 175.508
2 4 3 175.508 176.174
1 1 3 175.841 175.841
1 3 3 176.174 176.174
1 2 3 176.174 176.174
1 4 3 176.508 176.508
1 3 3 176.508 176.508
1 2 3 176.674 176.674
1 3 3 176.758 176.758
1 1 3 176.841 176.841
1 4 3 176.841 176.841
1 3 3 177.008 177.008
1 1 3 177.174 177.174
1 2 3 177.174 177.174
1 3 3 177.341 177.341
2 1 3 177.508 177.841
1 4 3 177.508 177.508
2 2 3 177.841 178.174
1 4 3 177.841 177.841
1 1 3 178.174 178.174
2 3 3 178.174 178.508
1 1 3 178.508 178.508
2 4 3 178.508 178.841
1 2 3 178.841 178.841
1 3 3 178.841 178.841
1 1 3 179.008 179.008
2 3 3 179.174 179.508
1 4 3 179.174 179.174
1 1 3 179.508 179.508
2 2 3 179.508 180.174
1 4 3 179.841 179.841
1 3 3 180.174 180.174
1 4 3 180.174 180.174
2 1 3 180.508 181.508
1 2 3 180.508 180.508
1 3 3 180.841 180.841
1 4 3 180.841 180.841
1 2 3 181.008 181.008
1 3 3 181.174 181.174
1 4 3 181.174 181.174
1 3 3 181.508 181.508
2 4 3 181.508 182.508
1 1 3 181.841 181.841
1 2 3 182.174 182.174
1 3 3 182.174 182.174
2 1 3 182.508 183.508
1 2 3 182.508 182.508
1 3 3 182.841 182.841
1 4 3 182.841 182.841
1 2 3 183.008 183.008
1 3 3 183.174 183.174
1 4 3 183.174 183.174
1 2 3 183.508 183.508
1 3 3 183.508 183.508
2 4 3 183.508 183.841
1 1 3 183.841 183.841
1 3 3 183.841 183.841
1 1 3 184.007 184.007
1 3 3 184.007 184.007
1 2 3 184.174 184.174
1 4 3 184.174 184.174
1 2 3 184.341 184.341
1 4 3 184.341 184.341
1 1 3 184.507 184.507
1 3 3 184.507 184.507
1 4 3 184.507 184.507
1 1 3 185.532 185.532
1 3 3 185.532 185.532
2 4 3 185.532 185.698
2 1 3 185.865 186.032
1 3 3 186.032 186.032
1 4 3 186.032 186.032
2 3 3 186.198 186.365
1 1 3 186.365 186.365
1 2 3 186.365 186.365
1 1 3 186.532 186.532
2 4 3 186.532 186.865
1 1 3 186.865 186.865
1 2 3 186.865 186.865
1 3 3 187.032 187.032
1 4 3 187.032 187.032
2 1 3 187.198 187.365
1 4 3 187.198 187.198
1 2 3 187.532 187.532
2 3 3 187.532 187.865
1 3 3 188.032 188.032
1 4 3 188.032 188.032
2 1 3 188.198 188.365
1 2 3 188.365 188.365
1 4 3 188.365 188.365
2 2 3 188.532 188.865
1 3 3 188.532 188.532
1 3 3 188.865 188.865
1 4 3 188.865 188.865
1 1 3 189.032 189.032
1 2 3 189.032 189.032
2 1 3 189.198 189.365
1 4 3 189.198 189.198
1 2 3 189.532 189.532
2 3 3 189.532 189.698
1 4 3 189.532 189.532
2 4 3 189.865 190.032
1 1 3 190.032 190.032
1 2 3 190.032 190.032
2 2 3 190.198 190.365
1 3 3 190.365 190.365
1 4 3 190.365 190.365
2 1 3 190.532 190.865
1 4 3 190.532 190.532
1 3 3 190.865 190.865
1 4 3 190.865 190.865
1 1 3 191.032 191.032
1 2 3 191.032 191.032
1 1 3 191.198 191.198
2 4 3 191.198 191.365
1 2 3 191.532 191.532
2 3 3 191.532 191.865
1 4 3 191.865 191.865
1 1 3 192.032 192.032
1 2 3 192.032 192.032
2 4 3 192.198 192.365
1 1 3 192.365 192.365
1 3 3 192.365 192.365
2 1 3 192.532 192.698
1 2 3 192.532 192.532
1 3 3 192.698 192.698
1 4 3 192.698 192.698
1 1 3 192.865 192.865
1 2 3 192.865 192.865
1 3 3 193.032 193.032
1 4 3 193.032 193.032
1 1 3 193.198 193.198
1 4 3 193.198 193.198
1 1 3 193.532 193.532
1 3 3 193.532 193.532
2 4 3 193.532 193.698
2 1 3 193.865 194.032
1 3 3 194.032 194.032
1 4 3 194.032 194.032
2 2 3 194.198 194.365
1 1 3 194.365 194.365
1 3 3 194.365 194.365
1 4 3 194.448 194.448
2 1 3 194.532 194.865
1 2 3 194.532 194.532
1 3 3 194.865 194.865
1 4 3 194.865 194.865
1 1 3 195.032 195.032
1 2 3 195.032 195.032
1 1 3 195.198 195.198
2 4 3 195.198 195.365
1 2 3 195.532 195.532
2 3 3 195.532 195.698
2 2 3 195.865 196.032
1 1 3 196.032 196.032
1 3 3 196.032 196.032
2 4 3 196.198 196.365
1 1 3 196.365 196.365
1 3 3 196.365 196.365
1 2 3 196.532 196.532
2 3 3 196.532 196.865
1 1 3 196.865 196.865
1 2 3 196.865 196.865
1 3 3 197.032 197.032
1 4 3 197.032 197.032
1 1 3 197.198 197.198
1 4 3 197.198 197.198
1 2 3 197.365 197.365
1 3 3 197.365 197.365
1 1 3 197.532 197.532
2 2 3 197.532 197.698
1 4 3 197.532 197.532
2 1 3 197.865 198.032
1 2 3 197.865 197.865
1 3 3 198.032 198.032
1 4 3 198.032 198.032
2 3 3 198.198 198.365
1 1 3 198.365 198.365
1 2 3 198.365 198.365
1 1 3 198.532 198.532
2 4 3 198.532 198.865
1 1 3 198.865 198.865
1 2 3 198.865 198.865
1 3 3 199.032 199.032
1 4 3 199.032 199.032
2 1 3 199.198 199.365
1 4 3 199.198 199.198
1 2 3 199.365 199.365
1 3 3 199.365 199.365
1 1 3 199.532 199.532
2 2 3 199.532 199.698
2 3 3 199.865 200.031
1 2 3 200.031 200.031
1 4 3 200.031 200.031
2 1 3 200.198 200.365
1 3 3 200.365 200.365
1 4 3 200.365 200.365
1 2 3 200.448 200.448
1 1 3 200.531 200.531
2 4 3 200.531 200.698
1 2 3 200.698 200.698
1 3 3 200.698 200.698
1 1 3 200.865 200.865
1 2 3 200.865 200.865
1 3 3 201.031 201.031
1 4 3 201.031 201.031
1 1 3 201.198 201.198
1 2 3 201.198 201.198
1 4 3 201.365 201.365
1 1 3 201.531 201.531
2 2 3 201.531 201.698
1 3 3 201.531 201.531
1 3 3 201.865 201.865
2 4 3 201.865 202.031
1 1 3 202.031 202.031
1 2 3 202.031 202.031
2 2 3 202.198 202.365
1 3 3 202.365 202.365
1 4 3 202.365 202.365
1 1 3 202.448 202.448
1 2 3 202.531 202.531
2 3 3 202.531 202.865
1 1 3 202.865 202.865
1 2 3 202.865 202.865
1 3 3 203.031 203.031
1 4 3 203.031 203.031
1 1 3 203.198 203.198
2 4 3 203.198 203.531
1 2 3 203.531 203.531
2 3 3 203.531 204.031
1 1 3 204.031 204.031
1 2 3 204.031 204.031
2 4 3 204.198 204.365
1 2 3 204.365 204.365
1 3 3 204.448 204.448
2 1 3 204.531 204.698
1 4 3 204.531 204.531
1 4 3 204.698 204.698
1 3 3 204.781 204.781
1 1 3 204.865 204.865
1 2 3 204.865 204.865
1 1 3 205.031 205.031
1 2 3 205.115 205.115
2 3 3 205.198 205.365
1 4 3 205.198 205.198
1 1 3 205.531 205.531
2 2 3 205.531 205.698
1 4 3 205.531 205.531
2 1 3 205.865 206.031
1 3 3 206.031 206.031
1 4 3 206.031 206.031
2 3 3 206.198 206.365
1 1 3 206.365 206.365
1 2 3 206.365 206.365
1 1 3 206.531 206.531
2 4 3 206.531 206.865
1 1 3 206.865 206.865
1 2 3 206.865 206.865
1 3 3 207.031 207.031
1 4 3 207.031 207.031
2 1 3 207.198 207.365
1 4 3 207.198 207.198
1 2 3 207.365 207.365
1 3 3 207.365 207.365
1 1 3 207.531 207.531
2 2 3 207.531 207.865
1 3 3 207.865 207.865
1 4 3 207.865 207.865
1 1 3 208.031 208.031
1 2 3 208.031 208.031
2 1 3 208.198 208.365
1 4 3 208.198 208.198
1 3 3 208.365 208.365
1 2 3 208.448 208.448
1 1 3 208.531 208.531
2 4 3 208.531 208.698
1 2 3 208.698 208.698
1 3 3 208.781 208.781
1 4 3 208.865 208.865
1 2 3 208.948 208.948
1 1 3 209.031 209.031
1 4 3 209.115 209.115
1 3 3 209.198 209.198
1 1 3 209.281 209.281
1 2 3 209.365 209.365
1 3 3 209.448 209.448
2 1 3 209.531 209.698
1 2 3 209.531 209.531
1 4 3 209.531 209.531
2 4 3 209.865 210.031
1 1 3 210.031 210.031
1 2 3 210.031 210.031
2 3 3 210.198 210.365
1 2 3 210.365 210.365
1 4 3 210.365 210.365
1 1 3 210.531 210.531
2 4 3 210.531 210.865
1 1 3 210.865 210.865
1 2 3 210.865 210.865
1 3 3 211.031 211.031
1 4 3 211.031 211.031
2 1 3 211.198 211.365
1 4 3 211.198 211.198
2 2 3 211.531 211.698
1 3 3 211.531 211.531
2 3 3 211.865 212.031
1 2 3 212.031 212.031
1 4 3 212.031 212.031
2 1 3 212.198 212.365
1 2 3 212.365 212.365
1 3 3 212.365 212.365
1 3 3 212.531 212.531
2 4 3 212.531 212.698
1 1 3 212.698 212.698
1 2 3 212.698 212.698
1 2 3 212.865 212.865
2 3 3 212.865 213.031
1 1 3 213.031 213.031
1 4 3 213.031 213.031
2 2 3 213.198 213.365
1 4 3 213.198 213.198
1 1 3 213.531 213.531
2 3 3 213.531 213.698
1 4 3 213.531 213.531
2 4 3 213.865 214.031
1 1 3 214.031 214.031
1 2 3 214.031 214.031
2 2 3 214.198 214.365
1 3 3 214.365 214.365
1 4 3 214.448 214.448
2 1 3 214.531 214.698
1 2 3 214.531 214.531
2 3 3 214.865 215.031
1 4 3 214.865 214.865
1 1 3 215.031 215.031
1 2 3 215.031 215.031
1 1 3 215.198 215.198
2 4 3 215.198 215.365
1 2 3 215.365 215.365
1 3 3 215.365 215.365
2 3 3 215.531 215.698
1 4 3 215.531 215.531
1 1 3 215.865 215.865
2 2 3 215.865 216.031
1 3 3 216.031 216.031
1 4 3 216.031 216.031
2 4 3 216.198 216.365
1 2 3 216.365 216.365
1 1 3 216.531 216.531
1 4 3 216.531 216.531
1 2 3 216.698 216.698
1 3 3 216.698 216.698
1 3 3 216.865 216.865
1 4 3 216.865 216.865
1 1 3 217.031 217.031
1 2 3 217.031 217.031
1 3 3 217.198 217.198
1 4 3 217.198 217.198
1 1 3 217.365 217.365
1 2 3 217.365 217.365
1 3 3 217.549 217.549
1 4 3 217.549 217.549
1 2 3 218.215 218.215
1 1 3 218.549 218.549
1 4 3 218.549 218.549
1 3 3 218.882 218.882
1 2 3 219.215 219.215
1 3 3 219.549 219.549
1 4 3 219.549 219.549
1 2 3 220.215 220.215
1 4 3 220.549 220.549
1 3 3 220.882 220.882
1 2 3 221.215 221.215
1 1 3 221.549 221.549
1 3 3 221.549 221.549
1 2 3 222.215 222.215
1 3 3 222.549 222.549
1 4 3 222.549 222.549
1 2 3 222.882 222.882
1 1 3 223.215 223.215
1 2 3 223.549 223.549
1 4 3 223.549 223.549
1 4 3 224.215 224.215
1 3 3 224.549 224.549
1 2 3 224.882 224.882
1 1 3 225.215 225.215
1 3 3 225.549 225.549
1 4 3 225.549 225.549
1 2 3 225.882 225.882
1 1 3 226.215 226.215
1 2 3 226.549 226.549
1 4 3 226.549 226.549
1 3 3 226.882 226.882
1 1 3 227.215 227.215
1 3 3 227.549 227.549
1 4 3 227.549 227.549
1 2 3 227.882 227.882
1 1 3 228.215 228.215
1 4 3 228.215 228.215
1 1 3 228.549 228.549
1 2 3 228.549 228.549
1 3 3 229.215 229.215
1 1 3 229.549 229.549
1 2 3 229.549 229.549
1 4 3 229.882 229.882
1 2 3 230.215 230.215
1 3 3 230.549 230.549
1 3 3 231.493 231.493
1 2 3 231.576 231.576
1 1 3 234.892 234.892
1 2 3 235.421 235.421
1 3 3 235.597 235.597
1 4 3 235.95 235.95
1 2 3 236.127 236.127
1 1 3 236.303 236.303
1 4 3 236.656 236.656
1 1 3 236.833 236.833
1 3 3 237.009 237.009
1 2 3 237.362 237.362
1 3 3 237.539 237.539
1 1 3 237.715 237.715
1 4 3 238.068 238.068
1 2 3 238.421 238.421
1 1 3 238.774 238.774
1 3 3 239.127 239.127
1 2 3 239.656 239.656
1 4 3 239.833 239.833
2 1 3 240.186 240.539
1 3 3 240.539 240.539
1 4 3 240.539 240.539
1 2 3 240.712 240.712
1 3 3 240.799 240.799
1 4 3 240.799 240.799
1 1 3 240.885 240.885
1 2 3 241.059 241.059
1 3 3 241.059 241.059
1 2 3 241.232 241.232
1 3 3 241.406 241.406
1 4 3 241.406 241.406
1 1 3 241.579 241.579
1 2 3 241.579 241.579
1 4 3 241.752 241.752
1 1 3 241.926 241.926
1 2 3 241.926 241.926
1 3 3 242.099 242.099
1 1 3 242.186 242.186
1 2 3 242.186 242.186
1 4 3 242.288 242.288
1 2 3 242.462 242.462
1 3 3 242.462 242.462
1 3 3 242.636 242.636
1 1 3 242.811 242.811
1 2 3 242.811 242.811
1 3 3 242.985 242.985
1 4 3 242.985 242.985
1 1 3 243.16 243.16
1 3 3 243.341 243.341
1 4 3 243.341 243.341
1 1 3 243.522 243.522
1 3 3 243.613 243.613
1 4 3 243.613 243.613
1 2 3 243.704 243.704
1 1 3 243.886 243.886
1 4 3 243.886 243.886
1 3 3 244.068 244.068
1 1 3 244.239 244.239
1 2 3 244.239 244.239
1 2 3 244.41 244.41
1 3 3 244.41 244.41
1 3 3 244.582 244.582
1 4 3 244.582 244.582
1 1 3 244.668 244.668
1 2 3 244.668 244.668
2 4 3 244.753 245.439
2 2 3 245.439 246.186
1 1 3 246.186 246.186
1 3 3 246.186 246.186
2 4 3 246.186 246.362
1 2 3 246.362 246.362
1 3 3 246.538 246.538
1 4 3 246.538 246.538
2 2 3 246.715 246.891
1 1 3 246.891 246.891
2 4 3 246.891 247.068
1 3 3 247.068 247.068
1 1 3 247.244 247.244
1 2 3 247.244 247.244
2 3 3 247.421 247.597
2 1 3 247.597 247.774
1 4 3 247.597 247.597
1 2 3 247.774 247.774
2 3 3 247.95 248.127
1 4 3 247.95 247.95
2 2 3 248.127 248.303
2 1 3 248.303 248.48
1 4 3 248.303 248.303
1 3 3 248.48 248.48
1 1 3 248.656 248.656
2 2 3 248.656 248.833
2 4 3 248.833 249.009
1 1 3 249.009 249.009
2 2 3 249.009 249.186
1 3 3 249.186 249.186
1 4 3 249.186 249.186
2 1 3 249.362 249.538
1 2 3 249.362 249.362
1 4 3 249.538 249.538
1 2 3 249.715 249.715
2 3 3 249.715 249.891
1 1 3 249.891 249.891
1 4 3 249.891 249.891
2 2 3 250.068 250.244
1 3 3 250.068 250.068
1 4 3 250.244 250.244
2 1 3 250.421 250.597
1 2 3 250.421 250.421
1 3 3 250.597 250.597
1 4 3 250.597 250.597
1 1 3 250.774 250.774
1 2 3 250.774 250.774
2 3 3 250.95 251.127
1 2 3 251.127 251.127
2 4 3 251.127 251.215
1 1 3 251.303 251.303
1 3 3 251.303 251.303
2 2 3 251.48 251.656
1 4 3 251.48 251.48
1 3 3 251.656 251.656
1 4 3 251.744 251.744
2 1 3 251.833 252.186
1 2 3 251.833 251.833
1 3 3 252.009 252.009
1 2 3 252.186 252.186
1 4 3 252.186 252.186
2 3 3 252.362 252.538
1 1 3 252.538 252.538
2 4 3 252.538 252.715
1 2 3 252.715 252.715
2 1 3 252.891 253.068
1 3 3 252.891 252.891
1 4 3 253.068 253.068
1 1 3 253.244 253.244
2 3 3 253.244 253.421
1 2 3 253.421 253.421
1 3 3 253.597 253.597
2 4 3 253.597 253.774
2 2 3 253.774 253.95
2 1 3 253.95 254.127
1 3 3 253.95 253.95
1 4 3 254.127 254.127
1 2 3 254.303 254.303
1 3 3 254.303 254.303
2 1 3 254.48 254.656
2 2 3 254.656 254.833
1 4 3 254.656 254.656
1 3 3 254.833 254.833
1 1 3 255.009 255.009
1 2 3 255.009 255.009
2 3 3 255.186 255.362
1 1 3 255.362 255.362
2 4 3 255.362 255.538
1 2 3 255.538 255.538
1 3 3 255.538 255.538
2 1 3 255.715 255.891
1 4 3 255.715 255.715
1 2 3 255.891 255.891
1 3 3 256.068 256.068
2 4 3 256.068 256.244
1 1 3 256.244 256.244
1 2 3 256.244 256.244
1 3 3 256.421 256.421
1 4 3 256.421 256.421
2 1 3 256.597 256.774
2 2 3 256.774 256.95
1 4 3 256.774 256.774
1 3 3 256.95 256.95
1 4 3 257.038 257.038
1 1 3 257.127 257.127
1 2 3 257.127 257.127
1 4 3 257.303 257.303
1 3 3 257.391 257.391
2 1 3 257.48 257.656
1 2 3 257.48 257.48
1 3 3 257.656 257.656
1 2 3 257.833 257.833
1 4 3 257.833 257.833
2 3 3 258.009 258.186
2 1 3 258.186 258.362
1 4 3 258.186 258.186
1 2 3 258.362 258.362
1 3 3 258.538 258.538
1 4 3 258.538 258.538
2 2 3 258.715 258.891
1 1 3 258.891 258.891
2 4 3 258.891 259.068
1 3 3 259.068 259.068
1 1 3 259.244 259.244
2 2 3 259.244 259.421
2 3 3 259.421 259.597
1 1 3 259.597 259.597
2 4 3 259.597 259.774
1 2 3 259.774 259.774
2 3 3 259.95 260.127
1 4 3 259.95 259.95
2 1 3 260.127 260.303
2 3 3 260.303 260.48
1 4 3 260.303 260.303
1 1 3 260.48 260.48
1 2 3 260.48 260.48
1 3 3 260.656 260.656
2 4 3 260.656 260.833
1 1 3 260.833 260.833
2 2 3 261.009 261.186
1 3 3 261.009 261.009
1 1 3 261.186 261.186
1 4 3 261.186 261.186
1 2 3 261.362 261.362
2 3 3 261.362 261.538
1 1 3 261.538 261.538
1 3 3 261.715 261.715
2 4 3 261.715 261.891
1 1 3 261.891 261.891
1 2 3 261.891 261.891
1 3 3 262.068 262.068
1 4 3 262.068 262.068
2 2 3 262.244 262.421
2 1 3 262.421 262.597
1 4 3 262.421 262.421
1 2 3 262.597 262.597
1 3 3 262.597 262.597
1 1 3 262.774 262.774
2 4 3 262.774 262.95
1 2 3 262.95 262.95
1 3 3 263.038 263.038
2 1 3 263.127 263.303
1 4 3 263.127 263.127
1 3 3 263.303 263.303
1 1 3 263.48 263.48
1 2 3 263.48 263.48
1 3 3 263.656 263.656
1 1 3 263.833 263.833
2 4 3 263.833 264.009
1 2 3 264.009 264.009
2 3 3 264.186 264.362
1 4 3 264.186 264.186
1 1 3 264.362 264.362
2 2 3 264.538 264.715
1 4 3 264.538 264.538
1 3 3 264.715 264.715
2 1 3 264.891 265.068
1 2 3 264.891 264.891
2 3 3 265.068 265.244
1 2 3 265.244 265.244
2 4 3 265.244 265.421
1 1 3 265.421 265.421
1 2 3 265.597 265.597
1 3 3 265.597 265.597
2 4 3 265.774 265.95
1 1 3 265.95 265.95
2 3 3 265.95 266.127
1 2 3 266.127 266.127
1 4 3 266.127 266.127
1 1 3 266.303 266.303
1 2 3 266.303 266.303
2 3 3 266.48 266.656
2 2 3 266.656 266.833
1 4 3 266.656 266.656
1 1 3 266.833 266.833
1 3 3 266.833 266.833
1 2 3 267.009 267.009
2 4 3 267.009 267.186
1 3 3 267.186 267.186
2 1 3 267.362 267.538
1 2 3 267.362 267.362
1 4 3 267.538 267.538
1 3 3 267.627 267.627
1 1 3 267.715 267.715
1 2 3 267.715 267.715
1 3 3 267.891 267.891
1 4 3 267.98 267.98
1 1 3 268.068 268.068
1 2 3 268.068 268.068
1 3 3 268.244 268.244
1 4 3 268.333 268.333
1 1 3 268.421 268.421
1 2 3 268.509 268.509
1 4 3 268.597 268.597
1 3 3 268.686 268.686
2 1 3 268.774 268.95
1 2 3 268.774 268.774
1 4 3 268.774 268.774
1 3 3 268.95 268.95
1 2 3 269.127 269.127
1 4 3 269.127 269.127
1 1 3 269.303 269.303
1 3 3 269.48 269.48
2 4 3 269.48 269.656
1 1 3 269.656 269.656
1 2 3 269.656 269.656
1 1 3 269.833 269.833
1 4 3 269.833 269.833
2 3 3 270.009 270.186
2 1 3 270.186 270.362
1 2 3 270.186 270.186
1 3 3 270.362 270.362
1 4 3 270.362 270.362
1 1 3 270.538 270.538
2 3 3 270.538 270.715
2 2 3 270.715 270.891
1 3 3 270.891 270.891
2 4 3 270.891 271.068
1 1 3 271.068 271.068
1 2 3 271.068 271.068
1 2 3 271.244 271.244
1 4 3 271.244 271.244
1 3 3 271.421 271.421
1 1 3 271.597 271.597
1 2 3 271.597 271.597
1 4 3 271.774 271.774
1 1 3 271.95 271.95
1 3 3 271.95 271.95
1 2 3 272.127 272.127
1 3 3 272.303 272.303
2 1 3 272.48 272.656
1 4 3 272.48 272.48
2 2 3 272.656 272.833
1 4 3 272.656 272.656
2 3 3 272.833 273.009
2 2 3 273.009 273.186
1 4 3 273.009 273.009
1 1 3 273.186 273.186
1 3 3 273.186 273.186
1 1 3 273.362 273.362
1 4 3 273.362 273.362
1 2 3 273.538 273.538
1 3 3 273.538 273.538
1 1 3 273.715 273.715
1 3 3 273.715 273.715
1 2 3 273.891 273.891
1 4 3 273.891 273.891
1 2 3 274.068 274.068
1 3 3 274.068 274.068
2 1 3 274.244 274.421
1 3 3 274.421 274.421
2 4 3 274.421 274.597
1 2 3 274.597 274.597
1 3 3 274.774 274.774
1 4 3 274.774 274.774
1 2 3 274.95 274.95
2 1 3 275.127 275.303
1 4 3 275.127 275.127
1 2 3 275.303 275.303
1 3 3 275.303 275.303
1 1 3 275.48 275.48
2 2 3 275.48 275.656
1 4 3 275.656 275.656
1 1 3 275.833 275.833
2 3 3 275.833 276.009
1 2 3 276.009 276.009
1 2 3 276.186 276.186
2 4 3 276.186 276.362
2 3 3 276.362 276.538
2 1 3 276.538 276.715
1 4 3 276.538 276.538
1 2 3 276.715 276.715
1 3 3 276.715 276.715
2 3 3 276.891 277.068
1 4 3 276.891 276.891
1 1 3 277.068 277.068
1 2 3 277.156 277.156
2 3 3 277.244 277.421
1 4 3 277.244 277.244
1 1 3 277.421 277.421
1 2 3 277.597 277.597
1 4 3 277.597 277.597
1 3 3 277.774 277.774
1 1 3 277.95 277.95
2 4 3 277.95 278.127
1 2 3 278.127 278.127
1 3 3 278.127 278.127
2 1 3 278.303 278.48
1 2 3 278.303 278.303
1 3 3 278.48 278.48
1 1 3 278.656 278.656
2 4 3 278.656 278.833
1 2 3 278.833 278.833
1 3 3 278.921 278.921
1 1 3 279.009 279.009
1 4 3 279.009 279.009
1 3 3 279.186 279.186
1 2 3 279.274 279.274
1 1 3 279.362 279.362
1 4 3 279.362 279.362
1 3 3 279.538 279.538
1 4 3 279.627 279.627
1 1 3 279.715 279.715
1 2 3 279.803 279.803
1 3 3 279.891 279.891
1 1 3 279.98 279.98
1 2 3 280.068 280.068
1 3 3 280.068 280.068
2 4 3 280.068 280.244
1 1 3 280.244 280.244
1 3 3 280.421 280.421
1 4 3 280.421 280.421
2 2 3 280.597 280.774
2 4 3 280.774 280.95
1 2 3 280.95 280.95
1 3 3 280.95 280.95
1 1 3 281.127 281.127
1 2 3 281.127 281.127
2 3 3 281.303 281.48
2 1 3 281.48 281.656
1 4 3 281.48 281.48
1 2 3 281.656 281.656
1 3 3 281.656 281.656
1 1 3 281.833 281.833
2 3 3 281.833 282.009
2 2 3 282.009 282.186
2 1 3 282.186 282.362
1 4 3 282.186 282.186
1 2 3 282.362 282.362
1 3 3 282.362 282.362
2 2 3 282.538 282.715
1 4 3 282.538 282.538
2 3 3 282.715 282.891
1 1 3 282.891 282.891
2 2 3 282.891 283.068
1 4 3 283.068 283.068
1 2 3 283.244 283.244
2 3 3 283.244 283.421
1 1 3 283.421 283.421
2 2 3 283.597 283.774
1 4 3 283.597 283.597
1 1 3 283.774 283.774
1 3 3 283.774 283.774
1 1 3 283.95 283.95
2 4 3 283.95 284.127
1 3 3 284.127 284.127
2 1 3 284.303 284.48
1 2 3 284.303 284.303
1 3 3 284.48 284.48
1 4 3 284.48 284.48
1 1 3 284.656 284.656
1 3 3 284.656 284.656
1 2 3 284.833 284.833
2 4 3 284.833 285.009
1 1 3 285.009 285.009
2 2 3 285.009 285.186
1 3 3 285.186 285.186
1 4 3 285.186 285.186
2 1 3 285.362 285.538
1 3 3 285.362 285.362
1 1 3 285.715 285.715
1 3 3 285.715 285.715
2 4 3 285.715 285.891
1 2 3 285.891 285.891
1 3 3 286.068 286.068
1 4 3 286.068 286.068
1 3 3 286.244 286.244
2 1 3 286.421 286.774
1 2 3 286.421 286.421
1 3 3 286.597 286.597
1 2 3 286.774 286.774
1 4 3 286.774 286.774
1 1 3 286.95 286.95
2 3 3 287.127 287.303
1 4 3 287.127 287.127
1 2 3 287.303 287.303
1 3 3 287.48 287.48
1 4 3 287.48 287.48
2 4 3 287.656 287.833
2 1 3 287.833 288.186
1 2 3 287.833 287.833
1 3 3 288.009 288.009
1 2 3 288.186 288.186
1 4 3 288.186 288.186
2 2 3 288.362 288.538
1 3 3 288.538 288.538
1 4 3 288.538 288.538
1 1 3 288.715 288.715
1 2 3 288.891 288.891
1 3 3 288.891 288.891
1 3 3 289.068 289.068
1 1 3 289.244 289.244
1 4 3 289.244 289.244
1 2 3 289.421 289.421
1 1 3 289.597 289.597
1 3 3 289.597 289.597
2 3 3 289.774 289.95
1 1 3 289.95 289.95
1 4 3 289.95 289.95
1 1 3 290.127 290.127
1 2 3 290.127 290.127
1 2 3 290.303 290.303
1 3 3 290.303 290.303
1 3 3 290.48 290.48
1 4 3 290.48 290.48
1 1 3 290.656 290.656
1 2 3 290.656 290.656
1 1 3 290.833 290.833
1 2 3 290.833 290.833
1 3 3 291.009 291.009
1 4 3 291.009 291.009
1 3 3 291.186 291.186
1 4 3 291.186 291.186
2 3 3 291.362 297.009
