1 1 3 1.18 1.18
2 4 3 1.18 2.38
1 3 3 2.08 2.08
1 2 3 2.23 2.23
2 1 3 2.38 3.58
1 3 3 2.38 2.38
1 4 3 2.98 2.98
1 2 3 3.58 3.58
2 3 3 3.58 4.78
2 1 3 4.78 5.98
1 4 3 4.78 4.78
2 3 3 5.98 7.18
1 4 3 5.98 5.98
1 1 3 6.88 6.88
1 2 3 7.03 7.03
1 1 3 7.18 7.18
2 4 3 7.18 8.38
1 3 3 7.78 7.78
1 2 3 8.08 8.08
1 1 3 8.38 8.38
1 3 3 8.38 8.38
2 1 3 8.98 10.63
1 4 3 9.28 9.28
1 3 3 9.43 9.43
2 2 3 9.58 10.63
2 4 3 10.18 10.63
1 1 3 10.78 10.78
1 2 3 10.78 10.78
1 4 3 10.78 10.78
1 2 3 11.23 11.23
1 1 3 11.38 11.38
1 3 3 11.38 11.38
1 4 3 11.38 11.38
1 2 3 11.68 11.68
1 3 3 11.83 11.83
1 4 3 11.98 11.98
1 1 3 12.28 12.28
1 3 3 12.28 12.28
1 2 3 12.43 12.43
1 1 3 12.58 12.58
1 3 3 12.58 12.58
1 4 3 12.58 12.58
1 3 3 12.88 12.88
1 2 3 13.03 13.03
1 1 3 13.18 13.18
1 4 3 13.18 13.18
1 3 3 13.33 13.33
1 2 3 13.48 13.48
1 4 3 13.63 13.63
1 1 3 13.78 13.78
1 2 3 13.78 13.78
1 3 3 13.78 13.78
1 2 3 14.08 14.08
1 1 3 14.23 14.23
1 3 3 14.38 14.38
1 2 3 14.53 14.53
1 1 3 14.68 14.68
1 4 3 14.68 14.68
1 3 3 14.83 14.83
1 1 3 14.98 14.98
1 2 3 14.98 14.98
1 4 3 14.98 14.98
1 2 3 15.28 15.28
1 3 3 15.43 15.43
1 1 3 15.58 15.58
1 4 3 15.58 15.58
1 4 3 15.73 15.73
1 2 3 15.88 15.88
1 3 3 16.03 16.03
1 1 3 16.18 16.18
1 2 3 16.18 16.18
1 4 3 16.18 16.18
1 1 3 16.48 16.48
1 3 3 16.63 16.63
1 4 3 16.78 16.78
1 2 3 16.93 16.93
1 1 3 17.08 17.08
1 4 3 17.08 17.08
1 3 3 17.23 17.23
1 1 3 17.38 17.38
1 2 3 17.38 17.38
1 4 3 17.38 17.38
1 3 3 17.53 17.53
1 1 3 17.68 17.68
1 4 3 17.83 17.83
2 1 3 17.98 18.43
1 2 3 17.98 17.98
1 4 3 18.13 18.13
1 2 3 18.28 18.28
1 3 3 18.43 18.43
1 1 3 18.58 18.58
1 2 3 18.58 18.58
2 4 3 18.58 19.03
1 3 3 18.73 18.73
1 1 3 18.88 18.88
1 3 3 19.03 19.03
2 1 3 19.18 19.48
1 2 3 19.33 19.33
1 3 3 19.48 19.48
1 4 3 19.48 19.48
1 2 3 19.63 19.63
1 1 3 19.78 19.78
1 3 3 19.78 19.78
2 4 3 19.78 20.23
1 2 3 20.08 20.08
1 1 3 20.155 20.155
1 3 3 20.23 20.23
1 2 3 20.305 20.305
2 1 3 20.38 22.48
1 3 3 20.38 20.38
1 4 3 20.38 20.38
2 4 3 21.58 22.48
1 1 3 22.78 22.78
1 2 3 22.78 22.78
1 4 3 22.78 22.78
1 3 3 22.855 22.855
1 1 3 22.93 22.93
1 2 3 23.005 23.005
1 3 3 23.08 23.08
1 4 3 23.155 23.155
1 2 3 23.23 23.23
1 3 3 23.305 23.305
1 1 3 23.38 23.38
1 4 3 23.455 23.455
1 3 3 23.53 23.53
1 1 3 23.605 23.605
1 2 3 23.68 23.68
1 3 3 23.755 23.755
1 1 3 23.83 23.83
1 2 3 23.905 23.905
2 3 3 23.98 24.28
2 4 3 24.13 24.28
2 1 3 24.28 24.58
2 2 3 24.43 24.58
2 4 3 24.58 24.88
2 3 3 24.73 25.03
2 2 3 24.88 25.18
2 1 3 25.03 25.18
1 4 3 25.18 25.18
1 3 3 25.255 25.255
1 1 3 25.33 25.33
1 2 3 25.405 25.405
1 4 3 25.48 25.48
1 2 3 25.555 25.555
1 3 3 25.63 25.63
1 1 3 25.705 25.705
1 3 3 25.78 25.78
1 2 3 25.855 25.855
1 1 3 25.93 25.93
1 4 3 26.005 26.005
1 2 3 26.08 26.08
1 3 3 26.155 26.155
1 4 3 26.23 26.23
1 1 3 26.305 26.305
1 2 3 26.38 26.38
1 3 3 26.455 26.455
1 1 3 26.53 26.53
1 4 3 26.605 26.605
1 2 3 26.68 26.68
1 3 3 26.755 26.755
1 1 3 26.83 26.83
1 2 3 26.905 26.905
1 3 3 26.98 26.98
1 4 3 26.98 26.98
1 1 3 27.055 27.055
1 2 3 27.13 27.13
1 4 3 27.205 27.205
1 3 3 27.28 27.28
1 1 3 27.355 27.355
1 2 3 27.43 27.43
1 3 3 27.505 27.505
2 1 3 27.58 27.88
2 4 3 27.58 27.88
1 2 3 27.88 27.88
1 3 3 27.955 27.955
1 4 3 28.03 28.03
1 1 3 28.105 28.105
1 2 3 28.18 28.18
1 3 3 28.255 28.255
1 1 3 28.33 28.33
1 4 3 28.405 28.405
1 3 3 28.48 28.48
1 2 3 28.555 28.555
1 4 3 28.63 28.63
1 3 3 28.705 28.705
2 1 3 28.78 29.08
2 2 3 28.93 29.08
2 4 3 29.08 29.38
2 3 3 29.23 29.38
2 2 3 29.38 29.68
2 1 3 29.53 29.83
2 4 3 29.68 29.98
2 3 3 29.83 29.98
1 1 3 29.98 29.98
1 2 3 30.055 30.055
1 3 3 30.13 30.13
1 1 3 30.205 30.205
1 2 3 30.28 30.28
1 4 3 30.355 30.355
1 3 3 30.43 30.43
1 2 3 30.505 30.505
1 4 3 30.58 30.58
1 3 3 30.655 30.655
1 1 3 30.73 30.73
1 4 3 30.805 30.805
1 2 3 30.88 30.88
1 3 3 30.955 30.955
1 1 3 31.03 31.03
1 2 3 31.105 31.105
1 3 3 31.18 31.18
1 4 3 31.18 31.18
1 1 3 31.255 31.255
1 2 3 31.33 31.33
1 3 3 31.405 31.405
1 4 3 31.555 31.555
1 2 3 31.63 31.63
1 3 3 31.705 31.705
1 4 3 31.855 31.855
1 1 3 31.93 31.93
1 2 3 32.005 32.005
1 4 3 32.155 32.155
1 3 3 32.23 32.23
1 2 3 32.305 32.305
1 1 3 32.38 32.38
1 3 3 32.38 32.38
1 4 3 32.38 32.38
1 2 3 32.455 32.455
1 4 3 32.53 32.53
1 1 3 32.605 32.605
1 3 3 32.68 32.68
1 2 3 32.755 32.755
1 1 3 32.83 32.83
1 4 3 32.905 32.905
1 3 3 32.98 32.98
1 1 3 33.055 33.055
1 2 3 33.13 33.13
1 4 3 33.205 33.205
1 2 3 33.28 33.28
1 3 3 33.355 33.355
1 1 3 33.43 33.43
1 2 3 33.505 33.505
2 4 3 33.58 33.88
2 3 3 33.73 33.88
2 1 3 33.88 34.18
2 2 3 34.03 34.18
2 3 3 34.18 34.48
2 4 3 34.33 34.63
2 2 3 34.48 34.78
2 1 3 34.63 34.78
1 4 3 34.78 34.78
1 3 3 34.855 34.855
1 2 3 34.93 34.93
1 4 3 35.005 35.005
1 1 3 35.08 35.08
1 2 3 35.155 35.155
1 3 3 35.23 35.23
1 1 3 35.305 35.305
1 3 3 35.38 35.38
1 2 3 35.455 35.455
1 4 3 35.53 35.53
1 1 3 35.605 35.605
1 2 3 35.68 35.68
1 3 3 35.755 35.755
1 1 3 35.83 35.83
1 4 3 35.905 35.905
1 3 3 35.98 35.98
1 2 3 36.055 36.055
1 4 3 36.13 36.13
1 3 3 36.205 36.205
1 1 3 36.28 36.28
1 2 3 36.355 36.355
1 3 3 36.43 36.43
1 1 3 36.505 36.505
1 2 3 36.58 36.58
1 4 3 36.58 36.58
1 3 3 36.655 36.655
1 1 3 36.73 36.73
1 2 3 36.805 36.805
1 4 3 36.88 36.88
1 3 3 36.955 36.955
1 2 3 37.03 37.03
1 1 3 37.105 37.105
2 3 3 37.18 37.48
2 4 3 37.18 37.48
1 1 3 37.48 37.48
1 2 3 37.555 37.555
1 3 3 37.63 37.63
1 1 3 37.705 37.705
1 2 3 37.78 37.78
1 4 3 37.855 37.855
1 3 3 37.93 37.93
1 2 3 38.005 38.005
1 4 3 38.08 38.08
1 3 3 38.155 38.155
1 1 3 38.23 38.23
1 2 3 38.305 38.305
2 3 3 38.38 38.68
2 4 3 38.53 38.68
2 1 3 38.68 38.98
2 2 3 38.83 38.98
2 4 3 38.98 39.28
2 3 3 39.13 39.43
2 2 3 39.28 39.58
2 1 3 39.43 39.58
1 4 3 39.58 39.58
1 3 3 39.655 39.655
1 2 3 39.73 39.73
1 1 3 39.805 39.805
1 3 3 39.88 39.88
1 2 3 39.955 39.955
1 3 3 40.03 40.03
1 1 3 40.105 40.105
1 2 3 40.18 40.18
1 4 3 40.255 40.255
1 2 3 40.33 40.33
1 3 3 40.405 40.405
1 1 3 40.48 40.48
1 2 3 40.555 40.555
1 4 3 40.63 40.63
1 3 3 40.705 40.705
1 1 3 40.78 40.78
1 2 3 40.78 40.78
1 4 3 40.855 40.855
1 3 3 40.93 40.93
1 2 3 41.005 41.005
1 3 3 41.155 41.155
1 2 3 41.23 41.23
1 1 3 41.305 41.305
1 3 3 41.455 41.455
1 2 3 41.53 41.53
1 4 3 41.605 41.605
1 1 3 41.755 41.755
1 3 3 41.83 41.83
1 2 3 41.905 41.905
1 1 3 41.98 41.98
1 3 3 41.98 41.98
1 4 3 41.98 41.98
1 2 3 42.055 42.055
1 4 3 42.13 42.13
1 3 3 42.205 42.205
1 2 3 42.28 42.28
1 4 3 42.355 42.355
1 2 3 42.43 42.43
1 1 3 42.505 42.505
1 3 3 42.58 42.58
1 2 3 42.655 42.655
1 3 3 42.73 42.73
1 4 3 42.805 42.805
1 1 3 42.88 42.88
1 2 3 42.955 42.955
1 1 3 43.03 43.03
1 4 3 43.105 43.105
2 3 3 43.18 43.48
2 4 3 43.33 43.48
2 1 3 43.48 43.78
2 2 3 43.63 43.78
2 3 3 43.78 44.08
2 4 3 43.93 44.23
2 1 3 44.08 44.38
2 2 3 44.23 44.38
1 3 3 44.38 44.38
1 4 3 44.455 44.455
1 3 3 44.53 44.53
1 2 3 44.605 44.605
1 4 3 44.68 44.68
1 1 3 44.755 44.755
1 4 3 44.83 44.83
1 2 3 44.905 44.905
1 1 3 44.98 44.98
1 3 3 45.055 45.055
1 1 3 45.13 45.13
1 4 3 45.205 45.205
1 2 3 45.28 45.28
1 3 3 45.355 45.355
1 2 3 45.43 45.43
1 4 3 45.505 45.505
1 3 3 45.58 45.58
1 1 3 45.655 45.655
1 3 3 45.73 45.73
1 2 3 45.805 45.805
1 4 3 45.88 45.88
1 1 3 45.955 45.955
1 4 3 46.03 46.03
1 3 3 46.105 46.105
1 1 3 46.18 46.18
1 2 3 46.18 46.18
1 4 3 46.255 46.255
1 1 3 46.33 46.33
1 3 3 46.405 46.405
1 2 3 46.48 46.48
1 4 3 46.555 46.555
1 2 3 46.63 46.63
1 3 3 46.705 46.705
1 1 3 46.78 46.78
1 4 3 46.78 46.78
1 2 3 46.855 46.855
1 4 3 46.93 46.93
1 3 3 47.005 47.005
1 2 3 47.08 47.08
1 1 3 47.155 47.155
1 2 3 47.23 47.23
1 4 3 47.305 47.305
1 3 3 47.38 47.38
1 1 3 47.455 47.455
1 3 3 47.53 47.53
1 4 3 47.605 47.605
1 1 3 47.68 47.68
1 2 3 47.755 47.755
1 1 3 47.83 47.83
1 3 3 47.905 47.905
2 4 3 47.98 48.28
2 3 3 48.13 48.28
2 2 3 48.28 48.58
2 1 3 48.43 48.58
2 3 3 48.58 48.88
2 4 3 48.73 49.03
2 1 3 48.88 49.18
2 2 3 49.03 49.18
1 3 3 49.18 49.18
1 4 3 49.255 49.255
1 3 3 49.33 49.33
1 1 3 49.405 49.405
1 2 3 49.48 49.48
1 4 3 49.555 49.555
1 2 3 49.63 49.63
1 3 3 49.705 49.705
1 4 3 49.78 49.78
1 1 3 49.855 49.855
1 4 3 49.93 49.93
1 2 3 50.005 50.005
1 1 3 50.08 50.08
1 3 3 50.155 50.155
1 1 3 50.23 50.23
1 2 3 50.305 50.305
1 3 3 50.38 50.38
1 4 3 50.38 50.38
1 4 3 50.605 50.605
1 4 3 50.83 50.83
1 1 3 51.055 51.055
1 3 3 51.28 51.28
1 2 3 51.43 51.43
1 1 3 51.58 51.58
1 3 3 51.58 51.58
1 4 3 51.58 51.58
1 2 3 51.655 51.655
1 4 3 51.73 51.73
1 3 3 51.805 51.805
1 4 3 51.88 51.88
1 2 3 51.955 51.955
1 1 3 52.03 52.03
1 4 3 52.105 52.105
1 1 3 52.18 52.18
1 3 3 52.255 52.255
1 1 3 52.33 52.33
1 2 3 52.405 52.405
1 3 3 52.48 52.48
1 4 3 52.555 52.555
1 3 3 52.63 52.63
1 2 3 52.705 52.705
2 3 3 52.78 53.08
2 4 3 52.93 53.23
2 1 3 53.08 53.38
2 2 3 53.23 53.53
2 4 3 53.38 53.68
2 3 3 53.53 53.83
2 2 3 53.68 53.98
2 1 3 53.83 53.98
1 4 3 53.98 53.98
1 3 3 54.055 54.055
1 4 3 54.13 54.13
1 2 3 54.205 54.205
1 4 3 54.28 54.28
1 1 3 54.355 54.355
1 2 3 54.43 54.43
1 4 3 54.505 54.505
1 2 3 54.58 54.58
1 3 3 54.655 54.655
1 2 3 54.73 54.73
1 1 3 54.805 54.805
1 3 3 54.88 54.88
1 2 3 54.955 54.955
1 3 3 55.03 55.03
1 1 3 55.105 55.105
1 3 3 55.18 55.18
1 4 3 55.255 55.255
1 1 3 55.33 55.33
1 2 3 55.405 55.405
1 1 3 55.48 55.48
1 3 3 55.555 55.555
1 1 3 55.63 55.63
1 2 3 55.705 55.705
1 3 3 55.78 55.78
1 4 3 55.78 55.78
1 2 3 55.855 55.855
1 4 3 55.93 55.93
1 1 3 56.005 56.005
1 2 3 56.08 56.08
1 4 3 56.155 56.155
1 2 3 56.23 56.23
1 3 3 56.305 56.305
1 1 3 56.38 56.38
1 4 3 56.38 56.38
1 2 3 56.455 56.455
1 1 3 56.53 56.53
1 3 3 56.605 56.605
1 1 3 56.68 56.68
1 4 3 56.755 56.755
1 3 3 56.83 56.83
1 2 3 56.905 56.905
1 3 3 56.98 56.98
1 1 3 57.055 57.055
1 3 3 57.13 57.13
1 4 3 57.205 57.205
1 2 3 57.28 57.28
1 1 3 57.355 57.355
1 2 3 57.43 57.43
1 4 3 57.505 57.505
2 2 3 57.58 57.88
2 3 3 57.73 58.03
2 4 3 57.88 58.18
2 1 3 58.03 58.33
2 2 3 58.18 58.48
2 3 3 58.33 58.63
2 4 3 58.48 58.63
2 1 3 58.63 58.78
1 2 3 58.78 58.78
1 4 3 58.78 58.78
1 3 3 58.855 58.855
1 4 3 58.93 58.93
1 1 3 59.005 59.005
1 2 3 59.08 59.08
1 3 3 59.155 59.155
1 2 3 59.23 59.23
1 4 3 59.305 59.305
1 3 3 59.38 59.38
1 1 3 59.455 59.455
1 3 3 59.53 59.53
1 4 3 59.605 59.605
1 1 3 59.68 59.68
1 2 3 59.755 59.755
1 1 3 59.83 59.83
1 3 3 59.905 59.905
1 1 3 59.98 59.98
1 2 3 59.98 59.98
1 4 3 59.98 59.98
1 3 3 60.055 60.055
1 2 3 60.13 60.13
1 4 3 60.205 60.205
1 2 3 60.355 60.355
1 1 3 60.43 60.43
1 3 3 60.505 60.505
1 4 3 60.655 60.655
1 2 3 60.73 60.73
1 3 3 60.805 60.805
1 1 3 60.88 60.88
1 2 3 60.955 60.955
1 4 3 61.03 61.03
1 3 3 61.105 61.105
2 1 3 61.18 61.48
1 2 3 61.18 61.18
1 4 3 61.18 61.18
2 2 3 61.33 61.48
1 3 3 61.48 61.48
2 4 3 61.48 61.63
1 2 3 61.63 61.63
1 3 3 61.705 61.705
1 1 3 61.78 61.78
1 4 3 61.78 61.78
1 2 3 61.855 61.855
1 3 3 61.93 61.93
1 1 3 62.08 62.08
2 3 3 62.08 62.23
1 1 3 62.23 62.23
1 2 3 62.305 62.305
1 3 3 62.38 62.38
1 4 3 62.38 62.38
2 4 3 62.53 62.68
1 1 3 62.68 62.68
1 2 3 62.68 62.68
1 3 3 62.755 62.755
1 2 3 62.83 62.83
1 4 3 62.905 62.905
2 1 3 62.98 63.28
1 3 3 62.98 62.98
2 2 3 63.13 63.28
2 3 3 63.28 63.58
2 4 3 63.28 63.43
2 2 3 63.43 63.58
1 1 3 63.58 63.58
1 4 3 63.58 63.58
1 2 3 63.73 63.73
1 3 3 63.805 63.805
2 1 3 63.88 64.03
1 4 3 63.88 63.88
1 2 3 64.03 64.03
1 3 3 64.105 64.105
1 1 3 64.18 64.18
1 4 3 64.18 64.18
1 2 3 64.255 64.255
2 3 3 64.33 64.48
1 1 3 64.48 64.48
1 2 3 64.48 64.48
1 4 3 64.555 64.555
1 1 3 64.63 64.63
1 2 3 64.705 64.705
2 3 3 64.78 64.93
2 4 3 64.78 65.08
1 1 3 65.08 65.08
1 2 3 65.08 65.08
1 3 3 65.155 65.155
1 2 3 65.23 65.23
1 3 3 65.305 65.305
1 1 3 65.38 65.38
1 4 3 65.38 65.38
2 1 3 65.53 65.68
2 3 3 65.68 65.98
2 4 3 65.68 65.83
2 2 3 65.83 65.98
2 1 3 65.98 66.28
1 4 3 65.98 65.98
2 2 3 66.13 66.28
2 4 3 66.28 66.43
2 2 3 66.43 66.58
1 1 3 66.58 66.58
1 4 3 66.58 66.58
1 3 3 66.655 66.655
1 2 3 66.73 66.73
2 2 3 66.88 67.03
1 4 3 66.88 66.88
1 4 3 67.03 67.03
1 3 3 67.105 67.105
1 1 3 67.18 67.18
1 2 3 67.18 67.18
2 1 3 67.33 67.48
1 2 3 67.48 67.48
1 4 3 67.48 67.48
1 3 3 67.555 67.555
1 1 3 67.63 67.63
1 2 3 67.705 67.705
1 3 3 67.78 67.78
2 4 3 67.78 68.08
2 1 3 67.93 68.08
2 2 3 68.08 68.38
2 3 3 68.08 68.23
2 1 3 68.23 68.38
1 3 3 68.38 68.38
1 4 3 68.38 68.38
1 2 3 68.53 68.53
1 3 3 68.605 68.605
1 1 3 68.68 68.68
2 4 3 68.68 68.83
1 1 3 68.83 68.83
1 2 3 68.905 68.905
1 3 3 68.98 68.98
1 4 3 68.98 68.98
1 2 3 69.055 69.055
2 1 3 69.13 69.28
1 3 3 69.28 69.28
1 4 3 69.28 69.28
1 2 3 69.355 69.355
1 1 3 69.43 69.43
1 4 3 69.505 69.505
2 1 3 69.58 69.88
1 3 3 69.58 69.58
2 2 3 69.73 69.88
1 4 3 69.88 69.88
1 3 3 69.955 69.955
1 1 3 70.03 70.03
1 2 3 70.105 70.105
2 4 3 70.18 70.33
1 1 3 70.33 70.33
2 2 3 70.33 70.63
2 3 3 70.48 70.63
1 4 3 70.48 70.48
2 1 3 70.63 70.78
1 2 3 70.78 70.78
2 3 3 70.78 70.93
2 4 3 70.78 71.08
2 1 3 70.93 71.08
1 2 3 71.08 71.08
1 3 3 71.155 71.155
1 1 3 71.23 71.23
1 2 3 71.305 71.305
1 3 3 71.38 71.38
1 4 3 71.38 71.38
1 2 3 71.53 71.53
2 2 3 71.68 71.83
1 4 3 71.68 71.68
1 4 3 71.83 71.83
1 3 3 71.905 71.905
1 1 3 71.98 71.98
1 2 3 71.98 71.98
1 1 3 72.13 72.13
1 3 3 72.28 72.28
1 4 3 72.28 72.28
1 1 3 72.355 72.355
1 3 3 72.43 72.43
1 2 3 72.505 72.505
1 1 3 72.58 72.58
2 4 3 72.58 72.88
2 3 3 72.73 72.88
2 1 3 72.88 73.03
2 2 3 72.88 73.18
2 3 3 73.03 73.18
1 1 3 73.18 73.18
2 4 3 73.18 73.48
1 1 3 73.48 73.48
2 2 3 73.48 73.555
2 2 3 73.63 73.705
2 3 3 73.78 73.855
1 4 3 73.78 73.78
2 3 3 73.93 74.005
1 2 3 74.08 74.08
1 4 3 74.08 74.08
1 1 3 74.155 74.155
1 4 3 74.23 74.23
1 3 3 74.305 74.305
2 1 3 74.38 74.68
2 2 3 74.38 74.53
1 3 3 74.68 74.68
1 4 3 74.68 74.68
1 2 3 74.755 74.755
1 4 3 74.83 74.83
1 2 3 74.905 74.905
1 1 3 74.98 74.98
1 3 3 74.98 74.98
2 1 3 75.13 75.28
2 3 3 75.28 75.58
2 4 3 75.28 75.43
2 2 3 75.43 75.58
2 1 3 75.58 75.88
1 4 3 75.58 75.58
2 2 3 75.73 75.88
2 4 3 75.88 76.03
2 2 3 76.03 76.18
1 1 3 76.18 76.18
1 4 3 76.18 76.18
1 3 3 76.255 76.255
1 2 3 76.33 76.33
2 2 3 76.48 76.63
1 4 3 76.48 76.48
1 4 3 76.63 76.63
1 3 3 76.705 76.705
1 1 3 76.78 76.78
1 2 3 76.78 76.78
2 4 3 76.93 77.23
2 1 3 77.08 77.38
2 3 3 77.08 77.23
2 2 3 77.23 77.38
1 3 3 77.38 77.38
2 4 3 77.38 77.68
2 1 3 77.53 77.68
2 2 3 77.68 77.98
2 3 3 77.68 77.83
2 1 3 77.83 77.98
1 3 3 77.98 77.98
2 4 3 77.98 78.13
2 2 3 78.13 78.28
1 1 3 78.28 78.28
1 4 3 78.28 78.28
1 3 3 78.355 78.355
1 1 3 78.43 78.43
1 2 3 78.505 78.505
1 3 3 78.58 78.58
2 4 3 78.58 78.88
2 1 3 78.73 78.88
1 2 3 78.88 78.88
1 3 3 78.955 78.955
1 2 3 79.03 79.03
1 3 3 79.105 79.105
1 1 3 79.18 79.18
1 4 3 79.18 79.18
1 2 3 79.255 79.255
1 3 3 79.33 79.33
1 4 3 79.405 79.405
1 1 3 79.48 79.48
1 4 3 79.555 79.555
1 3 3 79.63 79.63
1 2 3 79.705 79.705
1 3 3 79.855 79.855
1 2 3 79.93 79.93
1 1 3 80.005 80.005
1 4 3 80.08 80.08
1 2 3 80.155 80.155
1 3 3 80.23 80.23
1 2 3 80.305 80.305
1 1 3 80.38 80.38
1 3 3 80.38 80.38
1 4 3 80.38 80.38
1 4 3 81.58 81.58
1 2 3 81.805 81.805
2 1 3 82.78 86.08
2 2 3 83.98 85.78
1 4 3 85.18 85.18
1 3 3 85.442 85.442
1 3 3 86.53 86.53
1 2 3 86.68 86.68
1 3 3 86.98 86.98
1 2 3 87.13 87.13
2 1 3 87.355 89.83
2 4 3 88.78 89.83
1 1 3 89.98 89.98
1 4 3 89.98 89.98
1 4 3 90.13 90.13
1 2 3 90.28 90.28
1 2 3 90.43 90.43
1 1 3 90.58 90.58
1 3 3 90.58 90.58
1 4 3 90.58 90.58
1 1 3 91.48 91.48
1 2 3 91.48 91.48
1 3 3 91.63 91.63
1 1 3 91.78 91.78
1 2 3 91.78 91.78
1 4 3 91.78 91.78
1 2 3 91.93 91.93
1 3 3 92.08 92.08
1 3 3 92.23 92.23
1 1 3 92.38 92.38
1 4 3 92.38 92.38
1 1 3 92.53 92.53
1 3 3 92.68 92.68
1 3 3 92.83 92.83
1 1 3 92.98 92.98
1 2 3 92.98 92.98
1 4 3 92.98 92.98
1 1 3 93.88 93.88
1 2 3 93.88 93.88
1 3 3 94.03 94.03
1 1 3 94.18 94.18
1 2 3 94.18 94.18
1 4 3 94.18 94.18
1 4 3 94.33 94.33
1 2 3 94.48 94.48
1 2 3 94.63 94.63
1 3 3 94.78 94.78
1 4 3 94.78 94.78
1 3 3 94.93 94.93
1 1 3 95.08 95.08
1 1 3 95.23 95.23
1 2 3 95.38 95.38
1 3 3 95.38 95.38
1 4 3 95.38 95.38
1 1 3 96.28 96.28
1 2 3 96.28 96.28
1 3 3 96.43 96.43
1 1 3 96.58 96.58
1 2 3 96.58 96.58
1 4 3 96.58 96.58
1 1 3 96.73 96.73
1 3 3 96.88 96.88
1 3 3 97.03 97.03
1 1 3 97.18 97.18
1 4 3 97.18 97.18
1 1 3 97.33 97.33
1 2 3 97.48 97.48
1 2 3 97.63 97.63
1 1 3 97.78 97.78
1 3 3 97.78 97.78
1 4 3 97.78 97.78
2 4 3 98.38 98.53
1 1 3 98.38 98.38
2 3 3 98.53 98.68
2 2 3 98.68 98.83
2 1 3 98.83 98.98
2 3 3 98.98 99.13
1 4 3 98.98 98.98
2 2 3 99.13 99.28
2 4 3 99.28 99.43
1 1 3 99.28 99.28
2 3 3 99.43 99.58
2 1 3 99.58 100.78
1 4 3 99.58 99.58
1 3 3 100.48 100.48
1 2 3 100.63 100.63
1 3 3 100.78 100.78
2 4 3 100.78 101.98
1 1 3 101.38 101.38
1 1 3 101.98 101.98
2 3 3 101.98 103.18
2 1 3 103.18 104.38
1 4 3 103.18 103.18
2 3 3 104.38 105.58
1 4 3 104.38 104.38
1 1 3 105.28 105.28
1 2 3 105.43 105.43
1 1 3 105.58 105.58
2 4 3 105.58 106.78
1 3 3 106.18 106.18
1 2 3 106.48 106.48
1 1 3 106.78 106.78
1 3 3 106.78 106.78
2 1 3 107.38 109.03
1 4 3 107.68 107.68
1 3 3 107.83 107.83
2 2 3 107.98 109.03
2 4 3 108.58 109.03
1 1 3 109.18 109.18
1 2 3 109.18 109.18
1 4 3 109.18 109.18
1 2 3 109.63 109.63
1 1 3 109.78 109.78
1 3 3 109.78 109.78
1 4 3 109.78 109.78
1 2 3 110.08 110.08
1 3 3 110.23 110.23
1 4 3 110.38 110.38
1 1 3 110.68 110.68
1 3 3 110.68 110.68
1 2 3 110.83 110.83
1 1 3 110.98 110.98
1 3 3 110.98 110.98
1 4 3 110.98 110.98
1 3 3 111.28 111.28
1 2 3 111.43 111.43
1 1 3 111.58 111.58
1 4 3 111.58 111.58
1 4 3 111.73 111.73
1 3 3 111.88 111.88
1 3 3 112.03 112.03
1 1 3 112.18 112.18
1 2 3 112.18 112.18
1 4 3 112.18 112.18
1 1 3 112.48 112.48
1 1 3 112.63 112.63
1 2 3 112.78 112.78
1 2 3 112.93 112.93
1 1 3 113.08 113.08
1 4 3 113.08 113.08
1 3 3 113.23 113.23
1 1 3 113.38 113.38
1 2 3 113.38 113.38
1 4 3 113.38 113.38
1 2 3 113.68 113.68
1 3 3 113.83 113.83
1 1 3 113.98 113.98
1 4 3 113.98 113.98
1 2 3 114.13 114.13
1 3 3 114.28 114.28
1 2 3 114.43 114.43
1 1 3 114.58 114.58
1 3 3 114.58 114.58
1 4 3 114.58 114.58
1 1 3 114.88 114.88
1 3 3 115.03 115.03
1 4 3 115.18 115.18
1 2 3 115.33 115.33
1 1 3 115.48 115.48
1 4 3 115.48 115.48
1 3 3 115.63 115.63
1 1 3 115.78 115.78
1 2 3 115.78 115.78
1 4 3 115.78 115.78
1 3 3 115.93 115.93
1 1 3 116.08 116.08
1 4 3 116.23 116.23
2 1 3 116.38 116.83
1 2 3 116.38 116.38
1 4 3 116.53 116.53
1 2 3 116.68 116.68
1 3 3 116.83 116.83
1 1 3 116.98 116.98
1 2 3 116.98 116.98
2 4 3 116.98 117.43
1 3 3 117.13 117.13
1 1 3 117.28 117.28
1 3 3 117.43 117.43
2 1 3 117.58 117.88
1 2 3 117.73 117.73
1 3 3 117.88 117.88
1 4 3 117.88 117.88
1 2 3 118.03 118.03
1 1 3 118.18 118.18
1 3 3 118.18 118.18
2 4 3 118.18 118.63
1 2 3 118.48 118.48
1 1 3 118.555 118.555
1 3 3 118.63 118.63
1 2 3 118.705 118.705
2 1 3 118.78 120.88
1 3 3 118.78 118.78
1 4 3 118.78 118.78
2 4 3 119.98 120.88
1 1 3 121.18 121.18
2 4 3 121.18 121.33
2 3 3 121.255 121.33
2 4 3 121.405 121.555
2 2 3 121.48 121.555
2 4 3 121.63 121.78
2 1 3 121.705 121.855
2 2 3 121.78 121.93
2 3 3 121.855 122.005
2 4 3 121.93 122.005
1 3 3 122.08 122.08
1 4 3 122.08 122.08
1 1 3 122.23 122.23
1 2 3 122.23 122.23
2 3 3 122.38 122.53
1 4 3 122.38 122.38
2 2 3 122.455 122.53
2 3 3 122.605 122.755
2 1 3 122.68 122.755
2 3 3 122.83 122.98
2 4 3 122.905 123.055
2 1 3 122.98 123.13
2 2 3 123.055 123.205
2 3 3 123.13 123.205
1 2 3 123.28 123.28
1 3 3 123.28 123.28
1 1 3 123.43 123.43
1 4 3 123.43 123.43
2 2 3 123.58 123.73
1 3 3 123.58 123.58
2 1 3 123.655 123.73
2 2 3 123.805 123.955
2 3 3 123.88 123.955
2 2 3 124.03 124.18
2 3 3 124.105 124.255
2 4 3 124.18 124.33
2 1 3 124.255 124.405
2 2 3 124.33 124.405
1 1 3 124.48 124.48
1 2 3 124.48 124.48
1 2 3 124.63 124.63
1 3 3 124.63 124.63
1 3 3 124.78 124.78
2 4 3 124.78 124.93
2 2 3 125.005 125.155
2 1 3 125.08 125.155
2 4 3 125.155 125.305
2 3 3 125.23 125.38
2 2 3 125.305 125.38
1 1 3 125.38 125.38
1 4 3 125.38 125.38
1 2 3 125.53 125.53
1 3 3 125.53 125.53
1 1 3 125.68 125.68
1 2 3 125.68 125.68
1 3 3 125.83 125.83
1 4 3 125.83 125.83
2 1 3 125.98 126.13
1 2 3 125.98 125.98
2 4 3 126.055 126.13
2 1 3 126.205 126.355
2 3 3 126.28 126.355
2 1 3 126.43 126.58
2 3 3 126.505 126.655
2 4 3 126.58 126.73
2 2 3 126.655 126.805
2 3 3 126.73 126.805
1 2 3 126.88 126.88
1 3 3 126.88 126.88
1 1 3 127.03 127.03
1 4 3 127.03 127.03
1 2 3 127.18 127.18
2 3 3 127.18 127.33
2 4 3 127.255 127.33
2 3 3 127.405 127.555
2 1 3 127.48 127.555
2 3 3 127.63 127.78
2 2 3 127.705 127.855
2 4 3 127.78 127.93
2 1 3 127.855 128.005
2 2 3 127.93 128.005
1 1 3 128.08 128.08
1 2 3 128.08 128.08
1 3 3 128.23 128.23
1 4 3 128.23 128.23
2 1 3 128.38 128.53
1 2 3 128.38 128.38
2 3 3 128.455 128.53
2 1 3 128.605 128.755
2 2 3 128.68 128.755
2 1 3 128.83 128.98
1 3 3 128.98 128.98
2 4 3 128.98 129.13
2 2 3 129.055 129.13
2 4 3 129.205 129.355
2 3 3 129.28 129.355
2 4 3 129.43 129.58
1 1 3 129.58 129.58
2 2 3 129.58 129.73
2 3 3 129.805 129.955
1 1 3 129.88 129.88
1 4 3 129.88 129.88
2 4 3 130.03 130.18
2 1 3 130.18 130.33
1 3 3 130.18 130.18
2 2 3 130.405 130.555
1 1 3 130.48 130.48
1 4 3 130.48 130.48
2 3 3 130.63 130.78
2 1 3 130.78 130.93
1 4 3 130.78 130.78
2 2 3 130.855 130.93
2 1 3 131.005 131.155
2 3 3 131.08 131.155
2 1 3 131.23 131.38
2 4 3 131.305 131.455
2 3 3 131.38 131.53
2 2 3 131.455 131.605
2 1 3 131.53 131.605
1 1 3 131.68 131.68
1 2 3 131.68 131.68
1 3 3 131.83 131.83
1 4 3 131.83 131.83
2 1 3 131.98 132.13
1 2 3 131.98 131.98
2 3 3 132.055 132.13
2 1 3 132.205 132.355
2 2 3 132.28 132.355
2 1 3 132.43 132.58
2 4 3 132.505 132.655
2 2 3 132.58 132.73
2 3 3 132.655 132.805
2 4 3 132.73 132.805
1 3 3 132.88 132.88
1 4 3 132.88 132.88
1 1 3 133.03 133.03
1 2 3 133.03 133.03
2 3 3 133.18 133.33
1 4 3 133.18 133.18
2 2 3 133.255 133.33
2 3 3 133.405 133.555
2 1 3 133.48 133.555
2 3 3 133.63 133.78
2 4 3 133.705 133.855
2 1 3 133.78 133.93
2 2 3 133.855 134.005
2 3 3 133.93 134.005
1 2 3 134.08 134.08
1 3 3 134.08 134.08
1 1 3 134.23 134.23
1 4 3 134.23 134.23
1 2 3 134.38 134.38
2 3 3 134.38 134.53
2 2 3 134.605 134.755
2 1 3 134.68 134.755
2 4 3 134.755 134.905
2 3 3 134.83 134.98
2 2 3 134.905 134.98
1 1 3 134.98 134.98
1 4 3 134.98 134.98
1 2 3 135.13 135.13
1 3 3 135.13 135.13
1 1 3 135.28 135.28
1 4 3 135.28 135.28
1 3 3 135.43 135.43
1 4 3 135.43 135.43
2 1 3 135.58 135.73
1 2 3 135.58 135.58
2 4 3 135.655 135.73
2 1 3 135.805 135.955
2 3 3 135.88 135.955
2 1 3 136.03 136.18
2 3 3 136.105 136.255
2 4 3 136.18 136.33
2 2 3 136.255 136.405
2 3 3 136.33 136.405
1 2 3 136.48 136.48
1 3 3 136.48 136.48
1 1 3 136.63 136.63
1 4 3 136.63 136.63
1 2 3 136.78 136.78
2 3 3 136.78 136.93
2 4 3 136.855 136.93
2 3 3 137.005 137.155
2 1 3 137.08 137.155
2 3 3 137.23 137.38
2 2 3 137.305 137.455
2 4 3 137.38 137.53
2 1 3 137.455 137.605
2 2 3 137.53 137.605
1 1 3 137.68 137.68
1 2 3 137.68 137.68
1 3 3 137.83 137.83
1 4 3 137.83 137.83
1 1 3 137.98 137.98
2 2 3 137.98 138.13
2 4 3 138.055 138.13
2 2 3 138.205 138.355
2 3 3 138.28 138.355
2 2 3 138.43 138.58
1 3 3 138.58 138.58
2 4 3 138.58 138.73
2 1 3 138.655 138.73
2 4 3 138.805 138.955
2 2 3 138.88 138.955
2 4 3 139.03 139.18
1 1 3 139.18 139.18
2 3 3 139.18 139.33
2 2 3 139.405 139.555
1 4 3 139.48 139.48
2 1 3 139.63 139.78
1 2 3 139.78 139.78
2 4 3 139.78 139.93
2 3 3 140.005 140.155
1 1 3 140.08 140.08
2 2 3 140.23 140.38
1 1 3 140.38 140.38
2 4 3 140.38 140.53
2 3 3 140.455 140.53
2 4 3 140.605 140.755
2 2 3 140.68 140.755
2 4 3 140.83 140.98
2 1 3 140.905 141.055
2 2 3 140.98 141.13
2 3 3 141.055 141.205
2 4 3 141.13 141.205
1 3 3 141.28 141.28
1 4 3 141.28 141.28
1 1 3 141.43 141.43
1 2 3 141.43 141.43
2 3 3 141.58 141.73
1 4 3 141.58 141.58
2 2 3 141.655 141.73
2 3 3 141.805 141.955
2 1 3 141.88 141.955
2 3 3 142.03 142.18
2 4 3 142.105 142.255
2 1 3 142.18 142.33
2 2 3 142.255 142.405
2 3 3 142.33 142.405
1 2 3 142.48 142.48
1 3 3 142.48 142.48
1 1 3 142.63 142.63
1 4 3 142.63 142.63
2 2 3 142.78 142.93
1 3 3 142.78 142.78
2 1 3 142.855 142.93
2 2 3 143.005 143.155
2 3 3 143.08 143.155
2 2 3 143.23 143.38
2 3 3 143.305 143.455
2 4 3 143.38 143.53
2 1 3 143.455 143.605
2 2 3 143.53 143.605
1 1 3 143.68 143.68
1 2 3 143.68 143.68
1 2 3 143.83 143.83
1 3 3 143.83 143.83
1 3 3 143.98 143.98
2 4 3 143.98 144.13
2 2 3 144.205 144.355
2 1 3 144.28 144.355
2 4 3 144.355 144.505
2 3 3 144.43 144.58
2 2 3 144.505 144.58
1 1 3 144.58 144.58
1 4 3 144.58 144.58
1 2 3 144.73 144.73
1 3 3 144.73 144.73
1 1 3 144.88 144.88
1 2 3 144.88 144.88
1 3 3 145.03 145.03
1 4 3 145.03 145.03
2 1 3 145.18 145.33
1 2 3 145.18 145.18
2 4 3 145.255 145.33
2 1 3 145.405 145.555
2 3 3 145.48 145.555
2 1 3 145.63 145.78
2 3 3 145.705 145.855
2 4 3 145.78 145.93
2 2 3 145.855 146.005
2 3 3 145.93 146.005
1 2 3 146.08 146.08
1 3 3 146.08 146.08
1 1 3 146.23 146.23
1 4 3 146.23 146.23
1 2 3 146.38 146.38
2 3 3 146.38 146.53
2 4 3 146.455 146.53
2 3 3 146.605 146.755
2 1 3 146.68 146.755
2 3 3 146.83 146.98
2 2 3 146.905 147.055
2 4 3 146.98 147.13
2 1 3 147.055 147.205
2 2 3 147.13 147.205
1 1 3 147.28 147.28
1 2 3 147.28 147.28
1 3 3 147.43 147.43
1 4 3 147.43 147.43
2 1 3 147.58 147.73
1 2 3 147.58 147.58
2 3 3 147.655 147.73
2 1 3 147.805 147.955
2 2 3 147.88 147.955
2 1 3 148.03 148.18
1 3 3 148.18 148.18
2 4 3 148.18 148.33
2 2 3 148.255 148.33
2 4 3 148.405 148.555
2 3 3 148.48 148.555
2 4 3 148.63 148.78
1 1 3 148.78 148.78
2 2 3 148.78 148.93
2 3 3 149.005 149.155
1 1 3 149.08 149.08
1 4 3 149.08 149.08
2 4 3 149.23 149.38
2 1 3 149.38 149.53
1 3 3 149.38 149.38
2 2 3 149.605 149.755
1 1 3 149.68 149.68
1 4 3 149.68 149.68
2 3 3 149.83 149.98
2 1 3 149.98 150.13
1 4 3 149.98 149.98
2 2 3 150.055 150.13
2 1 3 150.205 150.355
2 3 3 150.28 150.355
2 1 3 150.43 150.58
2 4 3 150.505 150.655
2 3 3 150.58 150.73
2 2 3 150.655 150.805
2 1 3 150.73 150.805
1 1 3 150.88 150.88
1 2 3 150.88 150.88
1 3 3 151.03 151.03
1 4 3 151.03 151.03
2 1 3 151.18 151.33
1 2 3 151.18 151.18
2 3 3 151.255 151.33
2 1 3 151.405 151.555
2 2 3 151.48 151.555
2 1 3 151.63 151.78
2 4 3 151.705 151.855
2 2 3 151.78 151.93
2 3 3 151.855 152.005
2 4 3 151.93 152.005
1 3 3 152.08 152.08
1 4 3 152.08 152.08
1 1 3 152.23 152.23
1 2 3 152.23 152.23
1 3 3 152.38 152.38
2 4 3 152.38 152.53
2 2 3 152.455 152.53
2 4 3 152.605 152.755
2 3 3 152.68 152.755
2 4 3 152.83 152.98
2 2 3 152.905 153.055
2 3 3 152.98 153.13
2 1 3 153.055 153.205
2 2 3 153.13 153.205
1 1 3 153.28 153.28
1 2 3 153.28 153.28
1 1 3 153.43 153.43
1 4 3 153.43 153.43
1 3 3 153.58 153.58
2 4 3 153.58 153.73
2 3 3 153.805 153.955
2 1 3 153.88 153.955
2 2 3 153.955 154.105
2 3 3 154.03 154.18
2 4 3 154.105 154.18
1 1 3 154.18 154.18
1 2 3 154.18 154.18
1 3 3 154.33 154.33
1 4 3 154.33 154.33
1 1 3 154.48 154.48
1 2 3 154.48 154.48
1 1 3 154.63 154.63
1 4 3 154.63 154.63
2 2 3 154.78 154.93
1 3 3 154.78 154.78
2 1 3 154.855 154.93
2 2 3 155.005 155.155
2 4 3 155.08 155.155
2 2 3 155.23 155.38
2 3 3 155.305 155.455
2 4 3 155.38 155.53
2 1 3 155.455 155.605
2 2 3 155.53 155.605
1 1 3 155.68 155.68
1 2 3 155.68 155.68
1 2 3 155.83 155.83
1 3 3 155.83 155.83
2 3 3 155.98 156.13
1 4 3 155.98 155.98
2 2 3 156.055 156.13
2 3 3 156.205 156.355
2 1 3 156.28 156.355
2 3 3 156.43 156.58
2 2 3 156.505 156.655
2 4 3 156.58 156.73
2 1 3 156.655 156.805
2 2 3 156.73 156.805
1 1 3 156.88 156.88
1 2 3 156.88 156.88
1 3 3 157.03 157.03
1 4 3 157.03 157.03
1 1 3 157.18 157.18
2 2 3 157.18 157.33
2 4 3 157.255 157.33
2 2 3 157.405 157.555
2 3 3 157.48 157.555
2 2 3 157.63 157.78
2 3 3 157.78 157.93
2 1 3 157.855 157.93
2 3 3 158.005 158.155
2 2 3 158.08 158.155
2 3 3 158.23 158.38
1 1 3 158.38 158.38
2 4 3 158.38 158.53
2 1 3 158.605 158.755
1 3 3 158.68 158.68
2 3 3 158.83 158.98
2 1 3 158.98 159.13
1 4 3 158.98 158.98
2 4 3 159.205 159.355
1 2 3 159.28 159.28
2 2 3 159.43 159.58
1 1 3 159.58 159.58
1 3 3 159.58 159.58
2 4 3 159.58 159.88
2 3 3 159.73 159.88
2 1 3 159.88 160.03
1 2 3 159.88 159.88
1 3 3 160.03 160.03
1 2 3 160.105 160.105
1 1 3 160.18 160.18
1 4 3 160.18 160.18
1 3 3 160.255 160.255
1 2 3 160.33 160.33
2 2 3 160.48 160.63
1 4 3 160.48 160.48
1 4 3 160.63 160.63
1 3 3 160.705 160.705
1 1 3 160.78 160.78
1 2 3 160.78 160.78
2 1 3 160.93 161.08
1 3 3 161.08 161.08
1 4 3 161.08 161.08
1 2 3 161.155 161.155
1 3 3 161.23 161.23
1 1 3 161.305 161.305
1 2 3 161.38 161.38
2 4 3 161.38 161.68
2 3 3 161.53 161.68
2 1 3 161.68 161.83
2 2 3 161.68 161.98
2 3 3 161.83 161.98
1 1 3 161.98 161.98
1 4 3 161.98 161.98
1 3 3 162.13 162.13
1 2 3 162.205 162.205
1 1 3 162.28 162.28
2 4 3 162.28 162.43
1 3 3 162.43 162.43
1 2 3 162.505 162.505
1 1 3 162.58 162.58
1 4 3 162.58 162.58
1 3 3 162.655 162.655
2 2 3 162.73 162.88
1 3 3 162.88 162.88
1 4 3 162.88 162.88
1 1 3 162.955 162.955
1 4 3 163.03 163.03
1 3 3 163.105 163.105
2 1 3 163.18 163.48
2 2 3 163.18 163.33
1 3 3 163.48 163.48
1 4 3 163.48 163.48
1 2 3 163.555 163.555
1 3 3 163.63 163.63
1 2 3 163.705 163.705
1 1 3 163.78 163.78
1 4 3 163.78 163.78
2 4 3 163.93 164.08
2 1 3 164.08 164.23
2 2 3 164.08 164.38
2 3 3 164.23 164.38
1 1 3 164.38 164.38
2 4 3 164.38 164.68
2 3 3 164.53 164.68
2 1 3 164.68 164.83
2 3 3 164.83 164.98
1 1 3 164.98 164.98
1 4 3 164.98 164.98
1 2 3 165.055 165.055
1 3 3 165.13 165.13
1 1 3 165.28 165.28
2 3 3 165.28 165.43
1 1 3 165.43 165.43
1 2 3 165.505 165.505
1 3 3 165.58 165.58
1 4 3 165.58 165.58
2 4 3 165.73 165.88
1 1 3 165.88 165.88
1 3 3 165.88 165.88
1 2 3 165.955 165.955
1 4 3 166.03 166.03
1 3 3 166.105 166.105
2 1 3 166.18 166.48
1 2 3 166.18 166.18
2 4 3 166.33 166.48
2 2 3 166.48 166.63
2 3 3 166.48 166.78
2 4 3 166.63 166.78
1 1 3 166.78 166.78
1 2 3 166.78 166.78
1 3 3 166.93 166.93
1 2 3 167.005 167.005
2 1 3 167.08 167.23
1 4 3 167.08 167.08
1 4 3 167.23 167.23
1 3 3 167.305 167.305
1 1 3 167.38 167.38
1 2 3 167.38 167.38
1 3 3 167.455 167.455
2 4 3 167.53 167.68
1 1 3 167.68 167.68
1 2 3 167.68 167.68
1 3 3 167.755 167.755
1 4 3 167.83 167.83
1 1 3 167.905 167.905
1 2 3 167.98 167.98
2 4 3 167.98 168.28
2 3 3 168.13 168.28
1 1 3 168.28 168.28
1 2 3 168.355 168.355
1 4 3 168.43 168.43
1 3 3 168.505 168.505
2 1 3 168.58 168.73
2 3 3 168.73 169.03
1 4 3 168.73 168.73
1 1 3 168.88 168.88
2 2 3 168.88 169.03
2 4 3 169.03 169.18
2 1 3 169.18 169.48
2 2 3 169.18 169.33
1 3 3 169.18 169.18
2 4 3 169.33 169.48
1 3 3 169.48 169.48
1 2 3 169.555 169.555
1 4 3 169.63 169.63
1 3 3 169.705 169.705
1 1 3 169.78 169.78
1 2 3 169.78 169.78
1 3 3 169.93 169.93
1 1 3 170.08 170.08
2 3 3 170.08 170.23
1 1 3 170.23 170.23
1 2 3 170.305 170.305
1 3 3 170.38 170.38
1 4 3 170.38 170.38
2 4 3 170.53 170.68
1 1 3 170.68 170.68
1 2 3 170.68 170.68
1 3 3 170.755 170.755
1 2 3 170.83 170.83
1 4 3 170.905 170.905
2 1 3 170.98 171.28
1 3 3 170.98 170.98
2 2 3 171.13 171.28
2 3 3 171.28 171.58
2 4 3 171.28 171.43
2 2 3 171.43 171.58
2 1 3 171.58 171.88
1 4 3 171.58 171.58
2 3 3 171.88 171.955
1 4 3 171.88 171.88
2 3 3 172.03 172.105
1 1 3 172.18 172.18
2 2 3 172.18 172.255
2 2 3 172.33 172.405
1 1 3 172.48 172.48
1 3 3 172.48 172.48
1 4 3 172.555 172.555
1 1 3 172.63 172.63
1 2 3 172.705 172.705
2 3 3 172.78 172.93
2 4 3 172.78 173.08
1 1 3 173.08 173.08
1 2 3 173.08 173.08
1 3 3 173.155 173.155
1 1 3 173.23 173.23
1 3 3 173.305 173.305
1 2 3 173.38 173.38
1 4 3 173.38 173.38
2 4 3 173.53 173.68
2 1 3 173.68 173.83
2 2 3 173.68 173.98
2 3 3 173.83 173.98
1 1 3 173.98 173.98
2 4 3 173.98 174.28
2 3 3 174.13 174.28
2 1 3 174.28 174.43
2 3 3 174.43 174.58
1 1 3 174.58 174.58
1 4 3 174.58 174.58
1 2 3 174.655 174.655
1 3 3 174.73 174.73
1 1 3 174.88 174.88
2 3 3 174.88 175.03
1 1 3 175.03 175.03
1 2 3 175.105 175.105
1 3 3 175.18 175.18
1 4 3 175.18 175.18
2 1 3 175.33 175.63
2 2 3 175.48 175.63
2 4 3 175.48 175.78
2 3 3 175.63 175.78
2 1 3 175.78 176.08
1 2 3 175.78 175.78
2 4 3 175.93 176.08
2 2 3 176.08 176.23
2 3 3 176.08 176.38
2 4 3 176.23 176.38
2 1 3 176.38 176.53
1 2 3 176.38 176.38
2 3 3 176.53 176.68
1 1 3 176.68 176.68
1 4 3 176.68 176.68
1 2 3 176.755 176.755
1 4 3 176.83 176.83
1 3 3 176.905 176.905
2 1 3 176.98 177.28
1 2 3 176.98 176.98
2 4 3 177.13 177.28
1 3 3 177.28 177.28
1 2 3 177.355 177.355
1 3 3 177.43 177.43
1 2 3 177.505 177.505
1 1 3 177.58 177.58
1 4 3 177.58 177.58
1 3 3 177.655 177.655
1 2 3 177.73 177.73
1 1 3 177.805 177.805
1 4 3 177.88 177.88
1 1 3 177.955 177.955
1 2 3 178.03 178.03
1 3 3 178.105 178.105
1 2 3 178.255 178.255
1 3 3 178.33 178.33
1 4 3 178.405 178.405
1 1 3 178.48 178.48
1 3 3 178.555 178.555
1 2 3 178.63 178.63
1 3 3 178.705 178.705
1 1 3 178.78 178.78
1 2 3 178.78 178.78
1 4 3 178.78 178.78
