2 1 3 1.18 2.23
1 3 3 1.18 1.18
2 4 3 1.18 2.38
2 2 3 2.08 2.23
2 3 3 2.23 2.38
2 1 3 2.38 3.43
2 2 3 2.38 3.58
2 4 3 2.98 3.58
2 1 3 3.58 4.78
2 3 3 3.58 4.63
2 2 3 4.78 5.83
2 4 3 4.78 5.98
2 1 3 5.98 7.03
2 2 3 5.98 7.18
2 4 3 6.88 7.03
2 3 3 7.03 7.18
2 1 3 7.18 8.305
2 4 3 7.18 8.305
2 3 3 7.78 8.08
2 2 3 8.08 8.305
1 1 3 8.38 8.38
1 2 3 8.38 8.38
1 4 3 8.38 8.38
2 4 3 8.98 10.03
2 3 3 9.13 10.105
2 2 3 9.28 9.355
2 2 3 9.43 9.505
2 1 3 9.58 10.255
2 2 3 9.58 9.655
2 2 3 9.73 9.805
2 2 3 9.88 10.18
2 4 3 10.18 10.705
2 3 3 10.255 10.405
2 2 3 10.33 10.705
2 1 3 10.405 10.705
2 3 3 10.48 10.705
2 1 3 10.78 11.305
2 2 3 10.78 11.305
1 3 3 10.78 10.78
2 4 3 10.78 11.305
2 3 3 11.23 11.38
1 1 3 11.38 11.38
1 2 3 11.38 11.38
2 4 3 11.38 11.68
2 1 3 11.68 11.905
1 3 3 11.68 11.68
2 2 3 11.83 12.055
1 4 3 11.83 11.83
2 3 3 11.98 12.205
1 4 3 11.98 11.98
1 1 3 12.28 12.28
1 4 3 12.28 12.28
2 2 3 12.43 12.58
1 1 3 12.58 12.58
1 3 3 12.58 12.58
2 4 3 12.58 13.105
1 2 3 12.88 12.88
1 2 3 13.03 13.03
2 1 3 13.18 13.705
1 3 3 13.18 13.18
2 4 3 13.18 13.255
2 4 3 13.33 13.405
2 3 3 13.48 13.555
2 2 3 13.63 13.705
1 1 3 13.78 13.78
1 2 3 13.78 13.78
1 4 3 13.78 13.78
2 3 3 14.08 14.155
2 2 3 14.23 14.305
2 1 3 14.38 14.455
2 4 3 14.53 14.605
1 1 3 14.68 14.68
2 3 3 14.68 14.755
2 2 3 14.83 14.905
2 1 3 14.98 15.055
1 3 3 14.98 14.98
1 4 3 14.98 14.98
2 2 3 15.28 15.355
2 3 3 15.43 15.505
2 1 3 15.58 16.105
2 2 3 15.58 15.655
1 4 3 15.58 15.58
1 4 3 15.73 15.73
2 2 3 15.88 15.955
2 3 3 16.03 16.105
1 1 3 16.18 16.18
1 2 3 16.18 16.18
1 4 3 16.18 16.18
2 1 3 16.48 16.705
1 3 3 16.48 16.48
2 2 3 16.63 16.855
1 4 3 16.63 16.63
2 3 3 16.78 17.005
1 4 3 16.78 16.78
2 1 3 16.93 17.005
2 2 3 17.08 17.155
1 4 3 17.08 17.08
2 3 3 17.23 17.305
1 1 3 17.38 17.38
2 2 3 17.38 17.605
1 4 3 17.38 17.38
1 3 3 17.53 17.53
1 1 3 17.68 17.68
2 3 3 17.68 17.905
1 2 3 17.83 17.83
2 1 3 17.98 18.43
1 4 3 17.98 17.98
1 3 3 18.055 18.055
1 2 3 18.13 18.13
1 4 3 18.205 18.205
1 2 3 18.28 18.28
1 3 3 18.355 18.355
1 4 3 18.43 18.43
1 2 3 18.505 18.505
1 1 3 18.58 18.58
1 3 3 18.58 18.58
2 4 3 18.58 19.03
1 2 3 18.655 18.655
1 3 3 18.73 18.73
1 1 3 18.805 18.805
1 3 3 18.88 18.88
1 2 3 18.955 18.955
1 1 3 19.03 19.03
1 3 3 19.105 19.105
2 2 3 19.18 19.63
1 4 3 19.255 19.255
1 3 3 19.33 19.33
1 1 3 19.405 19.405
1 3 3 19.48 19.48
1 4 3 19.48 19.48
1 1 3 19.555 19.555
1 4 3 19.63 19.63
1 3 3 19.705 19.705
1 1 3 19.78 19.78
1 2 3 19.78 19.78
2 4 3 19.78 20.23
1 3 3 19.855 19.855
1 2 3 19.93 19.93
1 1 3 20.005 20.005
1 3 3 20.08 20.08
1 2 3 20.155 20.155
1 3 3 20.23 20.23
1 2 3 20.305 20.305
2 1 3 20.38 22.48
1 3 3 20.38 20.38
1 4 3 20.38 20.38
2 4 3 21.28 22.48
2 3 3 21.58 22.48
2 2 3 22.18 22.48
2 1 3 22.78 23.005
1 3 3 22.78 22.78
1 4 3 22.78 22.78
1 2 3 22.855 22.855
1 3 3 22.93 22.93
1 2 3 23.005 23.005
1 1 3 23.08 23.08
2 4 3 23.08 23.305
1 3 3 23.155 23.155
1 2 3 23.23 23.23
1 3 3 23.305 23.305
1 1 3 23.38 23.38
2 2 3 23.38 23.605
1 4 3 23.455 23.455
1 3 3 23.53 23.53
1 1 3 23.605 23.605
2 3 3 23.68 23.905
1 4 3 23.68 23.68
1 1 3 23.755 23.755
1 2 3 23.83 23.83
1 4 3 23.905 23.905
2 1 3 23.98 24.205
2 3 3 23.98 24.055
2 4 3 24.055 24.13
2 2 3 24.13 24.205
2 3 3 24.205 24.28
2 2 3 24.28 24.505
2 4 3 24.28 24.43
2 3 3 24.355 24.505
2 1 3 24.43 24.505
2 4 3 24.505 24.655
2 1 3 24.58 24.73
2 3 3 24.58 24.805
2 2 3 24.655 24.805
2 4 3 24.73 24.805
2 1 3 24.805 24.955
2 2 3 24.88 25.03
2 4 3 24.88 25.105
2 3 3 24.955 25.105
2 1 3 25.03 25.105
2 2 3 25.105 25.18
1 3 3 25.18 25.18
1 4 3 25.18 25.18
1 1 3 25.255 25.255
1 4 3 25.33 25.33
1 1 3 25.405 25.405
1 2 3 25.48 25.48
1 4 3 25.48 25.48
1 3 3 25.555 25.555
1 2 3 25.63 25.63
1 3 3 25.705 25.705
1 1 3 25.78 25.78
1 2 3 25.78 25.78
1 4 3 25.855 25.855
1 1 3 25.93 25.93
1 4 3 26.005 26.005
1 1 3 26.08 26.08
1 3 3 26.08 26.08
1 2 3 26.155 26.155
1 3 3 26.23 26.23
1 2 3 26.305 26.305
1 3 3 26.38 26.38
2 4 3 26.38 26.455
1 1 3 26.455 26.455
2 4 3 26.53 26.68
2 3 3 26.605 26.68
1 1 3 26.68 26.68
1 2 3 26.68 26.68
1 3 3 26.755 26.755
2 1 3 26.83 26.905
2 2 3 26.905 26.98
1 1 3 26.98 26.98
2 3 3 26.98 27.055
2 4 3 26.98 27.205
1 2 3 27.055 27.055
2 3 3 27.13 27.28
2 2 3 27.205 27.28
2 1 3 27.28 27.355
1 4 3 27.28 27.28
1 3 3 27.355 27.355
1 4 3 27.43 27.43
1 2 3 27.505 27.505
1 1 3 27.58 27.58
1 3 3 27.58 27.58
1 4 3 27.58 27.58
1 2 3 27.655 27.655
1 1 3 27.73 27.73
1 4 3 27.805 27.805
1 2 3 27.88 27.88
1 3 3 27.88 27.88
1 1 3 27.955 27.955
1 4 3 28.03 28.03
1 2 3 28.105 28.105
2 1 3 28.18 28.33
1 3 3 28.18 28.18
1 2 3 28.255 28.255
1 4 3 28.33 28.33
2 2 3 28.405 28.555
1 1 3 28.48 28.48
1 3 3 28.48 28.48
1 4 3 28.555 28.555
2 3 3 28.63 28.78
1 2 3 28.705 28.705
2 1 3 28.78 28.855
2 4 3 28.78 29.005
2 2 3 28.855 28.93
2 3 3 28.93 29.005
2 1 3 29.005 29.155
2 4 3 29.08 29.23
2 3 3 29.08 29.305
2 2 3 29.155 29.305
2 1 3 29.23 29.305
2 4 3 29.305 29.455
2 2 3 29.38 29.605
2 3 3 29.38 29.53
2 1 3 29.455 29.605
2 4 3 29.53 29.605
2 3 3 29.605 29.755
2 1 3 29.68 29.905
2 2 3 29.68 29.83
2 4 3 29.755 29.905
2 3 3 29.83 29.98
2 2 3 29.905 29.98
1 1 3 29.98 29.98
1 4 3 29.98 29.98
1 3 3 30.055 30.055
1 1 3 30.13 30.13
1 2 3 30.205 30.205
1 3 3 30.28 30.28
2 4 3 30.28 30.355
1 1 3 30.355 30.355
2 4 3 30.43 30.505
1 2 3 30.505 30.505
1 3 3 30.58 30.58
2 4 3 30.58 30.73
1 1 3 30.655 30.655
1 2 3 30.73 30.73
2 4 3 30.805 30.955
1 1 3 30.88 30.88
1 2 3 30.88 30.88
1 3 3 30.955 30.955
2 4 3 31.03 31.105
1 2 3 31.105 31.105
1 1 3 31.18 31.18
1 3 3 31.18 31.18
1 4 3 31.18 31.18
2 2 3 31.255 31.405
2 3 3 31.33 31.48
2 1 3 31.405 31.48
2 4 3 31.555 31.705
2 3 3 31.63 31.78
2 2 3 31.705 31.78
2 4 3 31.855 32.005
2 1 3 31.93 32.08
2 2 3 32.005 32.08
2 3 3 32.155 32.305
2 4 3 32.23 32.305
2 2 3 32.305 32.38
1 1 3 32.38 32.38
1 3 3 32.38 32.38
2 4 3 32.38 32.605
1 2 3 32.455 32.455
1 3 3 32.53 32.53
1 1 3 32.605 32.605
2 2 3 32.68 32.905
1 3 3 32.68 32.68
1 1 3 32.755 32.755
1 4 3 32.83 32.83
1 3 3 32.905 32.905
2 1 3 32.98 33.205
1 2 3 32.98 32.98
1 4 3 33.055 33.055
1 3 3 33.13 33.13
1 2 3 33.205 33.205
2 3 3 33.28 33.505
1 4 3 33.28 33.28
1 2 3 33.355 33.355
1 1 3 33.43 33.43
1 4 3 33.505 33.505
2 1 3 33.58 33.805
2 3 3 33.58 33.655
2 4 3 33.655 33.73
2 2 3 33.73 33.805
2 3 3 33.805 33.88
2 2 3 33.88 34.105
2 4 3 33.88 34.03
2 3 3 33.955 34.105
2 1 3 34.03 34.105
2 4 3 34.105 34.255
2 1 3 34.18 34.33
2 3 3 34.18 34.405
2 2 3 34.255 34.405
2 4 3 34.33 34.405
2 1 3 34.405 34.555
2 2 3 34.48 34.63
2 4 3 34.48 34.705
2 3 3 34.555 34.705
2 1 3 34.63 34.705
2 2 3 34.705 34.78
1 3 3 34.78 34.78
1 4 3 34.78 34.78
1 2 3 34.855 34.855
1 3 3 34.93 34.93
1 1 3 35.005 35.005
1 2 3 35.08 35.08
1 4 3 35.08 35.08
1 3 3 35.155 35.155
1 2 3 35.23 35.23
1 4 3 35.305 35.305
1 1 3 35.38 35.38
1 3 3 35.38 35.38
1 2 3 35.455 35.455
1 3 3 35.53 35.53
1 1 3 35.605 35.605
1 2 3 35.68 35.68
1 4 3 35.68 35.68
1 3 3 35.755 35.755
1 2 3 35.83 35.83
1 4 3 35.905 35.905
2 1 3 35.98 36.055
1 3 3 35.98 35.98
1 2 3 36.055 36.055
2 3 3 36.13 36.28
2 2 3 36.205 36.355
1 1 3 36.28 36.28
2 4 3 36.28 36.43
2 3 3 36.355 36.43
2 1 3 36.43 36.505
2 2 3 36.505 36.58
1 1 3 36.58 36.58
2 3 3 36.58 36.655
2 4 3 36.58 36.805
1 2 3 36.655 36.655
2 3 3 36.73 36.805
2 2 3 36.805 36.88
1 1 3 36.88 36.88
1 4 3 36.88 36.88
1 3 3 36.955 36.955
1 4 3 37.03 37.03
1 2 3 37.105 37.105
1 1 3 37.18 37.18
1 3 3 37.18 37.18
1 4 3 37.18 37.18
1 2 3 37.255 37.255
1 1 3 37.33 37.33
1 4 3 37.405 37.405
1 2 3 37.48 37.48
1 3 3 37.48 37.48
1 1 3 37.555 37.555
1 2 3 37.63 37.63
1 3 3 37.705 37.705
2 1 3 37.78 37.93
1 4 3 37.78 37.78
1 2 3 37.855 37.855
1 3 3 37.93 37.93
2 2 3 38.005 38.155
1 3 3 38.08 38.08
1 4 3 38.08 38.08
1 1 3 38.155 38.155
2 3 3 38.23 38.38
1 2 3 38.305 38.305
2 1 3 38.38 38.455
2 4 3 38.38 38.605
2 2 3 38.455 38.53
2 3 3 38.53 38.605
2 1 3 38.605 38.755
2 4 3 38.68 38.83
2 3 3 38.68 38.905
2 2 3 38.755 38.905
2 1 3 38.83 38.905
2 4 3 38.905 39.055
2 2 3 38.98 39.205
2 3 3 38.98 39.13
2 1 3 39.055 39.205
2 4 3 39.13 39.205
2 3 3 39.205 39.355
2 1 3 39.28 39.505
2 2 3 39.28 39.43
2 4 3 39.355 39.505
2 3 3 39.43 39.58
2 2 3 39.505 39.58
1 1 3 39.58 39.58
1 4 3 39.58 39.58
1 3 3 39.655 39.655
1 1 3 39.73 39.73
1 2 3 39.805 39.805
2 1 3 39.88 39.955
1 4 3 39.88 39.88
1 3 3 39.955 39.955
2 1 3 40.03 40.105
1 3 3 40.105 40.105
2 1 3 40.18 40.33
1 2 3 40.18 40.18
1 4 3 40.255 40.255
1 3 3 40.33 40.33
2 1 3 40.405 40.555
1 3 3 40.48 40.48
1 4 3 40.48 40.48
1 2 3 40.555 40.555
2 1 3 40.63 40.705
1 3 3 40.705 40.705
1 1 3 40.78 40.78
1 2 3 40.78 40.78
1 4 3 40.78 40.78
2 3 3 40.855 41.005
2 2 3 40.93 41.08
2 4 3 41.005 41.08
2 4 3 41.155 41.305
2 2 3 41.23 41.38
2 1 3 41.305 41.38
2 3 3 41.455 41.605
2 2 3 41.53 41.68
2 4 3 41.605 41.68
2 1 3 41.755 41.905
2 3 3 41.83 41.905
2 2 3 41.905 41.98
2 1 3 41.98 42.205
1 3 3 41.98 41.98
2 4 3 41.98 42.13
1 2 3 42.055 42.055
1 3 3 42.13 42.13
2 4 3 42.205 42.355
2 2 3 42.28 42.505
1 3 3 42.28 42.28
1 1 3 42.355 42.355
2 3 3 42.43 42.58
1 1 3 42.505 42.505
1 2 3 42.58 42.58
2 4 3 42.58 42.805
2 1 3 42.655 42.805
1 3 3 42.73 42.73
1 2 3 42.805 42.805
2 1 3 42.88 43.03
2 3 3 42.88 43.105
1 2 3 42.955 42.955
2 4 3 43.03 43.18
1 1 3 43.105 43.105
2 2 3 43.18 43.405
2 3 3 43.18 43.33
2 1 3 43.255 43.33
2 4 3 43.33 43.405
2 3 3 43.405 43.555
2 1 3 43.48 43.705
2 2 3 43.48 43.63
2 4 3 43.555 43.63
2 3 3 43.63 43.705
2 2 3 43.705 43.855
2 1 3 43.78 43.93
2 3 3 43.78 44.005
2 4 3 43.855 44.005
2 2 3 43.93 44.08
2 1 3 44.005 44.155
2 3 3 44.08 44.23
2 4 3 44.08 44.305
2 2 3 44.155 44.305
2 1 3 44.23 44.38
2 3 3 44.305 44.38
1 2 3 44.38 44.38
2 4 3 44.38 44.53
1 3 3 44.455 44.455
1 1 3 44.53 44.53
2 3 3 44.605 44.755
1 1 3 44.68 44.68
1 2 3 44.68 44.68
1 4 3 44.755 44.755
2 3 3 44.83 44.98
1 2 3 44.905 44.905
1 1 3 44.98 44.98
1 4 3 44.98 44.98
2 2 3 45.055 45.205
1 3 3 45.13 45.13
1 1 3 45.205 45.205
2 2 3 45.28 45.43
1 4 3 45.28 45.28
1 3 3 45.355 45.355
2 1 3 45.43 45.58
1 2 3 45.505 45.505
2 3 3 45.58 45.73
1 4 3 45.58 45.58
1 1 3 45.655 45.655
2 2 3 45.73 45.805
2 4 3 45.805 45.955
1 2 3 45.88 45.88
1 3 3 45.88 45.88
1 1 3 45.955 45.955
2 4 3 46.03 46.105
2 3 3 46.105 46.18
2 1 3 46.18 46.405
2 2 3 46.18 46.255
1 4 3 46.18 46.18
2 3 3 46.255 46.405
1 2 3 46.33 46.33
1 4 3 46.405 46.405
2 1 3 46.48 46.63
1 3 3 46.48 46.48
2 4 3 46.555 46.63
2 3 3 46.63 46.705
2 2 3 46.705 46.78
1 1 3 46.78 46.78
1 3 3 46.78 46.78
2 4 3 46.78 46.93
1 2 3 46.855 46.855
1 1 3 46.93 46.93
2 3 3 47.005 47.155
1 1 3 47.08 47.08
1 2 3 47.08 47.08
1 4 3 47.155 47.155
2 1 3 47.23 47.38
1 2 3 47.305 47.305
1 3 3 47.38 47.38
1 4 3 47.38 47.38
2 2 3 47.455 47.605
1 1 3 47.53 47.53
1 3 3 47.605 47.605
1 1 3 47.68 47.68
1 2 3 47.68 47.68
2 4 3 47.68 47.83
1 3 3 47.755 47.755
2 1 3 47.83 47.98
1 2 3 47.905 47.905
2 3 3 47.98 48.205
2 4 3 47.98 48.13
2 1 3 48.055 48.13
2 2 3 48.13 48.205
2 1 3 48.205 48.355
2 3 3 48.28 48.43
2 4 3 48.28 48.505
2 2 3 48.355 48.43
2 1 3 48.43 48.58
2 3 3 48.505 48.655
2 2 3 48.58 48.73
2 4 3 48.58 48.805
2 1 3 48.655 48.805
2 3 3 48.73 48.88
2 2 3 48.805 48.955
2 1 3 48.88 49.105
2 4 3 48.88 49.03
2 3 3 48.955 49.105
2 2 3 49.03 49.18
2 4 3 49.105 49.18
2 1 3 49.18 49.33
1 3 3 49.18 49.18
1 2 3 49.255 49.255
1 4 3 49.33 49.33
2 2 3 49.405 49.555
1 3 3 49.48 49.48
1 4 3 49.48 49.48
1 1 3 49.555 49.555
2 4 3 49.63 49.78
1 3 3 49.705 49.705
1 1 3 49.78 49.78
1 2 3 49.78 49.78
2 3 3 49.855 50.005
1 4 3 49.93 49.93
1 2 3 50.005 50.005
2 1 3 50.08 50.23
1 3 3 50.08 50.08
1 4 3 50.155 50.155
2 3 3 50.23 50.38
1 2 3 50.305 50.305
1 1 3 50.38 50.38
2 4 3 50.38 50.53
1 2 3 50.455 50.455
1 3 3 50.53 50.53
2 1 3 50.605 50.755
1 4 3 50.68 50.68
1 2 3 50.755 50.755
2 4 3 50.83 50.98
2 3 3 50.905 50.98
2 2 3 51.055 51.205
2 3 3 51.13 51.205
2 1 3 51.205 51.28
2 3 3 51.28 51.43
2 4 3 51.355 51.43
2 1 3 51.43 51.505
2 2 3 51.505 51.58
2 1 3 51.58 51.805
2 3 3 51.58 51.73
1 4 3 51.58 51.58
2 2 3 51.655 51.73
1 4 3 51.73 51.73
2 3 3 51.805 51.955
2 1 3 51.88 51.955
2 2 3 51.88 52.105
1 4 3 51.955 51.955
2 1 3 52.03 52.18
2 4 3 52.105 52.18
1 2 3 52.18 52.18
2 3 3 52.18 52.405
2 1 3 52.255 52.405
2 4 3 52.33 52.405
1 2 3 52.405 52.405
2 3 3 52.48 52.555
2 4 3 52.48 52.705
2 1 3 52.555 52.63
2 3 3 52.63 52.78
2 2 3 52.705 52.78
2 1 3 52.78 53.005
2 4 3 52.78 52.93
2 3 3 52.855 52.93
2 2 3 52.93 53.005
2 3 3 53.005 53.155
2 1 3 53.08 53.155
2 4 3 53.08 53.305
2 2 3 53.155 53.305
2 3 3 53.23 53.38
2 1 3 53.305 53.455
2 2 3 53.38 53.605
2 4 3 53.38 53.53
2 3 3 53.455 53.605
2 1 3 53.53 53.68
2 4 3 53.605 53.755
2 2 3 53.68 53.83
2 3 3 53.68 53.905
2 1 3 53.755 53.905
2 4 3 53.83 53.98
2 2 3 53.905 53.98
2 1 3 53.98 54.13
1 3 3 53.98 53.98
2 2 3 54.055 54.13
1 4 3 54.13 54.13
2 2 3 54.205 54.355
2 3 3 54.28 54.355
1 4 3 54.28 54.28
1 1 3 54.355 54.355
2 4 3 54.43 54.58
2 3 3 54.505 54.58
1 1 3 54.58 54.58
1 2 3 54.58 54.58
2 3 3 54.655 54.805
2 4 3 54.73 54.805
2 2 3 54.805 54.88
2 1 3 54.88 54.955
1 4 3 54.88 54.88
1 3 3 54.955 54.955
2 1 3 55.03 55.18
2 2 3 55.105 55.18
1 3 3 55.18 55.18
2 4 3 55.18 55.33
2 1 3 55.255 55.33
2 3 3 55.33 55.405
2 2 3 55.405 55.555
1 1 3 55.48 55.48
2 4 3 55.48 55.555
2 3 3 55.555 55.63
2 1 3 55.63 55.705
2 2 3 55.705 55.78
1 1 3 55.78 55.78
2 3 3 55.78 55.855
1 4 3 55.78 55.78
2 2 3 55.855 56.005
2 4 3 55.93 56.005
1 3 3 56.005 56.005
2 1 3 56.08 56.23
1 2 3 56.08 56.08
2 3 3 56.155 56.23
2 4 3 56.23 56.305
2 2 3 56.305 56.38
1 1 3 56.38 56.38
2 3 3 56.38 56.53
1 4 3 56.38 56.38
2 2 3 56.455 56.53
1 4 3 56.53 56.53
2 1 3 56.605 56.755
2 2 3 56.68 56.755
1 3 3 56.68 56.68
1 4 3 56.755 56.755
2 3 3 56.83 56.98
2 1 3 56.905 56.98
1 2 3 56.98 56.98
1 4 3 56.98 56.98
2 1 3 57.055 57.205
2 3 3 57.13 57.205
1 2 3 57.205 57.205
1 3 3 57.28 57.28
2 4 3 57.28 57.43
2 1 3 57.355 57.43
2 2 3 57.43 57.58
2 3 3 57.505 57.58
2 1 3 57.58 57.73
2 4 3 57.58 57.805
2 3 3 57.655 57.73
2 2 3 57.73 57.805
2 1 3 57.805 57.955
2 3 3 57.88 58.105
2 4 3 57.88 57.955
2 2 3 57.955 58.105
2 1 3 58.03 58.18
2 4 3 58.105 58.255
2 2 3 58.18 58.405
2 3 3 58.18 58.33
2 1 3 58.255 58.405
2 4 3 58.33 58.48
2 3 3 58.405 58.555
2 1 3 58.48 58.705
2 2 3 58.48 58.63
2 4 3 58.555 58.705
2 3 3 58.63 58.78
2 2 3 58.705 58.78
1 1 3 58.78 58.78
2 4 3 58.78 58.93
2 3 3 58.855 58.93
1 2 3 58.93 58.93
2 1 3 59.005 59.155
2 2 3 59.08 59.155
1 3 3 59.08 59.08
1 4 3 59.155 59.155
2 3 3 59.23 59.38
2 2 3 59.305 59.38
1 1 3 59.38 59.38
1 4 3 59.38 59.38
2 2 3 59.455 59.605
2 3 3 59.53 59.605
1 1 3 59.605 59.605
1 2 3 59.68 59.68
2 4 3 59.68 59.83
2 3 3 59.755 59.83
2 1 3 59.83 59.905
2 2 3 59.905 59.98
1 1 3 59.98 59.98
1 3 3 59.98 59.98
1 4 3 59.98 59.98
2 2 3 60.055 60.205
2 3 3 60.13 60.28
2 4 3 60.205 60.28
2 2 3 60.355 60.505
2 1 3 60.43 60.58
2 3 3 60.505 60.58
2 4 3 60.655 60.805
2 2 3 60.73 60.88
2 3 3 60.805 60.955
2 1 3 60.88 61.03
2 2 3 60.955 61.105
2 4 3 61.03 61.105
2 3 3 61.105 61.18
2 1 3 61.18 61.367
2 2 3 61.18 61.405
2 4 3 61.18 61.48
2 3 3 61.33 61.442
2 1 3 61.48 61.63
2 2 3 61.517 61.667
2 3 3 61.555 61.705
2 4 3 61.592 61.742
1 1 3 61.705 61.705
2 2 3 61.78 61.93
1 3 3 61.78 61.78
2 1 3 61.855 61.93
1 4 3 61.93 61.93
1 3 3 61.967 61.967
1 2 3 62.005 62.005
1 3 3 62.08 62.08
1 4 3 62.08 62.08
1 1 3 62.155 62.155
1 2 3 62.192 62.192
1 3 3 62.23 62.23
1 1 3 62.305 62.305
1 3 3 62.38 62.38
1 4 3 62.38 62.38
1 2 3 62.417 62.417
1 1 3 62.455 62.455
1 4 3 62.53 62.53
1 3 3 62.567 62.567
1 2 3 62.605 62.605
1 1 3 62.68 62.68
1 4 3 62.68 62.68
1 3 3 62.755 62.755
1 1 3 62.83 62.83
1 4 3 62.83 62.83
1 2 3 62.905 62.905
1 1 3 62.98 62.98
2 4 3 62.98 63.13
2 3 3 63.017 63.092
2 1 3 63.13 63.28
2 2 3 63.167 63.242
2 3 3 63.28 63.355
2 2 3 63.317 63.392
2 1 3 63.355 63.43
2 4 3 63.43 63.505
2 3 3 63.467 63.542
2 2 3 63.505 63.58
1 1 3 63.58 63.58
1 4 3 63.58 63.58
1 2 3 63.73 63.73
1 3 3 63.73 63.73
1 4 3 63.805 63.805
1 1 3 63.88 63.88
2 2 3 63.88 63.955
2 3 3 63.917 63.992
2 4 3 63.955 64.105
1 2 3 64.03 64.03
1 3 3 64.105 64.105
1 1 3 64.18 64.18
1 2 3 64.18 64.18
1 4 3 64.255 64.255
2 1 3 64.33 64.405
2 2 3 64.367 64.442
2 3 3 64.405 64.555
1 1 3 64.48 64.48
1 4 3 64.48 64.48
1 2 3 64.555 64.555
1 4 3 64.63 64.63
1 3 3 64.705 64.705
1 2 3 64.78 64.78
1 1 3 64.817 64.817
1 3 3 64.855 64.855
1 4 3 64.892 64.892
1 2 3 64.93 64.93
1 1 3 64.967 64.967
1 3 3 65.005 65.005
1 4 3 65.042 65.042
2 1 3 65.08 65.155
1 2 3 65.08 65.08
2 3 3 65.155 65.23
2 1 3 65.23 65.305
2 3 3 65.305 65.38
1 2 3 65.38 65.38
1 4 3 65.38 65.38
1 3 3 65.455 65.455
2 1 3 65.53 65.68
2 2 3 65.605 65.68
2 4 3 65.68 65.755
2 3 3 65.717 65.792
2 2 3 65.755 65.83
2 1 3 65.792 65.867
1 4 3 65.83 65.83
1 3 3 65.905 65.905
2 1 3 65.98 66.355
2 2 3 65.98 66.28
2 4 3 65.98 66.13
2 3 3 66.13 66.28
2 4 3 66.28 66.43
2 3 3 66.355 66.43
1 1 3 66.43 66.43
1 2 3 66.467 66.467
1 4 3 66.505 66.505
1 3 3 66.542 66.542
1 1 3 66.58 66.58
1 2 3 66.58 66.58
1 4 3 66.655 66.655
1 1 3 66.73 66.73
1 2 3 66.767 66.767
1 3 3 66.805 66.805
1 1 3 66.88 66.88
1 2 3 66.88 66.88
1 4 3 66.955 66.955
1 3 3 66.992 66.992
1 2 3 67.03 67.03
1 1 3 67.105 67.105
1 3 3 67.18 67.18
1 4 3 67.18 67.18
1 2 3 67.217 67.217
1 1 3 67.255 67.255
1 4 3 67.33 67.33
1 3 3 67.367 67.367
1 2 3 67.405 67.405
1 3 3 67.48 67.48
1 4 3 67.48 67.48
1 1 3 67.555 67.555
1 2 3 67.63 67.63
1 3 3 67.63 67.63
1 4 3 67.705 67.705
2 1 3 67.78 67.93
1 3 3 67.78 67.78
2 2 3 67.817 67.892
2 4 3 67.93 68.08
2 3 3 67.967 68.042
2 2 3 68.08 68.155
2 3 3 68.117 68.192
2 4 3 68.155 68.23
2 1 3 68.23 68.305
2 2 3 68.267 68.342
2 3 3 68.305 68.38
1 1 3 68.38 68.38
1 4 3 68.38 68.38
1 3 3 68.53 68.53
1 4 3 68.53 68.53
1 2 3 68.605 68.605
1 1 3 68.68 68.68
2 4 3 68.68 68.755
2 3 3 68.717 68.792
2 2 3 68.755 68.905
1 4 3 68.83 68.83
1 3 3 68.905 68.905
1 1 3 68.98 68.98
1 2 3 68.98 68.98
1 4 3 69.055 69.055
2 1 3 69.13 69.205
2 2 3 69.167 69.242
2 3 3 69.205 69.355
1 1 3 69.28 69.28
1 4 3 69.28 69.28
1 2 3 69.355 69.355
1 4 3 69.43 69.43
1 2 3 69.505 69.505
1 3 3 69.58 69.58
1 4 3 69.617 69.617
1 2 3 69.655 69.655
1 1 3 69.692 69.692
1 3 3 69.73 69.73
1 4 3 69.767 69.767
1 2 3 69.805 69.805
1 1 3 69.842 69.842
2 3 3 69.88 69.955
1 4 3 69.88 69.88
2 1 3 69.955 70.03
2 3 3 70.03 70.105
2 2 3 70.105 70.18
2 1 3 70.18 70.405
2 2 3 70.255 70.405
2 3 3 70.33 70.405
2 4 3 70.33 70.48
2 2 3 70.48 70.705
2 3 3 70.48 70.63
2 1 3 70.555 70.705
2 4 3 70.63 70.705
2 3 3 70.705 70.78
2 1 3 70.78 70.967
2 2 3 70.78 71.005
2 4 3 70.78 71.08
2 3 3 70.93 71.042
2 1 3 71.08 71.23
2 4 3 71.155 71.305
2 2 3 71.23 71.305
2 3 3 71.305 71.38
2 2 3 71.38 71.53
1 4 3 71.38 71.38
2 1 3 71.455 71.53
1 4 3 71.53 71.53
1 3 3 71.567 71.567
1 2 3 71.605 71.605
1 3 3 71.68 71.68
1 4 3 71.68 71.68
1 1 3 71.755 71.755
1 2 3 71.792 71.792
1 3 3 71.83 71.83
1 1 3 71.905 71.905
1 3 3 71.98 71.98
1 4 3 71.98 71.98
1 2 3 72.017 72.017
1 1 3 72.055 72.055
1 4 3 72.13 72.13
1 3 3 72.167 72.167
1 2 3 72.205 72.205
1 1 3 72.28 72.28
1 4 3 72.28 72.28
1 3 3 72.355 72.355
1 1 3 72.43 72.43
1 4 3 72.43 72.43
1 2 3 72.505 72.505
1 1 3 72.58 72.58
2 4 3 72.58 72.73
2 3 3 72.617 72.692
2 1 3 72.73 72.88
2 2 3 72.767 72.842
2 3 3 72.88 72.955
2 2 3 72.917 72.992
2 1 3 72.955 73.03
2 4 3 73.03 73.105
2 3 3 73.067 73.142
2 2 3 73.105 73.18
2 1 3 73.18 73.405
2 4 3 73.18 73.405
2 2 3 73.255 73.405
2 3 3 73.33 73.405
1 1 3 73.48 73.48
2 4 3 73.48 73.555
2 3 3 73.517 73.592
2 2 3 73.63 73.705
2 3 3 73.667 73.742
2 2 3 73.78 73.855
1 4 3 73.78 73.78
2 1 3 73.817 73.892
2 3 3 73.93 74.005
2 4 3 73.967 74.042
1 1 3 74.08 74.08
1 2 3 74.08 74.08
1 4 3 74.155 74.155
1 1 3 74.23 74.23
1 3 3 74.305 74.305
1 2 3 74.38 74.38
1 1 3 74.417 74.417
1 4 3 74.455 74.455
1 3 3 74.492 74.492
1 2 3 74.53 74.53
1 1 3 74.567 74.567
1 4 3 74.605 74.605
1 3 3 74.642 74.642
2 1 3 74.68 74.755
1 2 3 74.68 74.68
2 3 3 74.755 74.83
2 2 3 74.83 74.905
2 3 3 74.905 74.98
1 1 3 74.98 74.98
1 4 3 74.98 74.98
1 3 3 75.055 75.055
2 1 3 75.13 75.28
2 2 3 75.205 75.28
2 4 3 75.28 75.355
2 3 3 75.317 75.392
2 2 3 75.355 75.43
2 1 3 75.392 75.467
1 4 3 75.43 75.43
1 3 3 75.505 75.505
2 1 3 75.58 75.955
2 2 3 75.58 75.88
2 4 3 75.58 75.73
2 3 3 75.73 75.88
2 4 3 75.88 76.03
2 3 3 75.955 76.03
1 1 3 76.03 76.03
1 2 3 76.067 76.067
1 4 3 76.105 76.105
1 3 3 76.142 76.142
1 1 3 76.18 76.18
1 2 3 76.18 76.18
1 4 3 76.255 76.255
1 1 3 76.33 76.33
1 2 3 76.367 76.367
1 3 3 76.405 76.405
1 1 3 76.48 76.48
1 2 3 76.48 76.48
1 4 3 76.555 76.555
1 3 3 76.592 76.592
1 2 3 76.63 76.63
1 1 3 76.705 76.705
1 3 3 76.78 76.78
1 4 3 76.78 76.78
1 2 3 76.855 76.855
2 3 3 76.93 77.08
2 2 3 77.005 77.155
2 1 3 77.08 77.23
2 4 3 77.08 77.305
2 3 3 77.155 77.305
2 2 3 77.23 77.38
2 1 3 77.305 77.38
2 4 3 77.38 77.53
2 3 3 77.417 77.492
2 2 3 77.53 77.68
2 1 3 77.567 77.642
2 3 3 77.68 77.755
2 1 3 77.717 77.792
2 2 3 77.755 77.83
2 4 3 77.83 77.905
2 3 3 77.867 77.942
2 2 3 77.905 77.98
1 1 3 77.98 77.98
2 4 3 77.98 78.055
2 3 3 78.017 78.092
2 2 3 78.13 78.205
2 3 3 78.167 78.242
1 1 3 78.28 78.28
1 4 3 78.28 78.28
1 2 3 78.317 78.317
1 3 3 78.355 78.355
1 4 3 78.392 78.392
2 1 3 78.43 78.505
2 2 3 78.467 78.542
2 3 3 78.505 78.58
2 1 3 78.58 78.805
1 4 3 78.58 78.58
2 2 3 78.655 78.805
2 4 3 78.73 78.88
2 3 3 78.805 78.88
2 1 3 78.88 78.955
1 2 3 78.88 78.88
2 4 3 78.955 79.03
2 2 3 79.03 79.105
2 3 3 79.105 79.18
1 1 3 79.18 79.18
1 2 3 79.18 79.18
2 4 3 79.18 79.33
2 3 3 79.255 79.405
2 1 3 79.33 79.48
2 2 3 79.405 79.48
1 3 3 79.48 79.48
1 4 3 79.48 79.48
2 2 3 79.555 79.63
2 1 3 79.592 79.667
2 4 3 79.63 79.705
2 3 3 79.667 79.742
2 2 3 79.705 79.78
1 1 3 79.78 79.78
2 3 3 79.855 79.93
2 2 3 79.93 80.005
2 4 3 80.005 80.08
1 1 3 80.08 80.08
1 3 3 80.08 80.08
2 4 3 80.155 80.23
2 1 3 80.23 80.305
2 2 3 80.305 80.38
1 1 3 80.38 80.38
1 3 3 80.38 80.38
2 4 3 80.38 85.18
2 3 3 81.58 82.63
2 1 3 81.805 82.63
2 1 3 82.78 85.18
1 3 3 82.78 82.78
2 2 3 83.98 86.08
2 3 3 84.205 85.03
2 3 3 85.18 85.33
2 1 3 85.442 85.592
2 4 3 86.53 86.68
2 1 3 86.68 86.83
2 3 3 86.98 87.055
2 3 3 87.13 87.28
2 3 3 87.355 89.83
2 1 3 88.78 89.83
2 4 3 88.78 89.83
1 1 3 89.98 89.98
1 3 3 89.98 89.98
1 4 3 89.98 89.98
1 3 3 90.13 90.13
1 4 3 90.13 90.13
1 1 3 90.28 90.28
1 2 3 90.28 90.28
1 1 3 90.43 90.43
1 2 3 90.43 90.43
1 1 3 90.58 90.58
1 2 3 90.58 90.58
1 3 3 90.58 90.58
1 4 3 90.58 90.58
1 2 3 91.18 91.18
1 3 3 91.33 91.33
1 1 3 91.48 91.48
1 2 3 91.48 91.48
1 4 3 91.48 91.48
1 1 3 91.63 91.63
1 4 3 91.63 91.63
1 1 3 91.78 91.78
1 2 3 91.78 91.78
1 3 3 91.78 91.78
1 4 3 91.78 91.78
1 2 3 91.93 91.93
1 3 3 91.93 91.93
1 3 3 92.08 92.08
1 4 3 92.08 92.08
1 1 3 92.23 92.23
1 4 3 92.23 92.23
1 1 3 92.38 92.38
1 3 3 92.38 92.38
1 4 3 92.38 92.38
1 1 3 92.53 92.53
1 2 3 92.53 92.53
1 3 3 92.68 92.68
1 4 3 92.68 92.68
1 3 3 92.83 92.83
1 4 3 92.83 92.83
1 1 3 92.98 92.98
1 2 3 92.98 92.98
1 3 3 92.98 92.98
1 4 3 92.98 92.98
1 1 3 93.58 93.58
1 2 3 93.58 93.58
1 1 3 93.88 93.88
1 3 3 93.88 93.88
1 4 3 93.88 93.88
1 1 3 94.03 94.03
1 4 3 94.03 94.03
1 1 3 94.18 94.18
1 2 3 94.18 94.18
1 3 3 94.18 94.18
1 4 3 94.18 94.18
1 2 3 94.33 94.33
1 3 3 94.33 94.33
1 1 3 94.48 94.48
1 2 3 94.48 94.48
1 1 3 94.63 94.63
1 4 3 94.63 94.63
1 1 3 94.78 94.78
1 2 3 94.78 94.78
1 4 3 94.78 94.78
1 3 3 94.93 94.93
1 4 3 94.93 94.93
1 1 3 95.08 95.08
1 2 3 95.08 95.08
1 1 3 95.23 95.23
1 2 3 95.23 95.23
1 1 3 95.38 95.38
1 2 3 95.38 95.38
1 3 3 95.38 95.38
1 4 3 95.38 95.38
1 3 3 95.98 95.98
1 4 3 95.98 95.98
1 1 3 96.28 96.28
1 2 3 96.28 96.28
1 4 3 96.28 96.28
1 1 3 96.43 96.43
1 4 3 96.43 96.43
1 1 3 96.58 96.58
1 2 3 96.58 96.58
1 3 3 96.58 96.58
1 4 3 96.58 96.58
1 2 3 96.73 96.73
1 3 3 96.73 96.73
1 3 3 96.88 96.88
1 4 3 96.88 96.88
1 1 3 97.03 97.03
1 4 3 97.03 97.03
1 1 3 97.18 97.18
1 2 3 97.18 97.18
1 4 3 97.18 97.18
1 1 3 97.33 97.33
1 2 3 97.33 97.33
1 3 3 97.48 97.48
1 4 3 97.48 97.48
1 3 3 97.63 97.63
1 4 3 97.63 97.63
1 1 3 97.78 97.78
1 2 3 97.78 97.78
1 3 3 97.78 97.78
1 4 3 97.78 97.78
1 1 3 98.38 98.38
2 4 3 98.38 98.68
2 3 3 98.53 98.83
2 2 3 98.68 98.98
2 1 3 98.83 99.13
1 3 3 98.98 98.98
2 4 3 98.98 99.28
1 2 3 99.13 99.13
2 3 3 99.13 99.355
1 1 3 99.28 99.28
2 2 3 99.28 99.505
2 3 3 99.43 99.58
2 1 3 99.58 100.63
1 2 3 99.58 99.58
2 4 3 99.58 100.78
2 2 3 100.48 100.63
2 3 3 100.63 100.78
2 1 3 100.78 101.83
2 2 3 100.78 101.98
2 4 3 101.38 101.98
2 1 3 101.98 103.18
2 3 3 101.98 103.03
2 2 3 103.18 104.23
2 4 3 103.18 104.38
2 1 3 104.38 105.43
2 2 3 104.38 105.58
2 4 3 105.28 105.43
2 3 3 105.43 105.58
2 1 3 105.58 106.705
2 4 3 105.58 106.705
2 3 3 106.18 106.48
2 2 3 106.48 106.705
1 1 3 106.78 106.78
1 2 3 106.78 106.78
1 4 3 106.78 106.78
2 4 3 107.38 108.43
2 3 3 107.53 108.505
2 2 3 107.68 107.755
2 2 3 107.83 107.905
2 1 3 107.98 108.655
2 2 3 107.98 108.055
2 2 3 108.13 108.205
2 2 3 108.28 108.58
2 4 3 108.58 109.105
2 3 3 108.655 108.805
2 2 3 108.73 109.105
2 1 3 108.805 109.105
2 3 3 108.88 109.105
2 1 3 109.18 109.705
2 2 3 109.18 109.705
1 3 3 109.18 109.18
2 4 3 109.18 109.705
2 3 3 109.63 109.78
1 1 3 109.78 109.78
1 2 3 109.78 109.78
2 4 3 109.78 110.08
2 1 3 110.08 110.38
1 3 3 110.08 110.08
2 2 3 110.23 110.53
1 4 3 110.23 110.23
2 3 3 110.38 110.68
1 4 3 110.38 110.38
1 1 3 110.68 110.68
1 2 3 110.68 110.68
2 3 3 110.83 110.98
2 1 3 110.98 111.505
1 2 3 110.98 110.98
1 4 3 110.98 110.98
1 3 3 111.28 111.28
1 3 3 111.43 111.43
1 1 3 111.58 111.58
2 2 3 111.58 111.655
2 4 3 111.58 112.105
2 3 3 111.73 111.805
2 1 3 111.88 111.955
2 2 3 112.03 112.105
1 1 3 112.18 112.18
1 3 3 112.18 112.18
1 4 3 112.18 112.18
2 3 3 112.48 112.555
2 2 3 112.63 112.705
2 1 3 112.78 112.855
2 4 3 112.93 113.005
1 1 3 113.08 113.08
2 3 3 113.08 113.155
2 2 3 113.23 113.305
2 1 3 113.38 113.455
1 3 3 113.38 113.38
1 4 3 113.38 113.38
2 2 3 113.68 113.755
2 3 3 113.83 113.905
2 1 3 113.98 114.505
2 2 3 113.98 114.055
1 4 3 113.98 113.98
1 4 3 114.13 114.13
2 2 3 114.28 114.355
2 3 3 114.43 114.505
1 1 3 114.58 114.58
1 2 3 114.58 114.58
1 4 3 114.58 114.58
2 1 3 114.88 115.105
1 3 3 114.88 114.88
2 2 3 115.03 115.255
1 4 3 115.03 115.03
2 3 3 115.18 115.405
1 4 3 115.18 115.18
2 1 3 115.33 115.405
2 2 3 115.48 115.555
1 4 3 115.48 115.48
2 3 3 115.63 115.705
1 1 3 115.78 115.78
2 2 3 115.78 116.005
1 4 3 115.78 115.78
1 3 3 115.93 115.93
1 1 3 116.08 116.08
2 3 3 116.08 116.305
1 2 3 116.23 116.23
2 1 3 116.38 116.83
1 4 3 116.38 116.38
1 3 3 116.455 116.455
1 2 3 116.53 116.53
1 4 3 116.605 116.605
1 2 3 116.68 116.68
1 3 3 116.755 116.755
1 4 3 116.83 116.83
1 2 3 116.905 116.905
1 1 3 116.98 116.98
1 3 3 116.98 116.98
2 4 3 116.98 117.43
1 2 3 117.055 117.055
1 3 3 117.13 117.13
1 1 3 117.205 117.205
1 3 3 117.28 117.28
1 2 3 117.355 117.355
1 1 3 117.43 117.43
1 3 3 117.505 117.505
2 2 3 117.58 118.03
1 4 3 117.655 117.655
1 3 3 117.73 117.73
1 1 3 117.805 117.805
1 3 3 117.88 117.88
1 4 3 117.88 117.88
1 1 3 117.955 117.955
1 4 3 118.03 118.03
1 3 3 118.105 118.105
1 1 3 118.18 118.18
1 2 3 118.18 118.18
2 4 3 118.18 118.63
1 3 3 118.255 118.255
1 2 3 118.33 118.33
1 1 3 118.405 118.405
1 3 3 118.48 118.48
1 2 3 118.555 118.555
1 3 3 118.63 118.63
1 2 3 118.705 118.705
2 1 3 118.78 120.88
1 3 3 118.78 118.78
1 4 3 118.78 118.78
2 4 3 119.68 120.88
2 3 3 119.98 120.88
2 2 3 120.58 120.88
1 1 3 121.18 121.18
2 3 3 121.18 121.33
2 4 3 121.18 121.255
2 2 3 121.255 121.405
2 1 3 121.33 121.405
2 3 3 121.405 121.555
2 1 3 121.48 121.63
2 4 3 121.48 121.555
2 2 3 121.555 121.63
2 3 3 121.63 121.78
2 2 3 121.705 121.855
2 1 3 121.78 121.855
2 4 3 121.78 121.93
2 3 3 121.855 122.005
2 2 3 121.93 122.08
2 1 3 122.005 122.08
2 3 3 122.08 122.155
2 4 3 122.08 122.23
2 2 3 122.23 122.305
2 3 3 122.23 122.38
2 1 3 122.38 122.455
2 2 3 122.38 122.53
2 4 3 122.455 122.605
2 3 3 122.53 122.605
2 2 3 122.605 122.755
2 1 3 122.68 122.83
2 4 3 122.68 122.755
2 3 3 122.755 122.83
2 2 3 122.83 122.98
2 3 3 122.905 123.055
2 1 3 122.98 123.13
2 4 3 122.98 123.055
2 2 3 123.055 123.205
2 3 3 123.13 123.28
2 4 3 123.205 123.28
2 1 3 123.28 123.43
2 2 3 123.28 123.355
2 3 3 123.43 123.58
2 4 3 123.43 123.505
2 1 3 123.58 123.73
2 2 3 123.58 123.655
2 4 3 123.655 123.805
2 3 3 123.73 123.805
2 1 3 123.805 123.955
2 2 3 123.88 124.03
2 4 3 123.88 123.955
2 3 3 123.955 124.03
2 1 3 124.03 124.18
2 3 3 124.105 124.255
2 2 3 124.18 124.33
2 4 3 124.18 124.255
2 1 3 124.255 124.405
2 4 3 124.33 124.48
2 3 3 124.405 124.48
2 1 3 124.48 124.63
2 2 3 124.48 124.555
2 2 3 124.63 124.78
2 3 3 124.63 124.705
2 3 3 124.78 124.93
2 4 3 124.78 124.855
2 1 3 124.855 125.005
2 4 3 124.93 125.005
2 2 3 125.005 125.155
2 1 3 125.08 125.155
2 3 3 125.08 125.23
2 4 3 125.155 125.23
2 2 3 125.23 125.305
2 3 3 125.305 125.38
2 1 3 125.38 125.53
2 2 3 125.38 125.455
1 4 3 125.38 125.38
2 3 3 125.53 125.605
2 4 3 125.53 125.68
1 1 3 125.68 125.68
2 2 3 125.68 125.755
2 3 3 125.68 125.83
2 2 3 125.83 125.98
2 1 3 125.83 125.905
2 3 3 125.98 126.055
2 4 3 125.98 126.13
2 1 3 126.055 126.205
2 2 3 126.13 126.205
2 4 3 126.205 126.355
2 1 3 126.28 126.355
2 2 3 126.28 126.43
2 3 3 126.355 126.43
2 4 3 126.43 126.58
2 3 3 126.505 126.655
2 1 3 126.58 126.655
2 2 3 126.58 126.73
2 4 3 126.655 126.805
2 1 3 126.73 126.88
2 2 3 126.805 126.88
2 3 3 126.88 127.03
2 4 3 126.88 126.955
2 1 3 127.03 127.18
2 2 3 127.03 127.105
2 2 3 127.18 127.33
2 3 3 127.18 127.255
2 1 3 127.255 127.405
2 4 3 127.33 127.405
2 2 3 127.405 127.555
2 1 3 127.48 127.555
2 3 3 127.48 127.63
2 4 3 127.555 127.63
2 2 3 127.63 127.78
2 1 3 127.705 127.855
2 3 3 127.78 127.93
2 4 3 127.78 127.855
2 2 3 127.855 128.005
2 4 3 127.93 128.08
2 3 3 128.005 128.08
2 1 3 128.08 128.23
2 2 3 128.08 128.155
2 3 3 128.23 128.305
2 4 3 128.23 128.38
2 1 3 128.38 128.53
2 2 3 128.38 128.455
2 4 3 128.455 128.605
2 3 3 128.53 128.605
2 1 3 128.605 128.755
2 3 3 128.68 128.83
2 4 3 128.68 128.755
2 2 3 128.755 128.83
2 1 3 128.83 128.98
2 2 3 128.905 128.98
2 3 3 128.98 129.055
2 4 3 128.98 129.13
2 1 3 129.055 129.205
2 2 3 129.13 129.28
2 4 3 129.205 129.355
2 1 3 129.28 129.355
2 3 3 129.28 129.43
2 2 3 129.355 129.43
2 4 3 129.43 129.58
2 3 3 129.505 129.58
2 1 3 129.58 129.73
2 2 3 129.58 129.655
2 4 3 129.655 129.805
2 3 3 129.73 129.805
2 1 3 129.805 129.955
2 2 3 129.88 129.955
1 3 3 129.88 129.88
2 1 3 130.03 130.18
2 2 3 130.03 130.105
2 3 3 130.18 130.33
2 4 3 130.18 130.255
2 1 3 130.255 130.405
2 2 3 130.33 130.405
2 3 3 130.405 130.555
1 1 3 130.48 130.48
2 4 3 130.48 130.555
2 3 3 130.63 130.78
2 4 3 130.63 130.705
2 1 3 130.78 130.855
2 2 3 130.78 130.93
1 4 3 130.78 130.78
2 3 3 130.855 131.005
2 1 3 130.93 131.005
2 2 3 131.005 131.155
2 3 3 131.08 131.155
2 4 3 131.08 131.23
2 1 3 131.155 131.305
2 2 3 131.23 131.38
2 4 3 131.305 131.38
2 1 3 131.38 131.455
2 3 3 131.38 131.53
2 2 3 131.455 131.605
2 4 3 131.53 131.68
2 3 3 131.605 131.68
2 1 3 131.68 131.755
2 2 3 131.68 131.83
2 3 3 131.83 131.905
2 4 3 131.83 131.98
2 1 3 131.98 132.13
2 2 3 131.98 132.055
2 3 3 132.055 132.205
2 4 3 132.13 132.205
2 1 3 132.205 132.355
2 2 3 132.28 132.43
2 4 3 132.28 132.355
2 3 3 132.355 132.43
2 1 3 132.43 132.58
2 4 3 132.505 132.655
2 2 3 132.58 132.73
2 3 3 132.58 132.655
2 1 3 132.655 132.805
2 3 3 132.73 132.88
2 4 3 132.805 132.88
2 1 3 132.88 133.03
2 2 3 132.88 132.955
2 2 3 133.03 133.18
2 3 3 133.03 133.105
2 3 3 133.18 133.33
2 4 3 133.18 133.255
2 1 3 133.255 133.405
2 2 3 133.33 133.405
2 3 3 133.405 133.555
2 1 3 133.48 133.555
2 2 3 133.48 133.63
2 4 3 133.555 133.63
2 3 3 133.63 133.78
2 2 3 133.705 133.855
2 1 3 133.78 133.93
2 4 3 133.78 133.855
2 3 3 133.855 134.005
2 4 3 133.93 134.08
2 1 3 134.005 134.08
2 2 3 134.08 134.155
2 3 3 134.08 134.23
2 1 3 134.23 134.305
2 2 3 134.23 134.38
2 3 3 134.38 134.455
2 4 3 134.38 134.53
2 1 3 134.455 134.53
2 2 3 134.53 134.605
2 3 3 134.605 134.755
1 1 3 134.68 134.68
2 4 3 134.68 134.83
2 2 3 134.755 134.905
2 1 3 134.83 134.905
2 3 3 134.905 134.98
2 1 3 134.98 135.13
2 2 3 134.98 135.055
1 4 3 134.98 134.98
2 3 3 135.13 135.205
2 4 3 135.13 135.28
1 1 3 135.28 135.28
2 2 3 135.28 135.355
2 3 3 135.28 135.43
2 1 3 135.43 135.505
2 2 3 135.43 135.58
2 3 3 135.58 135.73
2 4 3 135.58 135.655
2 2 3 135.655 135.805
2 1 3 135.73 135.805
2 3 3 135.805 135.955
2 1 3 135.88 135.955
2 2 3 135.88 136.03
2 4 3 135.955 136.03
2 3 3 136.03 136.18
2 1 3 136.105 136.255
2 2 3 136.18 136.255
2 4 3 136.18 136.33
2 3 3 136.255 136.405
2 1 3 136.33 136.48
2 2 3 136.405 136.48
2 3 3 136.48 136.63
2 4 3 136.48 136.555
2 1 3 136.63 136.705
2 2 3 136.63 136.78
2 3 3 136.78 136.855
2 4 3 136.78 136.93
2 1 3 136.855 137.005
2 2 3 136.93 137.005
2 4 3 137.005 137.155
2 1 3 137.08 137.155
2 2 3 137.08 137.23
2 3 3 137.155 137.23
2 4 3 137.23 137.38
2 1 3 137.305 137.455
2 2 3 137.38 137.455
2 3 3 137.38 137.53
2 4 3 137.455 137.605
2 1 3 137.53 137.68
2 2 3 137.605 137.68
2 3 3 137.68 137.755
2 4 3 137.68 137.83
2 2 3 137.83 137.905
2 3 3 137.83 137.98
2 1 3 137.98 138.13
2 2 3 137.98 138.055
2 4 3 138.055 138.205
2 3 3 138.13 138.205
2 1 3 138.205 138.355
2 3 3 138.28 138.43
1 4 3 138.28 138.28
2 2 3 138.355 138.505
2 1 3 138.43 138.58
2 4 3 138.505 138.58
2 2 3 138.58 138.73
2 3 3 138.58 138.655
2 1 3 138.655 138.805
2 4 3 138.73 138.88
2 2 3 138.805 138.955
2 1 3 138.88 138.955
2 3 3 138.88 139.03
2 4 3 138.955 139.03
2 2 3 139.03 139.18
2 1 3 139.105 139.18
2 3 3 139.18 139.255
2 4 3 139.18 139.33
2 1 3 139.255 139.405
2 2 3 139.33 139.405
2 4 3 139.405 139.555
2 3 3 139.48 139.63
2 2 3 139.555 139.63
2 4 3 139.63 139.78
2 1 3 139.78 139.93
2 2 3 139.78 139.855
2 4 3 139.855 140.005
2 3 3 139.93 140.005
2 1 3 140.005 140.155
2 3 3 140.08 140.305
2 4 3 140.155 140.305
2 1 3 140.23 140.305
1 1 3 140.38 140.38
2 3 3 140.38 140.53
2 4 3 140.38 140.455
2 2 3 140.455 140.605
2 1 3 140.53 140.605
2 3 3 140.605 140.755
2 1 3 140.68 140.83
2 4 3 140.68 140.755
2 2 3 140.755 140.83
2 3 3 140.83 140.98
2 2 3 140.905 141.055
2 1 3 140.98 141.055
2 4 3 140.98 141.13
2 3 3 141.055 141.205
2 1 3 141.13 141.28
2 2 3 141.205 141.28
2 3 3 141.28 141.355
2 4 3 141.28 141.43
2 2 3 141.43 141.505
2 3 3 141.43 141.58
2 1 3 141.58 141.655
2 2 3 141.58 141.73
2 4 3 141.655 141.805
2 3 3 141.73 141.805
2 2 3 141.805 141.955
2 1 3 141.88 142.03
2 4 3 141.88 141.955
2 3 3 141.955 142.03
2 2 3 142.03 142.18
2 3 3 142.105 142.255
2 1 3 142.18 142.33
2 4 3 142.18 142.255
2 2 3 142.255 142.405
2 3 3 142.33 142.48
2 4 3 142.405 142.48
2 1 3 142.48 142.63
2 2 3 142.48 142.555
2 3 3 142.63 142.78
2 4 3 142.63 142.705
2 1 3 142.78 142.93
2 2 3 142.78 142.855
2 4 3 142.855 143.005
2 3 3 142.93 143.005
2 1 3 143.005 143.155
2 2 3 143.08 143.23
2 4 3 143.08 143.155
2 3 3 143.155 143.23
2 1 3 143.23 143.38
2 3 3 143.305 143.455
2 2 3 143.38 143.53
2 4 3 143.38 143.455
2 1 3 143.455 143.605
2 4 3 143.53 143.68
2 3 3 143.605 143.68
2 1 3 143.68 143.83
2 2 3 143.68 143.755
2 2 3 143.83 143.98
2 3 3 143.83 143.905
2 3 3 143.98 144.13
2 4 3 143.98 144.055
2 1 3 144.055 144.205
2 4 3 144.13 144.205
2 2 3 144.205 144.355
2 1 3 144.28 144.355
2 3 3 144.28 144.43
2 4 3 144.355 144.43
2 1 3 144.43 144.505
2 3 3 144.505 144.58
2 1 3 144.58 144.73
2 2 3 144.58 144.655
1 4 3 144.58 144.58
2 3 3 144.73 144.805
2 4 3 144.73 144.88
1 1 3 144.88 144.88
2 2 3 144.88 144.955
2 3 3 144.88 145.03
2 1 3 145.03 145.18
2 2 3 145.03 145.105
2 3 3 145.18 145.255
2 4 3 145.18 145.33
2 1 3 145.255 145.405
2 2 3 145.33 145.405
2 4 3 145.405 145.555
2 1 3 145.48 145.555
2 2 3 145.48 145.63
2 3 3 145.555 145.63
2 4 3 145.63 145.78
2 3 3 145.705 145.855
2 1 3 145.78 145.855
2 2 3 145.78 145.93
2 4 3 145.855 146.005
2 1 3 145.93 146.08
2 2 3 146.005 146.08
2 3 3 146.08 146.23
2 4 3 146.08 146.155
2 1 3 146.23 146.38
2 2 3 146.23 146.305
2 2 3 146.38 146.53
2 3 3 146.38 146.455
2 1 3 146.455 146.605
2 4 3 146.53 146.605
2 2 3 146.605 146.755
2 1 3 146.68 146.755
2 3 3 146.68 146.83
2 4 3 146.755 146.83
2 2 3 146.83 146.98
2 1 3 146.905 147.055
2 3 3 146.98 147.13
2 4 3 146.98 147.055
2 2 3 147.055 147.205
2 4 3 147.13 147.28
2 3 3 147.205 147.28
2 1 3 147.28 147.43
2 2 3 147.28 147.355
2 3 3 147.43 147.505
2 4 3 147.43 147.58
2 1 3 147.58 147.73
2 2 3 147.58 147.655
2 4 3 147.655 147.805
2 3 3 147.73 147.805
2 1 3 147.805 147.955
2 3 3 147.88 148.03
2 4 3 147.88 147.955
2 2 3 147.955 148.03
2 1 3 148.03 148.18
2 2 3 148.105 148.255
2 3 3 148.18 148.255
2 4 3 148.18 148.33
2 1 3 148.255 148.405
2 2 3 148.33 148.48
2 4 3 148.405 148.555
2 1 3 148.48 148.555
2 3 3 148.48 148.63
2 2 3 148.555 148.63
2 4 3 148.63 148.78
2 3 3 148.705 148.78
2 1 3 148.78 148.93
2 2 3 148.78 148.855
2 4 3 148.855 149.005
2 3 3 148.93 149.005
2 1 3 149.005 149.155
2 2 3 149.08 149.155
1 3 3 149.08 149.08
2 1 3 149.23 149.38
2 2 3 149.23 149.305
2 3 3 149.38 149.53
2 4 3 149.38 149.455
2 2 3 149.455 149.605
2 1 3 149.53 149.605
2 3 3 149.605 149.755
1 1 3 149.68 149.68
2 4 3 149.68 149.755
2 3 3 149.83 149.98
2 4 3 149.83 149.905
2 1 3 149.98 150.055
2 2 3 149.98 150.13
1 4 3 149.98 149.98
2 3 3 150.055 150.205
2 1 3 150.13 150.205
2 2 3 150.205 150.355
2 3 3 150.28 150.43
2 4 3 150.28 150.355
2 1 3 150.355 150.505
2 2 3 150.43 150.58
2 3 3 150.505 150.58
2 1 3 150.58 150.655
2 4 3 150.58 150.73
2 2 3 150.655 150.805
2 3 3 150.73 150.88
2 4 3 150.805 150.88
2 1 3 150.88 150.955
2 2 3 150.88 151.03
2 3 3 151.03 151.105
2 4 3 151.03 151.18
2 1 3 151.18 151.33
2 2 3 151.18 151.255
2 3 3 151.255 151.405
2 4 3 151.33 151.405
2 1 3 151.405 151.555
2 2 3 151.48 151.63
2 4 3 151.48 151.555
2 3 3 151.555 151.63
2 1 3 151.63 151.78
2 4 3 151.705 151.855
2 2 3 151.78 151.93
2 3 3 151.78 151.855
2 1 3 151.855 152.005
2 3 3 151.93 152.08
2 4 3 152.005 152.08
2 1 3 152.08 152.23
2 2 3 152.08 152.155
2 2 3 152.23 152.38
2 3 3 152.23 152.305
2 1 3 152.38 152.455
2 4 3 152.38 152.53
2 3 3 152.455 152.605
2 2 3 152.53 152.68
2 4 3 152.605 152.755
2 1 3 152.68 152.755
2 3 3 152.68 152.83
2 2 3 152.755 152.905
2 4 3 152.83 152.98
2 1 3 152.905 153.055
2 2 3 152.98 153.055
2 3 3 152.98 153.13
2 4 3 153.055 153.205
2 1 3 153.13 153.28
2 2 3 153.205 153.28
2 3 3 153.28 153.355
2 4 3 153.28 153.43
2 1 3 153.43 153.58
2 2 3 153.43 153.505
2 3 3 153.58 153.655
2 4 3 153.58 153.73
2 1 3 153.655 153.73
2 2 3 153.73 153.805
2 3 3 153.805 153.955
1 1 3 153.88 153.88
2 4 3 153.88 154.03
2 2 3 153.955 154.105
2 1 3 154.03 154.105
2 3 3 154.105 154.18
2 1 3 154.18 154.33
2 2 3 154.18 154.255
1 4 3 154.18 154.18
2 3 3 154.33 154.405
2 4 3 154.33 154.48
1 1 3 154.48 154.48
2 2 3 154.48 154.555
2 3 3 154.48 154.63
2 1 3 154.63 154.705
2 2 3 154.63 154.78
2 3 3 154.78 154.93
2 4 3 154.78 154.855
2 2 3 154.855 155.005
2 1 3 154.93 155.005
2 3 3 155.005 155.155
2 1 3 155.08 155.155
2 2 3 155.08 155.23
2 4 3 155.155 155.23
2 3 3 155.23 155.38
2 1 3 155.305 155.455
2 2 3 155.38 155.455
2 4 3 155.38 155.53
2 3 3 155.455 155.605
2 1 3 155.53 155.68
2 2 3 155.605 155.68
2 3 3 155.68 155.83
2 4 3 155.68 155.755
2 1 3 155.83 155.905
2 2 3 155.83 155.98
2 3 3 155.98 156.055
2 4 3 155.98 156.13
2 1 3 156.055 156.205
2 2 3 156.13 156.205
2 4 3 156.205 156.355
2 1 3 156.28 156.355
2 2 3 156.28 156.43
2 3 3 156.355 156.43
2 4 3 156.43 156.58
2 1 3 156.505 156.655
2 2 3 156.58 156.655
2 3 3 156.58 156.73
2 4 3 156.655 156.805
2 1 3 156.73 156.88
2 2 3 156.805 156.88
2 3 3 156.88 156.955
2 4 3 156.88 157.03
2 2 3 157.03 157.105
2 3 3 157.03 157.18
2 1 3 157.18 157.33
2 2 3 157.18 157.255
2 4 3 157.255 157.405
2 3 3 157.33 157.405
2 1 3 157.405 157.555
2 3 3 157.48 157.63
1 4 3 157.48 157.48
2 2 3 157.555 157.705
2 1 3 157.63 157.78
2 4 3 157.705 157.855
2 2 3 157.78 157.93
2 3 3 157.78 157.855
2 1 3 157.855 158.005
2 4 3 157.93 158.08
2 2 3 158.005 158.155
2 1 3 158.08 158.155
2 3 3 158.08 158.23
2 4 3 158.155 158.23
2 2 3 158.23 158.38
2 1 3 158.305 158.38
2 3 3 158.38 158.455
2 4 3 158.38 158.53
2 1 3 158.455 158.53
2 2 3 158.53 158.605
2 4 3 158.605 158.755
2 3 3 158.68 158.755
2 3 3 158.83 158.905
2 1 3 158.98 159.13
2 2 3 158.98 159.055
2 4 3 159.055 159.13
2 3 3 159.13 159.205
2 1 3 159.205 159.355
2 2 3 159.28 159.355
2 2 3 159.43 159.505
2 1 3 159.58 159.767
2 2 3 159.58 159.805
2 4 3 159.58 159.88
2 3 3 159.73 159.842
2 1 3 159.88 160.03
2 2 3 159.917 160.067
2 3 3 159.955 160.105
2 4 3 159.992 160.142
1 1 3 160.105 160.105
2 2 3 160.18 160.33
1 3 3 160.18 160.18
2 1 3 160.255 160.33
1 4 3 160.33 160.33
1 3 3 160.367 160.367
1 2 3 160.405 160.405
1 3 3 160.48 160.48
1 4 3 160.48 160.48
1 1 3 160.555 160.555
1 2 3 160.592 160.592
1 3 3 160.63 160.63
1 1 3 160.705 160.705
1 3 3 160.78 160.78
1 4 3 160.78 160.78
1 2 3 160.817 160.817
1 1 3 160.855 160.855
1 4 3 160.93 160.93
1 3 3 160.967 160.967
1 2 3 161.005 161.005
1 1 3 161.08 161.08
1 4 3 161.08 161.08
1 3 3 161.155 161.155
1 1 3 161.23 161.23
1 4 3 161.23 161.23
1 2 3 161.305 161.305
1 1 3 161.38 161.38
2 4 3 161.38 161.53
2 3 3 161.417 161.492
2 1 3 161.53 161.68
2 2 3 161.567 161.642
2 3 3 161.68 161.755
2 2 3 161.717 161.792
2 1 3 161.755 161.83
2 4 3 161.83 161.905
2 3 3 161.867 161.942
2 2 3 161.905 161.98
1 1 3 161.98 161.98
1 4 3 161.98 161.98
1 2 3 162.13 162.13
1 3 3 162.13 162.13
1 4 3 162.205 162.205
1 1 3 162.28 162.28
2 2 3 162.28 162.355
2 3 3 162.317 162.392
2 4 3 162.355 162.505
1 2 3 162.43 162.43
1 3 3 162.505 162.505
1 1 3 162.58 162.58
1 2 3 162.58 162.58
1 4 3 162.655 162.655
2 1 3 162.73 162.805
2 2 3 162.767 162.842
2 3 3 162.805 162.955
1 1 3 162.88 162.88
1 4 3 162.88 162.88
1 2 3 162.955 162.955
1 4 3 163.03 163.03
1 2 3 163.105 163.105
1 3 3 163.18 163.18
1 4 3 163.217 163.217
1 1 3 163.255 163.255
1 2 3 163.292 163.292
1 3 3 163.33 163.33
1 4 3 163.367 163.367
1 1 3 163.405 163.405
1 2 3 163.442 163.442
2 3 3 163.48 163.555
1 4 3 163.48 163.48
2 1 3 163.555 163.63
2 3 3 163.63 163.705
2 1 3 163.705 163.78
1 3 3 163.78 163.78
1 4 3 163.78 163.78
1 2 3 163.855 163.855
2 4 3 163.93 164.08
2 3 3 164.005 164.08
2 1 3 164.08 164.155
2 2 3 164.117 164.192
2 3 3 164.155 164.23
2 4 3 164.192 164.267
1 1 3 164.23 164.23
1 2 3 164.305 164.305
2 1 3 164.38 164.755
2 3 3 164.38 164.68
2 4 3 164.38 164.53
2 2 3 164.53 164.68
2 4 3 164.68 164.83
2 3 3 164.755 164.83
1 1 3 164.83 164.83
1 2 3 164.867 164.867
1 4 3 164.905 164.905
1 3 3 164.942 164.942
1 1 3 164.98 164.98
1 2 3 164.98 164.98
1 4 3 165.055 165.055
1 1 3 165.13 165.13
1 2 3 165.167 165.167
1 3 3 165.205 165.205
1 1 3 165.28 165.28
1 2 3 165.28 165.28
1 4 3 165.355 165.355
1 3 3 165.392 165.392
1 2 3 165.43 165.43
1 1 3 165.505 165.505
1 3 3 165.58 165.58
1 4 3 165.58 165.58
1 2 3 165.617 165.617
1 1 3 165.655 165.655
1 4 3 165.73 165.73
1 3 3 165.767 165.767
1 2 3 165.805 165.805
1 3 3 165.88 165.88
1 4 3 165.88 165.88
1 1 3 165.955 165.955
1 2 3 166.03 166.03
1 3 3 166.03 166.03
1 4 3 166.105 166.105
2 1 3 166.18 166.33
1 3 3 166.18 166.18
2 2 3 166.217 166.292
2 4 3 166.33 166.48
2 3 3 166.367 166.442
2 2 3 166.48 166.555
2 3 3 166.517 166.592
2 4 3 166.555 166.63
2 1 3 166.63 166.705
2 2 3 166.667 166.742
2 3 3 166.705 166.78
1 1 3 166.78 166.78
1 4 3 166.78 166.78
1 3 3 166.93 166.93
1 4 3 166.93 166.93
1 2 3 167.005 167.005
1 1 3 167.08 167.08
2 4 3 167.08 167.155
2 3 3 167.117 167.192
2 2 3 167.155 167.305
1 4 3 167.23 167.23
1 3 3 167.305 167.305
1 1 3 167.38 167.38
1 2 3 167.38 167.38
1 4 3 167.455 167.455
2 1 3 167.53 167.605
2 2 3 167.567 167.642
2 3 3 167.605 167.755
1 1 3 167.68 167.68
1 4 3 167.68 167.68
1 2 3 167.755 167.755
1 4 3 167.83 167.83
1 3 3 167.905 167.905
1 1 3 167.98 167.98
1 2 3 168.017 168.017
1 4 3 168.055 168.055
1 3 3 168.092 168.092
1 1 3 168.13 168.13
1 2 3 168.167 168.167
1 4 3 168.205 168.205
1 3 3 168.242 168.242
1 1 3 168.28 168.28
2 2 3 168.28 168.355
2 4 3 168.355 168.43
2 2 3 168.43 168.505
2 3 3 168.505 168.58
2 1 3 168.58 168.805
2 2 3 168.655 168.805
2 3 3 168.73 168.805
2 4 3 168.73 168.88
2 2 3 168.88 169.105
2 3 3 168.88 169.03
2 1 3 168.955 169.105
2 4 3 169.03 169.105
2 3 3 169.105 169.18
2 1 3 169.18 169.367
2 2 3 169.18 169.405
2 4 3 169.18 169.48
2 3 3 169.33 169.442
2 1 3 169.48 169.63
2 4 3 169.555 169.705
2 2 3 169.63 169.705
2 3 3 169.705 169.78
2 2 3 169.78 169.93
1 4 3 169.78 169.78
2 1 3 169.855 169.93
1 4 3 169.93 169.93
1 3 3 169.967 169.967
1 2 3 170.005 170.005
1 3 3 170.08 170.08
1 4 3 170.08 170.08
1 1 3 170.155 170.155
1 2 3 170.192 170.192
1 3 3 170.23 170.23
1 1 3 170.305 170.305
1 3 3 170.38 170.38
1 4 3 170.38 170.38
1 2 3 170.417 170.417
1 1 3 170.455 170.455
1 4 3 170.53 170.53
1 3 3 170.567 170.567
1 2 3 170.605 170.605
1 1 3 170.68 170.68
1 4 3 170.68 170.68
1 3 3 170.755 170.755
1 1 3 170.83 170.83
1 4 3 170.83 170.83
1 2 3 170.905 170.905
1 1 3 170.98 170.98
2 4 3 170.98 171.13
2 3 3 171.017 171.092
2 1 3 171.13 171.28
2 2 3 171.167 171.242
2 3 3 171.28 171.355
2 2 3 171.317 171.392
2 1 3 171.355 171.43
2 4 3 171.43 171.505
2 3 3 171.467 171.542
2 2 3 171.505 171.58
2 1 3 171.58 171.805
2 4 3 171.58 171.805
2 3 3 171.655 171.805
2 2 3 171.73 171.805
1 1 3 171.88 171.88
2 4 3 171.88 171.955
2 3 3 171.917 171.992
2 2 3 172.03 172.105
2 3 3 172.067 172.142
2 2 3 172.18 172.255
1 4 3 172.18 172.18
2 1 3 172.217 172.292
2 3 3 172.33 172.405
2 4 3 172.367 172.442
1 1 3 172.48 172.48
1 2 3 172.48 172.48
1 4 3 172.555 172.555
1 1 3 172.63 172.63
1 3 3 172.705 172.705
1 2 3 172.78 172.78
1 1 3 172.817 172.817
1 4 3 172.855 172.855
1 3 3 172.892 172.892
1 2 3 172.93 172.93
1 1 3 172.967 172.967
1 4 3 173.005 173.005
1 3 3 173.042 173.042
2 1 3 173.08 173.155
1 2 3 173.08 173.08
2 3 3 173.155 173.23
2 2 3 173.23 173.305
2 4 3 173.305 173.38
1 1 3 173.38 173.38
1 3 3 173.38 173.38
1 2 3 173.455 173.455
2 4 3 173.53 173.68
2 3 3 173.605 173.68
2 1 3 173.68 173.755
2 2 3 173.717 173.792
2 3 3 173.755 173.83
2 4 3 173.792 173.867
1 1 3 173.83 173.83
1 2 3 173.905 173.905
2 1 3 173.98 174.13
2 3 3 173.98 174.28
2 4 3 173.98 174.355
2 2 3 174.13 174.28
2 1 3 174.28 174.43
2 2 3 174.355 174.43
1 3 3 174.43 174.43
1 4 3 174.467 174.467
1 1 3 174.505 174.505
1 2 3 174.542 174.542
1 3 3 174.58 174.58
1 4 3 174.58 174.58
1 1 3 174.655 174.655
1 4 3 174.73 174.73
1 3 3 174.767 174.767
1 2 3 174.805 174.805
1 3 3 174.88 174.88
1 4 3 174.88 174.88
1 1 3 174.955 174.955
1 2 3 174.992 174.992
1 3 3 175.03 175.03
1 4 3 175.105 175.105
1 1 3 175.18 175.18
1 2 3 175.18 175.18
1 3 3 175.217 175.217
1 4 3 175.255 175.255
2 2 3 175.33 175.48
2 3 3 175.405 175.555
2 1 3 175.48 175.705
2 4 3 175.48 175.63
2 2 3 175.555 175.705
2 3 3 175.63 175.78
2 4 3 175.705 175.78
2 2 3 175.78 175.93
2 1 3 175.817 175.892
2 4 3 175.93 176.08
2 3 3 175.967 176.042
2 2 3 176.08 176.155
2 3 3 176.117 176.192
2 4 3 176.155 176.23
2 1 3 176.23 176.305
2 2 3 176.267 176.342
2 3 3 176.305 176.38
2 1 3 176.38 176.455
2 2 3 176.417 176.492
2 4 3 176.53 176.605
2 3 3 176.567 176.642
1 1 3 176.68 176.68
1 4 3 176.68 176.68
1 3 3 176.717 176.717
1 2 3 176.755 176.755
1 1 3 176.792 176.792
2 4 3 176.83 176.905
2 3 3 176.867 176.942
2 2 3 176.905 176.98
1 1 3 176.98 176.98
2 4 3 176.98 177.205
2 3 3 177.055 177.205
2 1 3 177.13 177.28
2 2 3 177.205 177.28
1 3 3 177.28 177.28
2 4 3 177.28 177.355
2 1 3 177.355 177.43
2 3 3 177.43 177.505
2 2 3 177.505 177.58
2 1 3 177.58 177.73
1 3 3 177.58 177.58
1 4 3 177.58 177.58
2 2 3 177.655 177.73
2 4 3 177.73 177.88
2 3 3 177.805 177.88
1 1 3 177.88 177.88
1 2 3 177.88 177.88
2 3 3 177.955 178.03
2 4 3 177.992 178.067
2 1 3 178.03 178.105
2 2 3 178.067 178.142
2 3 3 178.105 178.18
1 4 3 178.18 178.18
2 2 3 178.255 178.33
2 3 3 178.33 178.405
2 1 3 178.405 178.48
1 2 3 178.48 178.48
1 4 3 178.48 178.48
2 1 3 178.555 178.63
2 4 3 178.63 178.705
2 3 3 178.705 178.78
1 1 3 178.78 178.78
1 2 3 178.78 178.78
1 4 3 178.78 178.78
