1 1 3 0.591133 0.591133
1 4 3 1.18227 1.18227
1 2 3 1.40394 1.40394
1 3 3 1.62562 1.62562
1 1 3 1.7734 1.7734
1 2 3 2.36453 2.36453
1 3 3 2.6601 2.6601
1 1 3 2.95567 2.95567
1 4 3 3.25123 3.25123
1 3 3 3.5468 3.5468
1 2 3 3.84236 3.84236
1 4 3 4.13793 4.13793
1 3 3 4.72906 4.72906
1 1 3 5.3202 5.3202
1 4 3 5.91133 5.91133
1 2 3 6.13301 6.13301
1 3 3 6.35468 6.35468
1 1 3 6.50246 6.50246
1 2 3 7.0936 7.0936
1 3 3 7.38916 7.38916
1 1 3 7.68473 7.68473
1 3 3 7.9803 7.9803
1 4 3 8.27586 8.27586
1 2 3 8.57143 8.57143
1 4 3 8.86699 8.86699
1 3 3 9.31034 9.31034
1 2 3 9.75369 9.75369
1 1 3 10.0493 10.0493
1 4 3 10.6404 10.6404
1 2 3 10.8621 10.8621
1 3 3 11.0837 11.0837
1 1 3 11.2315 11.2315
1 2 3 11.8227 11.8227
1 3 3 12.1182 12.1182
1 1 3 12.4138 12.4138
1 4 3 12.7094 12.7094
1 2 3 13.0049 13.0049
1 1 3 13.3005 13.3005
1 3 3 13.5961 13.5961
1 2 3 14.1872 14.1872
1 1 3 14.7783 14.7783
1 4 3 15.3695 15.3695
1 2 3 15.5911 15.5911
1 3 3 15.8128 15.8128
1 1 3 15.9606 15.9606
1 2 3 16.5517 16.5517
1 3 3 16.8473 16.8473
1 1 3 17.1429 17.1429
1 3 3 17.4384 17.4384
1 4 3 17.734 17.734
1 2 3 18.0296 18.0296
1 1 3 18.3251 18.3251
1 4 3 18.3251 18.3251
1 2 3 18.5468 18.5468
1 3 3 18.7685 18.7685
1 1 3 18.9163 18.9163
1 3 3 19.1379 19.1379
1 2 3 19.3596 19.3596
1 1 3 19.5074 19.5074
1 4 3 19.5074 19.5074
1 2 3 19.5813 19.5813
1 3 3 19.6552 19.6552
1 4 3 19.7291 19.7291
1 1 3 19.803 19.803
1 2 3 19.8768 19.8768
1 3 3 19.9507 19.9507
1 2 3 20.0246 20.0246
1 1 3 20.0985 20.0985
1 2 3 20.1724 20.1724
1 3 3 20.2463 20.2463
1 4 3 20.3202 20.3202
1 1 3 20.3941 20.3941
1 2 3 20.468 20.468
1 3 3 20.5419 20.5419
1 2 3 20.6158 20.6158
1 1 3 20.6897 20.6897
1 2 3 20.7635 20.7635
1 3 3 20.8374 20.8374
1 4 3 20.9113 20.9113
1 2 3 20.9852 20.9852
1 3 3 21.0591 21.0591
1 4 3 21.133 21.133
1 3 3 21.2069 21.2069
1 2 3 21.2808 21.2808
1 3 3 21.3547 21.3547
1 4 3 21.4286 21.4286
1 3 3 21.5025 21.5025
1 2 3 21.5764 21.5764
1 3 3 21.6502 21.6502
1 2 3 21.7241 21.7241
1 1 3 21.798 21.798
1 2 3 21.8719 21.8719
1 3 3 21.9458 21.9458
1 1 3 22.0197 22.0197
1 4 3 22.0936 22.0936
1 2 3 22.1675 22.1675
1 3 3 22.2414 22.2414
1 1 3 22.3153 22.3153
1 3 3 22.3892 22.3892
1 2 3 22.4631 22.4631
1 3 3 22.5369 22.5369
1 1 3 22.6108 22.6108
1 4 3 22.6847 22.6847
1 2 3 22.7586 22.7586
1 3 3 22.8325 22.8325
1 4 3 22.9064 22.9064
1 2 3 22.9803 22.9803
1 4 3 23.0542 23.0542
1 2 3 23.1281 23.1281
1 3 3 23.202 23.202
1 1 3 23.2759 23.2759
1 4 3 23.3498 23.3498
1 2 3 23.4236 23.4236
1 3 3 23.4975 23.4975
1 1 3 23.5714 23.5714
1 2 3 23.6453 23.6453
1 3 3 23.7192 23.7192
1 3 3 23.9409 23.9409
1 3 3 24.1626 24.1626
1 1 3 24.2365 24.2365
1 4 3 24.2365 24.2365
1 2 3 24.3103 24.3103
1 3 3 24.3842 24.3842
1 4 3 24.4581 24.4581
1 1 3 24.532 24.532
1 2 3 24.6059 24.6059
1 3 3 24.6798 24.6798
1 2 3 24.7537 24.7537
1 1 3 24.8276 24.8276
1 2 3 24.9015 24.9015
1 3 3 24.9754 24.9754
1 4 3 25.0493 25.0493
1 1 3 25.1232 25.1232
1 2 3 25.197 25.197
1 3 3 25.2709 25.2709
1 2 3 25.3448 25.3448
1 1 3 25.4187 25.4187
1 2 3 25.4926 25.4926
1 3 3 25.5665 25.5665
1 4 3 25.6404 25.6404
1 2 3 25.7143 25.7143
1 3 3 25.7882 25.7882
1 4 3 25.8621 25.8621
1 3 3 25.936 25.936
1 2 3 26.0099 26.0099
1 3 3 26.0837 26.0837
1 4 3 26.1576 26.1576
1 3 3 26.2315 26.2315
1 2 3 26.3054 26.3054
1 4 3 26.3793 26.3793
1 3 3 26.4532 26.4532
1 2 3 26.5271 26.5271
1 1 3 26.601 26.601
1 3 3 26.6749 26.6749
1 2 3 26.7488 26.7488
1 4 3 26.8227 26.8227
1 1 3 26.8966 26.8966
1 3 3 26.9704 26.9704
1 2 3 27.0443 27.0443
1 3 3 27.1182 27.1182
1 1 3 27.1921 27.1921
1 3 3 27.266 27.266
1 2 3 27.3399 27.3399
1 4 3 27.4138 27.4138
1 1 3 27.4877 27.4877
1 2 3 27.5616 27.5616
1 3 3 27.6355 27.6355
1 2 3 27.7094 27.7094
1 1 3 27.7833 27.7833
1 4 3 27.7833 27.7833
1 3 3 28.0049 28.0049
1 2 3 28.3744 28.3744
1 4 3 28.67 28.67
1 4 3 28.8177 28.8177
1 1 3 28.9655 28.9655
1 4 3 28.9655 28.9655
1 2 3 29.0394 29.0394
1 3 3 29.1133 29.1133
1 4 3 29.1872 29.1872
1 1 3 29.2611 29.2611
1 2 3 29.335 29.335
1 3 3 29.4089 29.4089
1 2 3 29.4828 29.4828
1 1 3 29.5567 29.5567
1 2 3 29.6305 29.6305
1 3 3 29.7044 29.7044
1 4 3 29.7783 29.7783
1 1 3 29.8522 29.8522
1 2 3 29.9261 29.9261
1 3 3 30 30
1 2 3 30.0739 30.0739
1 1 3 30.1478 30.1478
1 2 3 30.2217 30.2217
1 3 3 30.2956 30.2956
1 4 3 30.3695 30.3695
1 2 3 30.4433 30.4433
1 3 3 30.5172 30.5172
1 4 3 30.5911 30.5911
1 3 3 30.665 30.665
1 2 3 30.7389 30.7389
1 3 3 30.8128 30.8128
1 4 3 30.8867 30.8867
1 3 3 30.9606 30.9606
1 2 3 31.0345 31.0345
1 3 3 31.1084 31.1084
1 2 3 31.1823 31.1823
1 1 3 31.2562 31.2562
1 2 3 31.33 31.33
1 3 3 31.4039 31.4039
1 1 3 31.4778 31.4778
1 4 3 31.5517 31.5517
1 2 3 31.6256 31.6256
1 3 3 31.6995 31.6995
1 1 3 31.7734 31.7734
1 3 3 31.8473 31.8473
1 2 3 31.9212 31.9212
1 3 3 31.9951 31.9951
1 1 3 32.069 32.069
1 4 3 32.1429 32.1429
1 2 3 32.2167 32.2167
1 3 3 32.2906 32.2906
1 4 3 32.3645 32.3645
1 1 3 32.4384 32.4384
1 4 3 32.5123 32.5123
1 3 3 32.5862 32.5862
1 2 3 32.6601 32.6601
1 1 3 32.734 32.734
1 4 3 32.8079 32.8079
1 3 3 32.8818 32.8818
1 2 3 32.9557 32.9557
1 1 3 33.0296 33.0296
1 2 3 33.1034 33.1034
1 4 3 33.1773 33.1773
1 4 3 33.399 33.399
1 4 3 33.6207 33.6207
1 1 3 33.6946 33.6946
1 3 3 33.6946 33.6946
1 4 3 33.7685 33.7685
1 2 3 33.8424 33.8424
1 4 3 33.9163 33.9163
1 1 3 33.9901 33.9901
1 3 3 34.064 34.064
1 2 3 34.1379 34.1379
1 3 3 34.2118 34.2118
1 1 3 34.2857 34.2857
1 3 3 34.3596 34.3596
1 2 3 34.4335 34.4335
1 4 3 34.5074 34.5074
1 1 3 34.5813 34.5813
1 4 3 34.6552 34.6552
1 3 3 34.7291 34.7291
1 2 3 34.803 34.803
1 1 3 34.8768 34.8768
1 4 3 34.8768 34.8768
1 2 3 34.9507 34.9507
1 3 3 35.0246 35.0246
1 4 3 35.0985 35.0985
1 2 3 35.1724 35.1724
1 3 3 35.2463 35.2463
1 4 3 35.3202 35.3202
1 3 3 35.3941 35.3941
1 1 3 35.468 35.468
1 4 3 35.468 35.468
1 2 3 35.5419 35.5419
1 3 3 35.6158 35.6158
1 2 3 35.6897 35.6897
1 1 3 35.7635 35.7635
1 4 3 35.8374 35.8374
1 3 3 35.9113 35.9113
1 2 3 35.9852 35.9852
1 1 3 36.0591 36.0591
1 4 3 36.0591 36.0591
1 2 3 36.133 36.133
1 3 3 36.2069 36.2069
1 4 3 36.2808 36.2808
1 1 3 36.3547 36.3547
1 2 3 36.3547 36.3547
1 4 3 36.4286 36.4286
1 3 3 36.5025 36.5025
1 2 3 36.5764 36.5764
1 1 3 36.6502 36.6502
1 4 3 36.6502 36.6502
1 2 3 36.7241 36.7241
1 3 3 36.798 36.798
1 4 3 36.8719 36.8719
1 1 3 36.9458 36.9458
1 2 3 36.9458 36.9458
1 4 3 37.0197 37.0197
1 3 3 37.0936 37.0936
1 2 3 37.1675 37.1675
1 1 3 37.2414 37.2414
1 4 3 37.2414 37.2414
1 2 3 37.6847 37.6847
1 4 3 37.6847 37.6847
1 1 3 38.1281 38.1281
1 3 3 38.1281 38.1281
1 1 3 38.4236 38.4236
1 2 3 38.4236 38.4236
1 4 3 38.4236 38.4236
1 2 3 39.0148 39.0148
1 3 3 39.0148 39.0148
1 4 3 39.2365 39.2365
1 3 3 39.4581 39.4581
1 1 3 39.6059 39.6059
1 2 3 39.6059 39.6059
1 2 3 40.197 40.197
1 3 3 40.197 40.197
1 4 3 40.4926 40.4926
1 1 3 40.7882 40.7882
1 4 3 40.7882 40.7882
1 3 3 40.8621 40.8621
1 2 3 40.936 40.936
1 1 3 41.0099 41.0099
1 4 3 41.0837 41.0837
1 3 3 41.1576 41.1576
1 2 3 41.2315 41.2315
1 1 3 41.3054 41.3054
1 2 3 41.3793 41.3793
1 4 3 41.3793 41.3793
1 3 3 41.5271 41.5271
1 1 3 41.6749 41.6749
1 3 3 41.8227 41.8227
1 1 3 41.9704 41.9704
1 2 3 41.9704 41.9704
1 4 3 42.1182 42.1182
1 2 3 42.266 42.266
1 1 3 42.4138 42.4138
1 3 3 42.4138 42.4138
1 2 3 42.5616 42.5616
1 4 3 42.5616 42.5616
1 3 3 42.7094 42.7094
1 1 3 42.8571 42.8571
1 4 3 42.8571 42.8571
1 3 3 43.0049 43.0049
1 1 3 43.1527 43.1527
1 2 3 43.1527 43.1527
1 2 3 43.7438 43.7438
1 3 3 43.7438 43.7438
1 4 3 43.8916 43.8916
1 3 3 44.0394 44.0394
1 2 3 44.1872 44.1872
1 1 3 44.335 44.335
1 4 3 44.335 44.335
1 3 3 44.5567 44.5567
1 2 3 44.7783 44.7783
1 3 3 44.9261 44.9261
1 4 3 44.9261 44.9261
1 2 3 45.2217 45.2217
1 1 3 45.5172 45.5172
1 4 3 45.5172 45.5172
1 3 3 45.5911 45.5911
1 2 3 45.665 45.665
1 1 3 45.7389 45.7389
1 3 3 45.8128 45.8128
1 2 3 45.8867 45.8867
1 1 3 45.9606 45.9606
1 4 3 46.0345 46.0345
1 1 3 46.1084 46.1084
1 3 3 46.1084 46.1084
1 2 3 46.2562 46.2562
1 4 3 46.4039 46.4039
1 2 3 46.5517 46.5517
1 1 3 46.6995 46.6995
1 4 3 46.6995 46.6995
1 3 3 46.8473 46.8473
1 2 3 46.9951 46.9951
1 1 3 47.1429 47.1429
1 3 3 47.1429 47.1429
1 2 3 47.2906 47.2906
1 4 3 47.2906 47.2906
1 3 3 47.4384 47.4384
1 1 3 47.5862 47.5862
1 4 3 47.5862 47.5862
1 3 3 47.734 47.734
1 1 3 47.8818 47.8818
1 2 3 47.8818 47.8818
1 4 3 47.8818 47.8818
1 4 3 48.4729 48.4729
1 2 3 48.6207 48.6207
1 3 3 48.7685 48.7685
1 2 3 48.9163 48.9163
1 1 3 49.064 49.064
1 4 3 49.064 49.064
1 2 3 49.6552 49.6552
1 4 3 49.6552 49.6552
1 1 3 50.2463 50.2463
1 4 3 50.2463 50.2463
1 3 3 50.3202 50.3202
1 2 3 50.3941 50.3941
1 1 3 50.468 50.468
1 4 3 50.5419 50.5419
1 3 3 50.6158 50.6158
1 2 3 50.6897 50.6897
1 1 3 50.7635 50.7635
1 2 3 50.8374 50.8374
1 4 3 50.8374 50.8374
1 3 3 50.9852 50.9852
1 1 3 51.133 51.133
1 3 3 51.2808 51.2808
1 1 3 51.4286 51.4286
1 4 3 51.4286 51.4286
1 3 3 51.5764 51.5764
1 2 3 51.7241 51.7241
1 1 3 51.8719 51.8719
1 3 3 51.8719 51.8719
1 2 3 52.0197 52.0197
1 4 3 52.0197 52.0197
1 3 3 52.1675 52.1675
1 1 3 52.3153 52.3153
1 4 3 52.3153 52.3153
1 3 3 52.4631 52.4631
1 1 3 52.6108 52.6108
1 2 3 52.6108 52.6108
1 4 3 52.6108 52.6108
1 4 3 53.202 53.202
1 1 3 53.7931 53.7931
1 3 3 53.7931 53.7931
1 3 3 53.9409 53.9409
1 2 3 54.0887 54.0887
1 2 3 54.2365 54.2365
1 4 3 54.3842 54.3842
1 1 3 54.9754 54.9754
1 3 3 54.9754 54.9754
1 4 3 54.9754 54.9754
1 2 3 55.0493 55.0493
1 3 3 55.1232 55.1232
1 2 3 55.197 55.197
1 1 3 55.2709 55.2709
1 4 3 55.2709 55.2709
1 3 3 55.3448 55.3448
1 2 3 55.4187 55.4187
1 1 3 55.4926 55.4926
1 4 3 55.5665 55.5665
1 4 3 55.8621 55.8621
1 1 3 56.1576 56.1576
1 2 3 56.1576 56.1576
1 4 3 56.1576 56.1576
1 3 3 56.3054 56.3054
1 2 3 56.4532 56.4532
1 1 3 56.601 56.601
1 4 3 56.7488 56.7488
1 3 3 56.8227 56.8227
1 2 3 56.8966 56.8966
1 1 3 56.9704 56.9704
1 2 3 57.0443 57.0443
1 3 3 57.1182 57.1182
1 4 3 57.1921 57.1921
1 3 3 57.266 57.266
1 1 3 57.3399 57.3399
1 2 3 57.3399 57.3399
1 1 3 57.6355 57.6355
1 2 3 57.6355 57.6355
1 3 3 57.931 57.931
1 4 3 57.931 57.931
1 2 3 58.1527 58.1527
1 3 3 58.1527 58.1527
1 1 3 58.3744 58.3744
1 2 3 58.3744 58.3744
1 1 3 58.5222 58.5222
1 3 3 58.5222 58.5222
1 1 3 58.8177 58.8177
1 3 3 58.8177 58.8177
1 2 3 59.1133 59.1133
1 4 3 59.1133 59.1133
1 3 3 59.335 59.335
1 4 3 59.335 59.335
1 2 3 59.5567 59.5567
1 3 3 59.5567 59.5567
1 1 3 59.7044 59.7044
1 2 3 59.7044 59.7044
1 4 3 59.7044 59.7044
1 1 3 60 60
1 2 3 60 60
1 4 3 60 60
1 1 3 60.2956 60.2956
1 2 3 60.2956 60.2956
1 4 3 60.2956 60.2956
1 1 3 60.5172 60.5172
1 3 3 60.5172 60.5172
1 4 3 60.5172 60.5172
1 1 3 60.7389 60.7389
1 3 3 60.7389 60.7389
1 4 3 60.7389 60.7389
1 1 3 60.8867 60.8867
1 2 3 60.8867 60.8867
1 4 3 60.8867 60.8867
1 1 3 61.1084 61.1084
1 3 3 61.1084 61.1084
1 4 3 61.1084 61.1084
1 2 3 61.33 61.33
1 3 3 61.33 61.33
1 4 3 61.33 61.33
1 1 3 61.4778 61.4778
1 2 3 61.4778 61.4778
1 3 3 61.4778 61.4778
1 1 3 61.6995 61.6995
1 2 3 61.6995 61.6995
1 4 3 61.6995 61.6995
1 1 3 61.9212 61.9212
1 3 3 61.9212 61.9212
1 4 3 61.9212 61.9212
1 2 3 62.069 62.069
1 3 3 62.069 62.069
1 2 3 62.3645 62.3645
1 3 3 62.3645 62.3645
1 1 3 62.6601 62.6601
1 4 3 62.6601 62.6601
1 1 3 62.8818 62.8818
1 3 3 62.8818 62.8818
1 2 3 63.1034 63.1034
1 4 3 63.1034 63.1034
1 1 3 63.2512 63.2512
1 4 3 63.2512 63.2512
1 1 3 63.5468 63.5468
1 3 3 63.5468 63.5468
1 1 3 63.8424 63.8424
1 4 3 63.8424 63.8424
1 2 3 64.064 64.064
1 4 3 64.064 64.064
1 1 3 64.2857 64.2857
1 3 3 64.2857 64.2857
1 1 3 64.4335 64.4335
1 3 3 64.4335 64.4335
1 4 3 64.4335 64.4335
1 1 3 64.7291 64.7291
1 2 3 64.7291 64.7291
1 4 3 64.7291 64.7291
1 1 3 65.0246 65.0246
1 3 3 65.0246 65.0246
1 4 3 65.0246 65.0246
1 1 3 65.2463 65.2463
1 2 3 65.2463 65.2463
1 4 3 65.2463 65.2463
1 1 3 65.468 65.468
1 2 3 65.468 65.468
1 3 3 65.468 65.468
1 1 3 65.6158 65.6158
1 2 3 65.6158 65.6158
1 4 3 65.6158 65.6158
1 2 3 65.7635 65.7635
1 3 3 65.7635 65.7635
1 1 3 65.9113 65.9113
1 3 3 65.9113 65.9113
1 4 3 65.9113 65.9113
1 2 3 66.0591 66.0591
1 3 3 66.0591 66.0591
1 1 3 66.2069 66.2069
1 2 3 66.2069 66.2069
1 4 3 66.2069 66.2069
1 1 3 66.798 66.798
1 2 3 66.798 66.798
1 4 3 66.798 66.798
1 3 3 67.0936 67.0936
1 2 3 67.3892 67.3892
1 1 3 67.6847 67.6847
1 2 3 67.9803 67.9803
1 4 3 67.9803 67.9803
1 1 3 68.2759 68.2759
1 2 3 68.5714 68.5714
1 3 3 68.867 68.867
1 1 3 69.1626 69.1626
1 2 3 69.1626 69.1626
1 4 3 69.1626 69.1626
1 3 3 69.4581 69.4581
1 2 3 69.7537 69.7537
1 1 3 70.0493 70.0493
1 2 3 70.3448 70.3448
1 4 3 70.3448 70.3448
1 1 3 70.6404 70.6404
1 3 3 70.936 70.936
1 3 3 71.1576 71.1576
1 3 3 71.3793 71.3793
1 1 3 71.5271 71.5271
1 2 3 71.5271 71.5271
1 4 3 71.5271 71.5271
1 4 3 71.6749 71.6749
1 1 3 71.8227 71.8227
1 3 3 71.8227 71.8227
1 1 3 71.9704 71.9704
1 2 3 72.1182 72.1182
1 3 3 72.1182 72.1182
1 4 3 72.1182 72.1182
1 4 3 72.266 72.266
1 1 3 72.4138 72.4138
1 3 3 72.4138 72.4138
1 1 3 72.5616 72.5616
1 2 3 72.7094 72.7094
1 3 3 72.7094 72.7094
1 4 3 72.7094 72.7094
1 2 3 72.8571 72.8571
1 1 3 73.0049 73.0049
1 3 3 73.0049 73.0049
1 4 3 73.0049 73.0049
1 3 3 73.1527 73.1527
1 1 3 73.3005 73.3005
1 2 3 73.3005 73.3005
1 4 3 73.3005 73.3005
1 2 3 73.4483 73.4483
1 1 3 73.5961 73.5961
1 3 3 73.5961 73.5961
1 4 3 73.5961 73.5961
1 3 3 73.7438 73.7438
1 1 3 73.8916 73.8916
1 2 3 73.8916 73.8916
1 4 3 73.8916 73.8916
1 1 3 74.0394 74.0394
1 2 3 74.0394 74.0394
1 4 3 74.0394 74.0394
1 1 3 74.1872 74.1872
1 2 3 74.1872 74.1872
1 4 3 74.1872 74.1872
1 1 3 74.335 74.335
1 2 3 74.335 74.335
1 4 3 74.335 74.335
1 1 3 74.4828 74.4828
1 2 3 74.4828 74.4828
1 4 3 74.4828 74.4828
1 1 3 74.6305 74.6305
1 2 3 74.6305 74.6305
1 4 3 74.6305 74.6305
1 1 3 74.7783 74.7783
1 2 3 74.7783 74.7783
1 4 3 74.7783 74.7783
1 1 3 74.9261 74.9261
1 2 3 74.9261 74.9261
1 4 3 74.9261 74.9261
1 1 3 75.0739 75.0739
1 3 3 75.0739 75.0739
1 4 3 75.0739 75.0739
1 1 3 76.2562 76.2562
1 3 3 76.2562 76.2562
1 4 3 76.2562 76.2562
1 2 3 76.4039 76.4039
1 1 3 76.5517 76.5517
1 4 3 76.5517 76.5517
1 3 3 76.6995 76.6995
1 1 3 76.8473 76.8473
1 4 3 76.8473 76.8473
1 3 3 76.9951 76.9951
1 1 3 77.1429 77.1429
1 2 3 77.1429 77.1429
1 3 3 77.2906 77.2906
1 1 3 77.4384 77.4384
1 2 3 77.4384 77.4384
1 4 3 77.5862 77.5862
1 1 3 77.734 77.734
1 3 3 77.734 77.734
1 2 3 77.8818 77.8818
1 1 3 78.0296 78.0296
2 3 3 78.0296 78.3251
1 1 3 78.3251 78.3251
1 2 3 78.3251 78.3251
1 3 3 78.399 78.399
1 4 3 78.4729 78.4729
1 3 3 78.5468 78.5468
1 1 3 78.6207 78.6207
1 2 3 78.6207 78.6207
1 4 3 78.7685 78.7685
1 1 3 78.9163 78.9163
1 2 3 78.9163 78.9163
1 3 3 79.064 79.064
1 1 3 79.2118 79.2118
1 4 3 79.2118 79.2118
1 3 3 79.3596 79.3596
1 1 3 79.5074 79.5074
1 2 3 79.5074 79.5074
1 3 3 79.6552 79.6552
1 1 3 79.803 79.803
1 4 3 79.803 79.803
1 3 3 79.9507 79.9507
1 1 3 80.0985 80.0985
1 4 3 80.0985 80.0985
1 1 3 80.3941 80.3941
1 2 3 80.3941 80.3941
1 3 3 80.5419 80.5419
1 1 3 80.6897 80.6897
1 4 3 80.6897 80.6897
1 1 3 80.8374 80.8374
1 3 3 80.8374 80.8374
1 1 3 80.9852 80.9852
1 2 3 80.9852 80.9852
1 4 3 80.9852 80.9852
1 3 3 81.133 81.133
1 1 3 81.2808 81.2808
1 4 3 81.2808 81.2808
1 2 3 81.4286 81.4286
1 1 3 81.5764 81.5764
1 4 3 81.5764 81.5764
1 2 3 81.7241 81.7241
1 1 3 81.8719 81.8719
1 3 3 81.8719 81.8719
1 4 3 82.0197 82.0197
1 1 3 82.1675 82.1675
1 3 3 82.1675 82.1675
1 2 3 82.3153 82.3153
1 1 3 82.4631 82.4631
1 4 3 82.4631 82.4631
1 3 3 82.6108 82.6108
1 1 3 82.7586 82.7586
1 2 3 82.7586 82.7586
1 1 3 83.0542 83.0542
1 3 3 83.0542 83.0542
1 4 3 83.1281 83.1281
1 3 3 83.202 83.202
1 2 3 83.2759 83.2759
1 1 3 83.3498 83.3498
1 3 3 83.3498 83.3498
1 4 3 83.3498 83.3498
1 2 3 83.4975 83.4975
1 1 3 83.6453 83.6453
1 4 3 83.6453 83.6453
1 3 3 83.7931 83.7931
1 2 3 83.9409 83.9409
1 4 3 83.9409 83.9409
1 1 3 84.0887 84.0887
1 2 3 84.2365 84.2365
1 4 3 84.2365 84.2365
1 3 3 84.3842 84.3842
1 1 3 84.532 84.532
1 2 3 84.532 84.532
1 4 3 84.532 84.532
1 1 3 84.7537 84.7537
1 2 3 84.7537 84.7537
1 4 3 84.7537 84.7537
1 1 3 84.9754 84.9754
1 2 3 84.9754 84.9754
1 4 3 84.9754 84.9754
1 1 3 85.1232 85.1232
1 3 3 85.1232 85.1232
1 4 3 85.1232 85.1232
1 2 3 85.3448 85.3448
1 3 3 85.3448 85.3448
1 4 3 85.3448 85.3448
1 1 3 85.5665 85.5665
1 2 3 85.5665 85.5665
1 3 3 85.5665 85.5665
1 1 3 85.7143 85.7143
1 2 3 85.7143 85.7143
1 4 3 85.7143 85.7143
1 3 3 85.8621 85.8621
1 1 3 86.0098 86.0098
1 2 3 86.0098 86.0098
1 4 3 86.0098 86.0098
1 3 3 86.1576 86.1576
1 1 3 86.3054 86.3054
1 4 3 86.3054 86.3054
1 2 3 86.4532 86.4532
1 1 3 86.601 86.601
1 3 3 86.601 86.601
1 4 3 86.601 86.601
1 4 3 86.7488 86.7488
1 1 3 86.8966 86.8966
1 3 3 86.8966 86.8966
1 4 3 87.0443 87.0443
1 1 3 87.1921 87.1921
1 2 3 87.1921 87.1921
1 4 3 87.1921 87.1921
1 3 3 87.3399 87.3399
1 1 3 87.4877 87.4877
1 4 3 87.4877 87.4877
1 1 3 87.7832 87.7832
1 3 3 87.7832 87.7832
1 4 3 87.7832 87.7832
1 2 3 87.8571 87.8571
1 3 3 87.931 87.931
1 2 3 88.0049 88.0049
1 1 3 88.0788 88.0788
1 4 3 88.0788 88.0788
1 3 3 88.2266 88.2266
1 1 3 88.3744 88.3744
1 2 3 88.3744 88.3744
1 4 3 88.3744 88.3744
1 3 3 88.5222 88.5222
1 1 3 88.67 88.67
1 4 3 88.67 88.67
1 2 3 88.8177 88.8177
1 1 3 88.9655 88.9655
1 3 3 88.9655 88.9655
1 4 3 88.9655 88.9655
1 2 3 89.1133 89.1133
1 1 3 89.2611 89.2611
1 4 3 89.2611 89.2611
1 3 3 89.4089 89.4089
1 1 3 89.5566 89.5566
1 2 3 89.5566 89.5566
1 4 3 89.5566 89.5566
1 1 3 89.8522 89.8522
1 3 3 89.8522 89.8522
1 4 3 90 90
1 1 3 90.1478 90.1478
1 2 3 90.1478 90.1478
1 4 3 90.1478 90.1478
1 1 3 90.2956 90.2956
1 3 3 90.2956 90.2956
1 4 3 90.2956 90.2956
1 1 3 90.4434 90.4434
1 2 3 90.4434 90.4434
1 4 3 90.4434 90.4434
1 3 3 90.5911 90.5911
1 1 3 90.7389 90.7389
1 3 3 90.7389 90.7389
1 4 3 90.7389 90.7389
1 2 3 90.8867 90.8867
1 1 3 91.0345 91.0345
1 4 3 91.0345 91.0345
1 3 3 91.1823 91.1823
1 1 3 91.33 91.33
1 3 3 91.33 91.33
1 4 3 91.33 91.33
1 2 3 91.4778 91.4778
1 1 3 91.6256 91.6256
1 4 3 91.6256 91.6256
1 3 3 91.7734 91.7734
1 1 3 91.9212 91.9212
1 2 3 91.9212 91.9212
1 4 3 91.9212 91.9212
1 3 3 92.069 92.069
1 1 3 92.2168 92.2168
1 2 3 92.2168 92.2168
1 1 3 92.5123 92.5123
1 3 3 92.5123 92.5123
1 4 3 92.5123 92.5123
1 2 3 92.5862 92.5862
1 3 3 92.6601 92.6601
1 2 3 92.734 92.734
1 1 3 92.8079 92.8079
1 4 3 92.8079 92.8079
1 3 3 92.9557 92.9557
1 1 3 93.1034 93.1034
1 2 3 93.1034 93.1034
1 4 3 93.1034 93.1034
1 2 3 93.2512 93.2512
1 1 3 93.399 93.399
1 4 3 93.399 93.399
1 3 3 93.5468 93.5468
1 1 3 93.6946 93.6946
1 2 3 93.6946 93.6946
1 4 3 93.6946 93.6946
1 3 3 93.8424 93.8424
1 1 3 93.9902 93.9902
1 4 3 93.9902 93.9902
1 3 3 94.064 94.064
1 2 3 94.1379 94.1379
1 1 3 94.2118 94.2118
1 3 3 94.2857 94.2857
1 4 3 94.2857 94.2857
1 2 3 94.3596 94.3596
1 1 3 94.4335 94.4335
1 4 3 94.5074 94.5074
1 1 3 94.5813 94.5813
1 3 3 94.5813 94.5813
1 2 3 94.6552 94.6552
1 4 3 94.7291 94.7291
1 3 3 94.803 94.803
1 1 3 94.8768 94.8768
1 2 3 94.8768 94.8768
1 4 3 94.9507 94.9507
1 3 3 95.0246 95.0246
1 2 3 95.0985 95.0985
1 1 3 95.1724 95.1724
2 3 3 95.1724 96.0591
1 4 3 95.1724 95.1724
1 1 3 95.468 95.468
1 2 3 95.468 95.468
1 1 3 95.7635 95.7635
2 1 3 96.0591 96.9458
1 2 3 96.0591 96.0591
1 4 3 96.0591 96.0591
1 4 3 96.3547 96.3547
1 3 3 96.6502 96.6502
1 4 3 96.6502 96.6502
1 2 3 96.9458 96.9458
1 4 3 96.9458 96.9458
1 1 3 97.2414 97.2414
1 3 3 97.2414 97.2414
1 4 3 97.2414 97.2414
1 1 3 97.5369 97.5369
1 4 3 97.5369 97.5369
1 3 3 97.7586 97.7586
1 1 3 97.8325 97.8325
1 2 3 97.8325 97.8325
2 4 3 97.9803 98.4236
1 1 3 98.1281 98.1281
1 1 3 98.4236 98.4236
1 2 3 98.4236 98.4236
1 3 3 98.4236 98.4236
1 4 3 98.5714 98.5714
1 1 3 98.7192 98.7192
1 3 3 98.7192 98.7192
2 2 3 98.867 99.6059
1 1 3 99.0148 99.0148
1 4 3 99.0148 99.0148
1 1 3 99.3103 99.3103
1 1 3 99.6059 99.6059
1 3 3 99.6059 99.6059
1 4 3 99.6059 99.6059
1 1 3 99.7537 99.7537
1 2 3 99.7537 99.7537
1 4 3 99.7537 99.7537
1 1 3 99.9015 99.9015
2 3 3 99.9015 100.788
1 4 3 99.9015 99.9015
1 1 3 100.197 100.197
1 2 3 100.197 100.197
1 1 3 100.493 100.493
1 1 3 100.788 100.788
1 2 3 100.788 100.788
2 4 3 100.788 101.675
1 1 3 101.084 101.084
1 1 3 101.379 101.379
1 2 3 101.379 101.379
1 1 3 101.675 101.675
1 3 3 101.675 101.675
1 1 3 101.97 101.97
1 2 3 101.97 101.97
1 4 3 101.97 101.97
1 1 3 102.266 102.266
2 3 3 102.266 103.448
1 1 3 102.562 102.562
1 4 3 102.562 102.562
1 1 3 102.857 102.857
1 1 3 103.153 103.153
1 4 3 103.153 103.153
1 1 3 103.448 103.448
1 4 3 103.448 103.448
1 2 3 103.522 103.522
1 3 3 103.596 103.596
1 4 3 103.67 103.67
1 1 3 103.744 103.744
1 2 3 103.744 103.744
1 3 3 103.818 103.818
1 4 3 103.892 103.892
1 2 3 103.966 103.966
1 1 3 104.039 104.039
1 4 3 104.039 104.039
1 2 3 104.113 104.113
1 3 3 104.187 104.187
1 4 3 104.261 104.261
1 1 3 104.335 104.335
1 2 3 104.335 104.335
1 4 3 104.409 104.409
1 3 3 104.483 104.483
1 2 3 104.557 104.557
1 1 3 104.631 104.631
1 3 3 104.631 104.631
2 4 3 104.631 105.517
1 1 3 104.926 104.926
1 2 3 104.926 104.926
1 1 3 105.222 105.222
2 1 3 105.517 106.404
1 2 3 105.517 105.517
1 3 3 105.517 105.517
1 4 3 105.813 105.813
1 3 3 106.108 106.108
1 4 3 106.108 106.108
1 2 3 106.404 106.404
1 4 3 106.404 106.404
1 1 3 106.7 106.7
1 3 3 106.7 106.7
1 4 3 106.7 106.7
1 1 3 106.995 106.995
1 4 3 106.995 106.995
1 3 3 107.217 107.217
1 1 3 107.291 107.291
1 2 3 107.291 107.291
2 3 3 107.438 107.882
1 1 3 107.586 107.586
1 1 3 107.882 107.882
1 2 3 107.882 107.882
1 4 3 107.882 107.882
2 1 3 108.177 109.064
1 4 3 108.177 108.177
1 3 3 108.473 108.473
1 4 3 108.473 108.473
1 4 3 108.768 108.768
1 2 3 109.064 109.064
1 3 3 109.064 109.064
1 4 3 109.064 109.064
1 1 3 109.212 109.212
1 3 3 109.212 109.212
1 1 3 109.36 109.36
1 2 3 109.36 109.36
1 4 3 109.36 109.36
1 4 3 109.507 109.507
1 1 3 109.655 109.655
1 1 3 109.803 109.803
1 3 3 109.951 109.951
1 3 3 110.099 110.099
1 2 3 110.246 110.246
1 4 3 110.246 110.246
1 2 3 110.394 110.394
1 1 3 110.542 110.542
1 3 3 110.542 110.542
1 3 3 110.69 110.69
1 4 3 110.837 110.837
1 4 3 110.985 110.985
1 1 3 111.133 111.133
1 3 3 111.133 111.133
1 1 3 111.281 111.281
1 2 3 111.429 111.429
1 4 3 111.429 111.429
1 2 3 111.576 111.576
1 1 3 111.724 111.724
1 3 3 111.724 111.724
1 4 3 111.724 111.724
1 1 3 111.872 111.872
1 2 3 112.02 112.02
1 1 3 112.167 112.167
1 2 3 112.167 112.167
1 4 3 112.167 112.167
1 3 3 112.315 112.315
1 3 3 112.463 112.463
1 1 3 112.611 112.611
1 2 3 112.611 112.611
1 4 3 112.611 112.611
1 4 3 112.759 112.759
2 1 3 112.906 114.089
1 3 3 112.906 112.906
1 4 3 112.906 112.906
2 3 3 113.793 114.089
1 2 3 114.089 114.089
1 4 3 114.089 114.089
1 1 3 114.384 114.384
1 3 3 114.532 114.532
1 1 3 114.828 114.828
1 3 3 114.975 114.975
1 2 3 115.271 115.271
1 4 3 115.567 115.567
1 3 3 116.158 116.158
1 2 3 116.453 116.453
1 3 3 117.044 117.044
1 1 3 117.635 117.635
1 3 3 118.818 118.818
1 1 3 119.113 119.113
1 3 3 119.261 119.261
1 1 3 119.557 119.557
1 3 3 119.704 119.704
1 2 3 120 120
1 4 3 120.296 120.296
1 1 3 120.887 120.887
1 3 3 121.182 121.182
1 4 3 121.773 121.773
1 2 3 122.365 122.365
1 3 3 123.547 123.547
1 1 3 123.842 123.842
1 3 3 123.99 123.99
1 1 3 124.286 124.286
1 3 3 124.433 124.433
1 2 3 124.729 124.729
1 4 3 125.025 125.025
1 3 3 125.616 125.616
1 2 3 125.911 125.911
1 3 3 126.502 126.502
1 1 3 127.094 127.094
1 2 3 127.98 127.98
1 3 3 128.276 128.276
1 1 3 128.571 128.571
1 3 3 128.719 128.719
1 1 3 129.015 129.015
1 3 3 129.163 129.163
1 2 3 129.458 129.458
1 4 3 129.754 129.754
1 1 3 130.345 130.345
1 4 3 130.64 130.64
1 1 3 131.232 131.232
1 3 3 131.527 131.527
1 2 3 132.118 132.118
1 1 3 132.709 132.709
