6 -2.0 -2.0 2300 1
5 7.0 9.0 255 21
5 12 13 255 15
5 13 14.5 0 15
3 13.0 16.0 -0.3 21
2 13.0 16.0 150 21
5 17.697 18.197 255 15
5 43.245 43.486 0 15
1 54 54 2000 1
2 54 54 600 1
3 54 54 0.7 1
5 56.5 58.5 255 21
1 62 62 2000 1
2 62 62 300 1
3 62 62 0.9 1
5 62 63 255 15
1 65 67 400 15
2 65 67 600 15
3 65 67 0.7 15
5 65.5 66.5 0 15
1 67 67 1880 1
2 67 67 200 1
3 67 67 1 1
5 67.8 68.2 255 15
2 139.544 140.120 1500 15
1 140.16 140.16 1880 1
2 140.309 140.409 200 15
1 140.309 140.409 5 20
1 140.409 140.509 5 20
1 140.509 140.609 5 20
1 140.609 140.709 5 20
1 140.709 140.809 5 20
1 140.809 140.909 5 20
1 140.909 141.009 5 20
1 141.009 141.109 5 20
1 141.109 141.209 5 20
1 141.209 141.309 5 20
1 141.309 141.409 5 20
1 141.409 141.509 5 20
1 141.509 141.609 5 20
1 141.609 141.709 5 20
1 141.709 141.809 5 20
1 141.809 141.909 5 20
1 141.909 142.009 5 20
1 142.009 142.109 5 20
1 142.109 142.209 5 20
1 142.209 142.309 5 20
1 142.309 142.409 5 20
1 142.409 142.509 5 20
1 142.509 142.609 5 20
1 142.609 142.709 5 20
1 142.709 142.809 5 20
1 142.809 142.909 5 20
1 142.909 143.009 5 20
1 143.009 143.109 5 20
1 143.109 143.209 5 20
1 143.209 143.309 5 20
1 143.309 143.409 4 20
1 143.409 143.509 4 20
1 143.509 143.609 4 20
1 143.609 143.709 3 20
1 143.709 143.809 3 20
1 143.809 143.909 2 20
1 143.909 144.009 1 20
5 145.794 146.1 0 15
5 146.543 146.563 255 15