6 -2.0 -2.0 2300 1
5 10.5 11.5 255 15
5 13 14.5 0 15
3 13.0 16.0 -0.3 21
2 13.0 16.0 150 21
5 17.890 18.390 255 15
5 43.245 43.486 0 15
1 45 46 -500 1
3 45 46 0.9 1
5 47 48 255 1
1 52.5 63 1400 1
2 53 56 30 20
2 56 59 30 20
2 59 62 30 20
5 59.5 60.5 0 15
1 62 62 400 1
2 62 62 600 1
3 62 62 0.7 1
5 64 65.5 255 21
1 67 67 680 1
2 67 67 200 1
3 67 67 1 1
5 67.8 68.2 255 15
2 138.390 138.967 1500 15
1 140 140 680 1
2 140.309 140.409 200 15
1 140.309 140.409 10 20
1 140.409 140.509 10 20
1 140.509 140.609 10 20
1 140.609 140.709 10 20
1 140.709 140.809 10 20
1 140.809 140.909 10 20
1 140.909 141.009 10 20
1 141.009 141.109 10 20
1 141.109 141.209 10 20
1 141.209 141.309 10 20
1 141.309 141.409 10 20
1 141.409 141.509 10 20
1 141.509 141.609 10 20
1 141.609 141.709 10 20
1 141.709 141.809 10 20
1 141.809 141.909 10 20
1 141.909 142.009 10 20
1 142.009 142.109 10 20
1 142.109 142.209 10 20
1 142.209 142.309 10 20
1 142.309 142.409 10 20
1 142.409 142.509 10 20
1 142.509 142.609 10 20
1 142.609 142.709 10 20
1 142.709 142.809 10 20
1 142.809 142.909 5 20
1 142.909 143.009 5 20
1 143.009 143.109 5 20
1 143.109 143.209 5 20
1 143.209 143.309 5 20
1 143.309 143.409 4 20
1 143.409 143.509 4 20
1 143.509 143.609 4 20
1 143.609 143.709 3 20
1 143.709 143.809 3 20
1 143.809 143.909 2 20
1 143.909 144.009 1 20
5 145.794 146.1 0 15
5 146.543 146.563 255 15