1 1 3 3.196 3.196
1 2 3 3.196 3.196
1 4 3 3.196 3.196
1 3 3 3.461 3.461
1 4 3 3.593 3.593
1 1 3 4.254 4.254
1 3 3 4.254 4.254
1 2 3 4.65 4.65
1 4 3 4.65 4.65
1 1 3 5.047 5.047
1 3 3 5.179 5.179
1 2 3 5.443 5.443
1 1 3 5.575 5.575
1 2 3 6.368 6.368
1 3 3 6.632 6.632
1 2 3 6.897 6.897
1 1 3 7.161 7.161
1 3 3 7.161 7.161
1 2 3 7.425 7.425
1 4 3 7.425 7.425
1 3 3 7.69 7.69
1 1 3 7.822 7.822
1 2 3 8.483 8.483
1 3 3 8.483 8.483
1 1 3 8.879 8.879
1 4 3 8.879 8.879
1 3 3 9.276 9.276
1 4 3 9.276 9.276
1 2 3 9.408 9.408
1 1 3 9.408 9.408
1 1 3 10.597 10.597
1 2 3 10.862 10.862
2 1 3 10.994 11.654
1 3 3 11.126 11.126
1 4 3 11.39 11.39
1 2 3 11.654 11.654
1 3 3 11.654 11.654
1 4 3 11.787 11.787
1 1 3 11.919 11.919
1 3 3 12.051 12.051
1 2 3 12.183 12.183
1 4 3 12.315 12.315
1 3 3 12.447 12.447
1 2 3 12.58 12.58
1 1 3 12.712 12.712
1 4 3 12.712 12.712
1 2 3 12.778 12.778
1 3 3 12.844 12.844
1 4 3 12.91 12.91
1 1 3 12.976 12.976
1 2 3 13.108 13.108
1 3 3 13.108 13.108
1 4 3 13.24 13.24
1 1 3 13.373 13.373
1 2 3 13.505 13.505
1 3 3 13.637 13.637
1 1 3 13.769 13.769
1 2 3 13.769 13.769
1 4 3 13.769 13.769
1 3 3 13.901 13.901
1 4 3 14.033 14.033
1 1 3 14.165 14.165
1 2 3 14.165 14.165
1 3 3 14.165 14.165
1 4 3 14.298 14.298
1 1 3 14.43 14.43
1 2 3 14.562 14.562
1 3 3 14.562 14.562
1 4 3 14.562 14.562
1 1 3 14.694 14.694
1 3 3 14.826 14.826
1 2 3 14.958 14.958
1 1 3 15.091 15.091
1 4 3 15.223 15.223
1 3 3 15.289 15.289
1 2 3 15.355 15.355
1 1 3 15.487 15.487
1 2 3 15.619 15.619
1 4 3 15.619 15.619
1 1 3 15.751 15.751
1 3 3 15.751 15.751
1 2 3 15.884 15.884
1 3 3 15.884 15.884
1 1 3 16.016 16.016
1 2 3 16.148 16.148
1 3 3 16.28 16.28
1 4 3 16.28 16.28
1 2 3 16.412 16.412
1 1 3 16.544 16.544
1 2 3 16.676 16.676
1 4 3 16.676 16.676
1 3 3 16.809 16.809
1 1 3 16.941 16.941
1 4 3 16.941 16.941
1 2 3 17.007 17.007
1 3 3 17.073 17.073
1 4 3 17.139 17.139
1 1 3 17.205 17.205
1 2 3 17.337 17.337
1 3 3 17.337 17.337
1 4 3 17.469 17.469
1 2 3 17.602 17.602
1 1 3 17.734 17.734
1 3 3 17.734 17.734
1 4 3 17.866 17.866
1 1 3 17.998 17.998
1 2 3 17.998 17.998
1 3 3 18.064 18.064
1 4 3 18.13 18.13
1 2 3 18.262 18.262
1 1 3 18.395 18.395
1 3 3 18.527 18.527
1 2 3 18.659 18.659
1 1 3 18.791 18.791
1 4 3 18.791 18.791
1 2 3 18.923 18.923
1 3 3 18.923 18.923
1 4 3 19.055 19.055
1 3 3 19.121 19.121
1 1 3 19.187 19.187
1 2 3 19.254 19.254
1 3 3 19.32 19.32
1 4 3 19.386 19.386
1 2 3 19.452 19.452
1 3 3 19.518 19.518
1 1 3 19.584 19.584
1 4 3 19.65 19.65
1 3 3 19.716 19.716
1 1 3 19.782 19.782
1 2 3 19.848 19.848
1 4 3 19.914 19.914
1 3 3 19.98 19.98
1 2 3 20.047 20.047
1 1 3 20.113 20.113
1 3 3 20.113 20.113
1 4 3 20.113 20.113
1 2 3 20.509 20.509
1 3 3 20.509 20.509
1 4 3 20.509 20.509
1 1 3 20.906 20.906
1 2 3 20.906 20.906
1 4 3 20.906 20.906
1 1 3 21.302 21.302
1 2 3 21.302 21.302
1 3 3 21.302 21.302
1 3 3 21.699 21.699
1 2 3 21.831 21.831
1 1 3 21.897 21.897
1 4 3 21.963 21.963
1 3 3 22.029 22.029
1 2 3 22.095 22.095
1 1 3 22.227 22.227
1 3 3 22.227 22.227
1 4 3 22.227 22.227
1 2 3 22.359 22.359
1 1 3 22.491 22.491
1 3 3 22.491 22.491
1 4 3 22.624 22.624
1 1 3 22.756 22.756
1 2 3 22.756 22.756
1 3 3 22.888 22.888
1 1 3 23.02 23.02
1 4 3 23.02 23.02
1 2 3 23.152 23.152
1 3 3 23.284 23.284
1 4 3 23.284 23.284
1 2 3 23.417 23.417
1 1 3 23.549 23.549
1 4 3 23.549 23.549
1 3 3 23.681 23.681
1 1 3 23.813 23.813
1 2 3 23.813 23.813
1 3 3 23.945 23.945
1 2 3 24.077 24.077
1 4 3 24.077 24.077
1 1 3 24.21 24.21
1 2 3 24.342 24.342
1 3 3 24.342 24.342
1 4 3 24.474 24.474
1 1 3 24.606 24.606
1 3 3 24.606 24.606
1 2 3 24.738 24.738
1 3 3 24.87 24.87
1 4 3 24.87 24.87
1 1 3 25.002 25.002
1 2 3 25.135 25.135
1 4 3 25.135 25.135
1 3 3 25.267 25.267
1 1 3 25.399 25.399
1 2 3 25.399 25.399
1 3 3 25.531 25.531
1 1 3 25.663 25.663
1 4 3 25.663 25.663
1 2 3 25.795 25.795
1 3 3 25.928 25.928
1 4 3 25.928 25.928
1 1 3 26.06 26.06
1 2 3 26.192 26.192
1 3 3 26.192 26.192
1 1 3 26.324 26.324
1 3 3 26.324 26.324
1 4 3 26.324 26.324
1 2 3 26.456 26.456
1 3 3 26.456 26.456
1 1 3 26.588 26.588
1 3 3 26.721 26.721
1 4 3 26.721 26.721
1 2 3 26.853 26.853
1 1 3 26.985 26.985
1 4 3 26.985 26.985
1 3 3 27.117 27.117
1 1 3 27.249 27.249
1 2 3 27.249 27.249
1 3 3 27.381 27.381
1 2 3 27.513 27.513
1 4 3 27.513 27.513
1 1 3 27.646 27.646
1 2 3 27.778 27.778
1 3 3 27.778 27.778
1 4 3 27.91 27.91
1 1 3 28.042 28.042
1 3 3 28.042 28.042
1 2 3 28.174 28.174
1 1 3 28.306 28.306
1 4 3 28.306 28.306
1 3 3 28.439 28.439
1 1 3 28.571 28.571
1 2 3 28.571 28.571
1 3 3 28.703 28.703
1 1 3 28.835 28.835
1 4 3 28.835 28.835
1 2 3 28.967 28.967
1 3 3 29.099 29.099
1 4 3 29.099 29.099
1 2 3 29.232 29.232
1 1 3 29.364 29.364
1 4 3 29.364 29.364
1 3 3 29.496 29.496
1 1 3 29.628 29.628
1 2 3 29.628 29.628
1 3 3 29.76 29.76
1 4 3 29.892 29.892
2 1 3 30.024 30.157
2 2 3 30.024 30.157
2 3 3 30.024 30.157
1 3 3 30.289 30.289
1 4 3 30.289 30.289
1 2 3 30.355 30.355
1 1 3 30.421 30.421
1 4 3 30.487 30.487
1 3 3 30.553 30.553
1 2 3 30.619 30.619
1 1 3 30.685 30.685
1 4 3 30.685 30.685
1 3 3 30.751 30.751
1 1 3 30.817 30.817
1 2 3 30.884 30.884
1 3 3 30.95 30.95
1 4 3 31.016 31.016
1 2 3 31.082 31.082
1 1 3 31.148 31.148
1 3 3 31.214 31.214
1 4 3 31.214 31.214
1 2 3 31.28 31.28
1 1 3 31.346 31.346
1 4 3 31.412 31.412
1 3 3 31.478 31.478
1 1 3 31.544 31.544
1 2 3 31.61 31.61
1 4 3 31.676 31.676
1 3 3 31.743 31.743
1 2 3 31.809 31.809
1 4 3 31.875 31.875
1 3 3 31.941 31.941
1 1 3 32.007 32.007
1 2 3 32.073 32.073
1 3 3 32.139 32.139
1 4 3 32.205 32.205
1 2 3 32.271 32.271
1 1 3 32.271 32.271
1 3 3 32.337 32.337
1 4 3 32.403 32.403
1 1 3 32.469 32.469
1 2 3 32.536 32.536
1 3 3 32.602 32.602
1 4 3 32.668 32.668
1 1 3 32.734 32.734
1 2 3 32.8 32.8
1 3 3 32.8 32.8
1 4 3 32.866 32.866
1 1 3 32.932 32.932
1 2 3 32.998 32.998
1 3 3 33.064 33.064
1 4 3 33.13 33.13
1 1 3 33.196 33.196
1 2 3 33.196 33.196
1 3 3 33.262 33.262
1 1 3 33.328 33.328
1 4 3 33.328 33.328
1 2 3 33.395 33.395
1 3 3 33.461 33.461
1 4 3 33.527 33.527
1 2 3 33.593 33.593
1 3 3 33.593 33.593
1 1 3 33.659 33.659
1 4 3 33.725 33.725
1 3 3 33.791 33.791
1 2 3 33.857 33.857
1 1 3 33.923 33.923
1 4 3 33.989 33.989
1 3 3 34.055 34.055
1 2 3 34.121 34.121
1 1 3 34.121 34.121
1 4 3 34.187 34.187
1 3 3 34.254 34.254
1 2 3 34.32 34.32
1 1 3 34.386 34.386
1 4 3 34.386 34.386
1 3 3 34.452 34.452
1 2 3 34.518 34.518
1 1 3 34.584 34.584
1 4 3 34.65 34.65
1 3 3 34.716 34.716
1 2 3 34.782 34.782
1 1 3 34.782 34.782
1 4 3 34.848 34.848
1 2 3 34.914 34.914
1 1 3 34.914 34.914
1 3 3 34.98 34.98
1 4 3 35.047 35.047
1 2 3 35.113 35.113
1 3 3 35.179 35.179
1 4 3 35.245 35.245
1 1 3 35.311 35.311
1 2 3 35.311 35.311
1 3 3 35.377 35.377
1 1 3 35.443 35.443
1 4 3 35.443 35.443
1 2 3 35.509 35.509
1 3 3 35.575 35.575
1 4 3 35.641 35.641
1 2 3 35.707 35.707
1 1 3 35.707 35.707
1 3 3 35.773 35.773
1 4 3 35.839 35.839
1 1 3 35.906 35.906
1 2 3 35.972 35.972
1 3 3 36.038 36.038
1 1 3 36.104 36.104
1 4 3 36.17 36.17
1 3 3 36.236 36.236
1 2 3 36.302 36.302
1 1 3 36.368 36.368
1 4 3 36.434 36.434
1 2 3 36.5 36.5
1 3 3 36.5 36.5
1 1 3 36.566 36.566
1 3 3 36.632 36.632
1 4 3 36.632 36.632
1 2 3 36.699 36.699
1 1 3 36.765 36.765
1 4 3 36.765 36.765
1 3 3 36.831 36.831
1 2 3 36.897 36.897
1 1 3 36.963 36.963
1 3 3 37.029 37.029
1 4 3 37.029 37.029
1 2 3 37.095 37.095
1 1 3 37.161 37.161
1 2 3 37.227 37.227
1 3 3 37.293 37.293
1 4 3 37.359 37.359
1 2 3 37.425 37.425
1 1 3 37.425 37.425
1 3 3 37.491 37.491
1 1 3 37.558 37.558
1 4 3 37.558 37.558
1 2 3 37.624 37.624
1 3 3 37.69 37.69
1 4 3 37.756 37.756
1 2 3 37.822 37.822
1 1 3 37.822 37.822
1 3 3 37.888 37.888
1 4 3 37.954 37.954
1 1 3 38.02 38.02
1 3 3 38.086 38.086
1 2 3 38.086 38.086
2 4 3 38.218 38.284
2 2 3 38.35 38.417
2 3 3 38.417 38.483
2 4 3 38.483 38.549
2 1 3 38.549 38.615
2 2 3 38.615 38.681
2 3 3 38.681 38.747
2 4 3 38.747 38.813
2 1 3 38.813 38.879
2 2 3 38.879 38.945
2 3 3 38.945 39.011
2 4 3 39.011 39.077
2 1 3 39.077 39.143
1 2 3 39.143 39.143
1 3 3 39.143 39.143
1 4 3 39.276 39.276
1 3 3 39.342 39.342
1 1 3 39.408 39.408
1 2 3 39.408 39.408
1 3 3 39.474 39.474
1 4 3 39.54 39.54
1 1 3 39.606 39.606
1 2 3 39.672 39.672
1 4 3 39.738 39.738
1 1 3 39.804 39.804
1 3 3 39.804 39.804
1 2 3 39.87 39.87
1 3 3 39.936 39.936
1 4 3 39.936 39.936
1 1 3 40.002 40.002
1 2 3 40.069 40.069
1 4 3 40.135 40.135
1 3 3 40.201 40.201
1 2 3 40.267 40.267
1 1 3 40.333 40.333
1 3 3 40.399 40.399
1 4 3 40.465 40.465
1 1 3 40.531 40.531
1 2 3 40.597 40.597
1 3 3 40.663 40.663
1 1 3 40.729 40.729
1 4 3 40.795 40.795
1 3 3 40.862 40.862
1 2 3 40.928 40.928
1 1 3 40.994 40.994
1 3 3 41.06 41.06
1 4 3 41.126 41.126
1 2 3 41.192 41.192
1 1 3 41.258 41.258
1 3 3 41.258 41.258
1 4 3 41.258 41.258
1 2 3 41.324 41.324
1 3 3 41.39 41.39
1 4 3 41.456 41.456
1 1 3 41.522 41.522
1 2 3 41.588 41.588
1 1 3 41.654 41.654
1 3 3 41.654 41.654
1 4 3 41.654 41.654
1 4 3 41.787 41.787
1 1 3 41.919 41.919
1 2 3 41.919 41.919
1 3 3 41.919 41.919
1 2 3 42.051 42.051
1 1 3 42.183 42.183
1 3 3 42.183 42.183
1 4 3 42.183 42.183
1 3 3 42.315 42.315
1 2 3 42.381 42.381
1 4 3 42.447 42.447
1 1 3 42.513 42.513
1 3 3 42.58 42.58
1 4 3 42.646 42.646
1 2 3 42.712 42.712
1 3 3 42.778 42.778
1 1 3 42.844 42.844
1 4 3 42.844 42.844
1 2 3 42.91 42.91
1 3 3 42.976 42.976
1 4 3 42.976 42.976
1 1 3 43.042 43.042
1 2 3 43.108 43.108
1 3 3 43.174 43.174
1 4 3 43.24 43.24
1 1 3 43.306 43.306
1 2 3 43.373 43.373
2 3 3 43.373 43.439
2 4 3 43.439 43.505
2 2 3 43.505 43.571
2 1 3 43.571 43.637
2 3 3 43.637 43.769
2 1 3 43.769 43.901
2 2 3 43.901 44.033
1 1 3 44.033 44.033
2 3 3 44.033 44.165
2 4 3 44.165 44.298
1 1 3 44.298 44.298
2 2 3 44.298 44.562
2 3 3 44.562 44.826
1 4 3 44.694 44.694
1 1 3 44.826 44.826
2 2 3 44.826 44.892
2 3 3 44.892 44.958
2 4 3 44.958 45.024
2 1 3 45.024 45.091
2 2 3 45.091 45.157
2 3 3 45.157 45.223
2 4 3 45.223 45.289
2 2 3 45.289 45.355
2 1 3 45.355 45.421
2 3 3 45.421 45.487
1 1 3 45.487 45.487
1 2 3 45.487 45.487
1 4 3 45.487 45.487
1 1 3 45.619 45.619
1 2 3 45.619 45.619
1 4 3 45.619 45.619
1 3 3 45.685 45.685
1 2 3 45.751 45.751
1 1 3 45.817 45.817
1 2 3 45.884 45.884
1 3 3 45.884 45.884
1 4 3 45.884 45.884
1 1 3 46.28 46.28
1 2 3 46.28 46.28
1 4 3 46.28 46.28
1 1 3 46.412 46.412
1 2 3 46.412 46.412
1 4 3 46.412 46.412
1 3 3 46.478 46.478
1 4 3 46.544 46.544
1 1 3 46.61 46.61
1 2 3 46.676 46.676
1 1 3 46.743 46.743
1 3 3 46.743 46.743
1 4 3 46.743 46.743
1 2 3 46.809 46.809
1 4 3 46.875 46.875
1 3 3 46.941 46.941
1 2 3 47.007 47.007
1 1 3 47.073 47.073
1 4 3 47.139 47.139
1 3 3 47.205 47.205
1 2 3 47.271 47.271
1 1 3 47.337 47.337
1 4 3 47.403 47.403
1 3 3 47.469 47.469
1 2 3 47.536 47.536
1 1 3 47.602 47.602
1 3 3 47.602 47.602
1 4 3 47.602 47.602
1 1 3 47.734 47.734
1 3 3 47.734 47.734
1 4 3 47.734 47.734
1 2 3 47.8 47.8
1 4 3 47.866 47.866
1 3 3 47.932 47.932
1 1 3 47.998 47.998
1 2 3 47.998 47.998
1 4 3 47.998 47.998
1 1 3 48.395 48.395
1 2 3 48.395 48.395
1 4 3 48.395 48.395
1 1 3 48.527 48.527
1 2 3 48.527 48.527
1 4 3 48.527 48.527
1 3 3 48.593 48.593
1 1 3 48.659 48.659
1 2 3 48.725 48.725
1 1 3 48.791 48.791
1 3 3 48.791 48.791
1 4 3 48.791 48.791
1 2 3 48.857 48.857
1 3 3 48.923 48.923
1 4 3 48.989 48.989
1 1 3 49.055 49.055
1 2 3 49.121 49.121
1 3 3 49.187 49.187
1 4 3 49.254 49.254
1 1 3 49.32 49.32
1 2 3 49.386 49.386
1 3 3 49.452 49.452
1 4 3 49.518 49.518
1 2 3 49.584 49.584
1 3 3 49.65 49.65
1 1 3 49.716 49.716
1 2 3 49.716 49.716
1 4 3 49.716 49.716
1 3 3 49.848 49.848
2 1 3 49.98 50.245
1 4 3 49.98 49.98
1 3 3 50.113 50.113
1 2 3 50.245 50.245
2 4 3 50.245 50.509
1 1 3 50.377 50.377
1 2 3 50.509 50.509
2 3 3 50.509 50.773
1 4 3 50.641 50.641
2 1 3 50.773 51.038
1 2 3 50.773 50.773
1 3 3 50.906 50.906
2 2 3 51.038 51.302
1 4 3 51.038 51.038
1 1 3 51.17 51.17
1 4 3 51.302 51.302
2 3 3 51.302 51.566
1 2 3 51.434 51.434
1 1 3 51.566 51.566
2 4 3 51.566 51.831
1 3 3 51.699 51.699
2 2 3 51.831 52.359
1 1 3 51.831 51.831
1 3 3 51.963 51.963
1 4 3 52.095 52.095
1 1 3 52.227 52.227
1 4 3 52.359 52.359
2 3 3 52.359 52.624
1 1 3 52.491 52.491
2 2 3 52.624 52.888
1 4 3 52.624 52.624
1 3 3 52.756 52.756
2 1 3 52.888 53.417
1 4 3 52.888 52.888
1 3 3 53.02 53.02
1 2 3 53.152 53.152
1 3 3 53.284 53.284
2 2 3 53.417 53.681
1 4 3 53.417 53.417
1 1 3 53.549 53.549
1 4 3 53.681 53.681
2 3 3 53.681 53.945
1 1 3 53.813 53.813
1 2 3 53.945 53.945
2 4 3 53.945 54.21
1 3 3 54.077 54.077
1 1 3 54.21 54.21
1 2 3 54.342 54.342
2 2 3 54.474 55.795
1 4 3 54.474 54.474
1 3 3 54.606 54.606
1 1 3 54.738 54.738
1 4 3 54.87 54.87
1 3 3 55.002 55.002
1 4 3 55.135 55.135
1 1 3 55.267 55.267
1 3 3 55.399 55.399
1 4 3 55.531 55.531
1 3 3 55.663 55.663
1 1 3 55.795 55.795
1 4 3 55.928 55.928
1 1 3 56.06 56.06
1 2 3 56.06 56.06
1 3 3 56.192 56.192
2 4 3 56.192 56.324
1 1 3 56.324 56.324
2 2 3 56.324 56.456
1 3 3 56.456 56.456
2 3 3 56.588 56.721
1 4 3 56.588 56.588
1 1 3 56.721 56.721
2 2 3 56.721 56.853
1 4 3 56.853 56.853
1 2 3 56.985 56.985
2 3 3 56.985 57.117
2 1 3 57.117 57.249
1 4 3 57.117 57.117
1 2 3 57.249 57.249
1 3 3 57.381 57.381
1 4 3 57.381 57.381
1 1 3 57.513 57.513
1 2 3 57.513 57.513
1 3 3 57.58 57.58
1 4 3 57.58 57.58
1 1 3 57.646 57.646
1 2 3 57.646 57.646
1 3 3 57.778 57.778
1 4 3 57.778 57.778
1 2 3 58.042 58.042
1 3 3 58.174 58.174
1 4 3 58.174 58.174
1 1 3 58.24 58.24
1 2 3 58.24 58.24
1 3 3 58.306 58.306
1 4 3 58.306 58.306
1 1 3 58.373 58.373
1 2 3 58.373 58.373
1 3 3 58.439 58.439
1 4 3 58.439 58.439
1 2 3 58.505 58.505
1 1 3 58.571 58.571
1 3 3 58.637 58.637
1 4 3 58.703 58.703
1 1 3 58.769 58.769
1 2 3 58.835 58.835
1 3 3 58.835 58.835
1 4 3 58.901 58.901
1 1 3 58.967 58.967
1 2 3 59.033 59.033
1 3 3 59.099 59.099
1 1 3 59.165 59.165
1 2 3 59.232 59.232
1 4 3 59.232 59.232
1 3 3 59.298 59.298
1 2 3 59.364 59.364
1 1 3 59.43 59.43
1 4 3 59.496 59.496
1 3 3 59.562 59.562
1 1 3 59.628 59.628
1 2 3 59.628 59.628
1 4 3 59.694 59.694
1 3 3 59.76 59.76
1 1 3 59.826 59.826
1 2 3 59.892 59.892
1 3 3 59.958 59.958
1 4 3 60.024 60.024
1 2 3 60.157 60.157
1 3 3 60.223 60.223
1 1 3 60.289 60.289
1 2 3 60.289 60.289
1 3 3 60.355 60.355
1 4 3 60.355 60.355
1 1 3 60.421 60.421
1 2 3 60.421 60.421
1 3 3 60.487 60.487
1 4 3 60.487 60.487
1 1 3 60.553 60.553
1 2 3 60.553 60.553
1 3 3 60.685 60.685
1 2 3 60.751 60.751
1 1 3 60.817 60.817
1 2 3 60.95 60.95
1 4 3 60.95 60.95
1 3 3 61.082 61.082
1 1 3 61.214 61.214
1 2 3 61.346 61.346
1 4 3 61.346 61.346
1 3 3 61.478 61.478
1 1 3 61.61 61.61
1 2 3 61.61 61.61
1 3 3 61.743 61.743
1 4 3 61.743 61.743
1 2 3 61.809 61.809
1 1 3 61.875 61.875
1 3 3 61.941 61.941
1 4 3 62.007 62.007
1 2 3 62.073 62.073
1 3 3 62.139 62.139
1 4 3 62.205 62.205
1 1 3 62.271 62.271
1 2 3 62.337 62.337
1 1 3 62.403 62.403
1 3 3 62.403 62.403
1 4 3 62.403 62.403
1 1 3 62.668 62.668
1 2 3 62.8 62.8
1 3 3 62.932 62.932
1 2 3 63.064 63.064
1 3 3 63.196 63.196
1 4 3 63.328 63.328
1 1 3 63.461 63.461
1 3 3 63.461 63.461
1 2 3 63.593 63.593
1 1 3 63.725 63.725
1 3 3 63.857 63.857
1 4 3 63.857 63.857
1 2 3 63.989 63.989
1 1 3 64.121 64.121
1 2 3 64.254 64.254
1 4 3 64.254 64.254
1 3 3 64.386 64.386
1 1 3 64.518 64.518
1 4 3 64.518 64.518
1 2 3 64.914 64.914
1 3 3 64.914 64.914
1 1 3 65.311 65.311
1 4 3 65.575 65.575
1 3 3 65.619 65.619
1 2 3 65.663 65.663
1 1 3 66.104 66.104
1 2 3 66.5 66.5
1 3 3 66.5 66.5
1 2 3 66.632 66.632
1 3 3 66.632 66.632
2 1 3 69.276 69.804
2 2 3 69.804 70.333
2 3 3 70.333 70.862
1 1 3 70.862 70.862
1 2 3 70.862 70.862
1 4 3 70.862 70.862
1 3 3 70.928 70.928
1 4 3 70.994 70.994
1 1 3 71.06 71.06
1 2 3 71.126 71.126
1 3 3 71.126 71.126
1 4 3 71.192 71.192
1 1 3 71.258 71.258
1 2 3 71.324 71.324
1 3 3 71.39 71.39
1 4 3 71.456 71.456
1 1 3 71.522 71.522
1 2 3 71.588 71.588
1 3 3 71.654 71.654
1 4 3 71.654 71.654
1 1 3 71.721 71.721
1 2 3 71.787 71.787
1 3 3 71.853 71.853
1 1 3 71.919 71.919
1 4 3 71.919 71.919
1 3 3 71.985 71.985
1 2 3 72.051 72.051
1 1 3 72.117 72.117
1 4 3 72.183 72.183
1 3 3 72.249 72.249
1 1 3 72.315 72.315
1 2 3 72.315 72.315
1 3 3 72.381 72.381
1 1 3 72.447 72.447
1 2 3 72.513 72.513
1 3 3 72.58 72.58
1 4 3 72.58 72.58
1 2 3 72.646 72.646
1 3 3 72.712 72.712
1 4 3 72.778 72.778
1 1 3 72.844 72.844
1 2 3 72.91 72.91
1 4 3 72.976 72.976
1 3 3 72.976 72.976
1 1 3 73.042 73.042
1 2 3 73.108 73.108
1 3 3 73.174 73.174
1 1 3 73.24 73.24
1 2 3 73.306 73.306
1 4 3 73.373 73.373
1 3 3 73.439 73.439
1 2 3 73.505 73.505
1 1 3 73.571 73.571
1 3 3 73.637 73.637
1 4 3 73.637 73.637
1 2 3 73.703 73.703
1 1 3 73.769 73.769
1 3 3 73.835 73.835
1 4 3 73.901 73.901
1 1 3 73.967 73.967
1 2 3 74.033 74.033
1 3 3 74.099 74.099
1 1 3 74.165 74.165
1 4 3 74.165 74.165
1 2 3 74.232 74.232
1 3 3 74.298 74.298
1 1 3 74.364 74.364
1 4 3 74.43 74.43
1 3 3 74.496 74.496
1 1 3 74.562 74.562
1 2 3 74.562 74.562
1 4 3 74.628 74.628
1 3 3 74.694 74.694
1 1 3 74.76 74.76
1 2 3 74.826 74.826
1 3 3 74.892 74.892
1 1 3 74.958 74.958
1 2 3 75.024 75.024
1 3 3 75.091 75.091
1 4 3 75.091 75.091
1 1 3 75.157 75.157
1 4 3 75.223 75.223
1 3 3 75.289 75.289
1 2 3 75.355 75.355
1 1 3 75.421 75.421
1 4 3 75.487 75.487
1 3 3 75.553 75.553
1 1 3 75.619 75.619
1 2 3 75.685 75.685
1 3 3 75.751 75.751
1 4 3 75.751 75.751
1 1 3 75.817 75.817
1 2 3 75.884 75.884
1 4 3 75.95 75.95
1 3 3 76.016 76.016
1 2 3 76.082 76.082
1 1 3 76.148 76.148
1 4 3 76.148 76.148
1 3 3 76.214 76.214
1 2 3 76.28 76.28
1 1 3 76.346 76.346
1 4 3 76.412 76.412
1 3 3 76.478 76.478
1 1 3 76.544 76.544
1 2 3 76.544 76.544
1 3 3 76.61 76.61
1 4 3 76.676 76.676
1 1 3 76.743 76.743
1 2 3 76.809 76.809
1 3 3 76.809 76.809
1 4 3 76.875 76.875
1 1 3 76.941 76.941
1 2 3 77.007 77.007
1 4 3 77.073 77.073
1 3 3 77.139 77.139
1 1 3 77.205 77.205
1 2 3 77.205 77.205
1 4 3 77.271 77.271
1 3 3 77.337 77.337
1 2 3 77.403 77.403
1 4 3 77.469 77.469
1 3 3 77.536 77.536
1 2 3 77.602 77.602
1 1 3 77.668 77.668
1 3 3 77.734 77.734
1 4 3 77.8 77.8
1 1 3 77.866 77.866
1 2 3 77.866 77.866
1 3 3 77.998 77.998
1 4 3 78.13 78.13
1 1 3 78.262 78.262
1 2 3 78.262 78.262
1 3 3 78.328 78.328
1 4 3 78.395 78.395
1 1 3 78.461 78.461
1 2 3 78.527 78.527
1 3 3 78.527 78.527
1 3 3 78.659 78.659
1 4 3 78.659 78.659
1 2 3 78.725 78.725
1 1 3 78.791 78.791
1 4 3 78.857 78.857
1 3 3 78.923 78.923
1 1 3 79.055 79.055
1 2 3 79.121 79.121
1 4 3 79.187 79.187
1 3 3 79.254 79.254
1 1 3 79.32 79.32
1 2 3 79.32 79.32
1 4 3 79.32 79.32
1 3 3 79.386 79.386
1 2 3 79.452 79.452
1 1 3 79.518 79.518
1 4 3 79.584 79.584
1 3 3 79.65 79.65
1 2 3 79.716 79.716
1 1 3 79.782 79.782
1 4 3 79.848 79.848
1 3 3 79.914 79.914
1 2 3 79.98 79.98
1 4 3 79.98 79.98
1 1 3 80.047 80.047
1 3 3 80.113 80.113
1 2 3 80.179 80.179
1 1 3 80.245 80.245
1 2 3 80.311 80.311
1 4 3 80.377 80.377
1 3 3 80.377 80.377
1 1 3 80.443 80.443
1 2 3 80.509 80.509
1 3 3 80.575 80.575
1 4 3 80.641 80.641
1 2 3 80.707 80.707
1 4 3 80.773 80.773
1 1 3 80.773 80.773
1 3 3 80.839 80.839
1 2 3 80.906 80.906
1 1 3 80.972 80.972
1 4 3 81.038 81.038
1 3 3 81.038 81.038
1 2 3 81.104 81.104
1 1 3 81.17 81.17
1 2 3 81.236 81.236
1 3 3 81.302 81.302
1 4 3 81.368 81.368
1 1 3 81.434 81.434
1 3 3 81.434 81.434
1 2 3 81.434 81.434
1 2 3 81.831 81.831
1 3 3 81.831 81.831
1 1 3 82.227 82.227
1 2 3 82.227 82.227
1 4 3 82.227 82.227
1 3 3 82.293 82.293
1 2 3 82.359 82.359
1 1 3 82.425 82.425
1 3 3 82.491 82.491
1 4 3 82.558 82.558
1 1 3 82.624 82.624
1 2 3 82.69 82.69
1 3 3 82.756 82.756
1 4 3 82.822 82.822
1 2 3 82.888 82.888
1 1 3 82.954 82.954
1 3 3 83.02 83.02
1 4 3 83.02 83.02
1 2 3 83.086 83.086
1 1 3 83.152 83.152
1 3 3 83.218 83.218
1 4 3 83.284 83.284
1 1 3 83.35 83.35
1 2 3 83.417 83.417
1 3 3 83.483 83.483
1 1 3 83.549 83.549
1 2 3 83.549 83.549
1 4 3 83.549 83.549
1 3 3 83.615 83.615
1 4 3 83.681 83.681
1 1 3 83.747 83.747
1 2 3 83.813 83.813
1 3 3 83.879 83.879
1 1 3 83.945 83.945
1 2 3 84.011 84.011
1 3 3 84.077 84.077
1 4 3 84.143 84.143
1 2 3 84.21 84.21
1 3 3 84.21 84.21
1 1 3 84.276 84.276
1 4 3 84.342 84.342
1 3 3 84.408 84.408
1 2 3 84.474 84.474
1 1 3 84.54 84.54
1 3 3 84.606 84.606
1 4 3 84.606 84.606
1 2 3 84.672 84.672
1 1 3 84.738 84.738
1 3 3 84.804 84.804
1 4 3 84.87 84.87
1 1 3 84.936 84.936
1 2 3 85.002 85.002
1 3 3 85.002 85.002
1 4 3 85.069 85.069
1 1 3 85.135 85.135
1 2 3 85.201 85.201
1 3 3 85.267 85.267
1 4 3 85.267 85.267
1 2 3 85.333 85.333
1 1 3 85.399 85.399
1 3 3 85.465 85.465
1 2 3 85.531 85.531
1 1 3 85.597 85.597
1 3 3 85.663 85.663
1 4 3 85.663 85.663
1 2 3 85.729 85.729
1 1 3 85.795 85.795
1 3 3 85.862 85.862
1 4 3 85.928 85.928
1 1 3 85.994 85.994
1 2 3 86.06 86.06
1 3 3 86.126 86.126
1 4 3 86.192 86.192
1 1 3 86.258 86.258
1 3 3 86.324 86.324
1 2 3 86.324 86.324
1 4 3 86.39 86.39
1 1 3 86.456 86.456
1 2 3 86.522 86.522
1 4 3 86.588 86.588
1 3 3 86.654 86.654
1 2 3 86.721 86.721
1 1 3 86.787 86.787
1 3 3 86.853 86.853
1 4 3 86.853 86.853
1 2 3 86.919 86.919
1 1 3 86.985 86.985
1 3 3 87.051 87.051
1 4 3 87.117 87.117
1 1 3 87.183 87.183
1 2 3 87.249 87.249
1 3 3 87.249 87.249
1 4 3 87.315 87.315
1 1 3 87.381 87.381
1 2 3 87.447 87.447
1 3 3 87.513 87.513
1 4 3 87.58 87.58
1 1 3 87.646 87.646
1 2 3 87.712 87.712
1 1 3 87.778 87.778
1 3 3 87.778 87.778
1 4 3 87.778 87.778
1 2 3 87.844 87.844
1 3 3 87.91 87.91
1 4 3 87.976 87.976
1 1 3 88.042 88.042
1 2 3 88.108 88.108
1 3 3 88.174 88.174
1 1 3 88.24 88.24
1 2 3 88.306 88.306
1 3 3 88.373 88.373
1 4 3 88.439 88.439
1 2 3 88.505 88.505
1 1 3 88.571 88.571
1 4 3 88.637 88.637
1 3 3 88.703 88.703
1 2 3 88.769 88.769
1 1 3 88.835 88.835
1 4 3 88.901 88.901
1 2 3 88.967 88.967
1 3 3 88.967 88.967
1 1 3 89.033 89.033
1 4 3 89.099 89.099
1 3 3 89.165 89.165
1 1 3 89.232 89.232
1 2 3 89.298 89.298
1 3 3 89.364 89.364
1 4 3 89.43 89.43
1 1 3 89.496 89.496
1 2 3 89.496 89.496
1 3 3 89.562 89.562
1 4 3 89.628 89.628
1 2 3 89.694 89.694
1 1 3 89.76 89.76
1 4 3 89.826 89.826
1 3 3 89.892 89.892
1 2 3 89.958 89.958
1 1 3 90.024 90.024
1 4 3 90.024 90.024
1 3 3 90.091 90.091
1 2 3 90.157 90.157
1 4 3 90.223 90.223
1 1 3 90.289 90.289
1 2 3 90.355 90.355
1 3 3 90.421 90.421
1 1 3 90.487 90.487
1 2 3 90.553 90.553
1 4 3 90.619 90.619
1 3 3 90.685 90.685
1 2 3 90.751 90.751
1 1 3 90.817 90.817
1 4 3 90.884 90.884
1 3 3 90.95 90.95
1 1 3 91.016 91.016
1 2 3 91.082 91.082
1 3 3 91.082 91.082
1 4 3 91.148 91.148
1 1 3 91.214 91.214
1 2 3 91.28 91.28
1 3 3 91.346 91.346
1 4 3 91.412 91.412
1 2 3 91.478 91.478
1 1 3 91.544 91.544
1 3 3 91.61 91.61
1 4 3 91.61 91.61
1 2 3 91.676 91.676
1 1 3 91.743 91.743
1 3 3 91.809 91.809
1 4 3 91.875 91.875
1 1 3 91.941 91.941
1 2 3 92.007 92.007
1 3 3 92.073 92.073
1 1 3 92.139 92.139
1 4 3 92.139 92.139
1 2 3 92.205 92.205
1 3 3 92.271 92.271
1 1 3 92.337 92.337
1 4 3 92.403 92.403
1 3 3 92.469 92.469
1 2 3 92.536 92.536
1 1 3 92.602 92.602
1 3 3 92.668 92.668
1 4 3 92.734 92.734
1 2 3 92.8 92.8
1 1 3 92.866 92.866
1 3 3 92.932 92.932
1 2 3 92.998 92.998
1 1 3 93.064 93.064
1 4 3 93.13 93.13
1 2 3 93.196 93.196
1 3 3 93.196 93.196
1 1 3 93.262 93.262
1 2 3 93.328 93.328
1 4 3 93.395 93.395
1 3 3 93.461 93.461
1 1 3 93.527 93.527
1 2 3 93.593 93.593
1 3 3 93.659 93.659
1 4 3 93.725 93.725
1 1 3 93.725 93.725
1 2 3 93.791 93.791
1 4 3 93.857 93.857
1 3 3 93.923 93.923
1 2 3 93.989 93.989
1 1 3 94.055 94.055
1 4 3 94.121 94.121
1 3 3 94.121 94.121
1 2 3 94.187 94.187
1 3 3 94.254 94.254
1 1 3 94.32 94.32
1 2 3 94.386 94.386
1 3 3 94.452 94.452
1 1 3 94.518 94.518
1 4 3 94.518 94.518
1 3 3 94.584 94.584
1 2 3 94.65 94.65
1 1 3 94.716 94.716
1 3 3 94.782 94.782
1 4 3 94.848 94.848
1 2 3 94.914 94.914
1 1 3 94.914 94.914
1 3 3 94.98 94.98
1 4 3 95.047 95.047
1 1 3 95.113 95.113
1 2 3 95.179 95.179
1 3 3 95.179 95.179
1 4 3 95.245 95.245
1 1 3 95.311 95.311
1 2 3 95.377 95.377
1 1 3 95.443 95.443
1 3 3 95.443 95.443
1 4 3 95.509 95.509
1 1 3 95.575 95.575
1 2 3 95.641 95.641
1 4 3 95.707 95.707
1 3 3 95.707 95.707
1 1 3 95.773 95.773
1 3 3 95.839 95.839
1 2 3 95.906 95.906
1 1 3 95.972 95.972
1 4 3 95.972 95.972
1 3 3 96.038 96.038
1 2 3 96.104 96.104
1 3 3 96.17 96.17
2 1 3 96.236 97.293
2 4 3 96.236 97.293
1 2 3 97.293 97.293
1 1 3 98.086 98.086
1 2 3 98.218 98.218
1 1 3 98.35 98.35
1 3 3 98.35 98.35
1 4 3 98.35 98.35
1 1 3 99.011 99.011
1 4 3 99.143 99.143
1 2 3 99.276 99.276
1 3 3 99.408 99.408
1 4 3 100.201 100.201
1 2 3 100.333 100.333
1 3 3 100.465 100.465
1 1 3 102.183 102.183
1 2 3 102.315 102.315
1 3 3 102.447 102.447
1 4 3 102.58 102.58
1 1 3 103.24 103.24
1 2 3 103.373 103.373
1 4 3 103.505 103.505
1 3 3 103.637 103.637
1 2 3 104.165 104.165
1 3 3 104.694 104.694
1 4 3 105.091 105.091
1 1 3 105.487 105.487
1 1 3 106.809 106.809
1 3 3 106.809 106.809
1 4 3 106.809 106.809
1 2 3 107.073 107.073
1 3 3 107.337 107.337
1 4 3 107.337 107.337
1 2 3 107.602 107.602
1 1 3 107.734 107.734
1 3 3 107.866 107.866
1 4 3 107.866 107.866
1 2 3 107.998 107.998
1 3 3 108.13 108.13
1 4 3 108.262 108.262
1 1 3 108.395 108.395
1 3 3 108.395 108.395
1 2 3 108.527 108.527
1 4 3 108.659 108.659
1 3 3 108.791 108.791
1 1 3 108.923 108.923
1 2 3 108.923 108.923
1 3 3 109.055 109.055
1 4 3 109.187 109.187
1 1 3 109.32 109.32
1 2 3 109.452 109.452
1 4 3 109.584 109.584
1 1 3 109.716 109.716
1 3 3 109.716 109.716
1 2 3 109.848 109.848
1 3 3 109.98 109.98
1 1 3 110.113 110.113
1 2 3 110.113 110.113
1 3 3 110.245 110.245
1 4 3 110.245 110.245
1 1 3 110.377 110.377
1 2 3 110.509 110.509
1 4 3 110.509 110.509
1 3 3 110.641 110.641
1 1 3 110.773 110.773
1 2 3 110.773 110.773
1 3 3 110.906 110.906
1 4 3 110.906 110.906
1 1 3 111.038 111.038
1 2 3 111.038 111.038
1 3 3 111.17 111.17
1 4 3 111.302 111.302
1 1 3 111.434 111.434
1 2 3 111.5 111.5
1 3 3 111.566 111.566
1 4 3 111.632 111.632
1 2 3 111.699 111.699
1 1 3 111.831 111.831
1 3 3 111.831 111.831
1 4 3 111.963 111.963
1 1 3 112.095 112.095
1 2 3 112.095 112.095
1 3 3 112.227 112.227
1 4 3 112.293 112.293
1 1 3 112.359 112.359
1 2 3 112.425 112.425
1 3 3 112.491 112.491
1 4 3 112.491 112.491
1 1 3 112.558 112.558
1 2 3 112.624 112.624
1 3 3 112.69 112.69
1 4 3 112.756 112.756
1 1 3 112.888 112.888
1 2 3 112.888 112.888
2 1 3 113.152 113.549
1 3 3 113.152 113.152
1 4 3 113.152 113.152
2 2 3 113.549 113.945
2 4 3 113.945 114.738
1 3 3 115.002 115.002
1 2 3 115.135 115.135
1 1 3 115.267 115.267
1 3 3 115.267 115.267
1 4 3 115.267 115.267
1 2 3 115.333 115.333
1 3 3 115.399 115.399
1 4 3 115.465 115.465
1 2 3 115.531 115.531
1 3 3 115.531 115.531
1 1 3 115.597 115.597
1 2 3 115.663 115.663
1 3 3 115.729 115.729
1 1 3 115.795 115.795
1 4 3 115.795 115.795
1 2 3 115.862 115.862
1 3 3 115.928 115.928
1 4 3 115.994 115.994
1 1 3 116.06 116.06
1 2 3 116.06 116.06
1 4 3 116.126 116.126
1 2 3 116.192 116.192
1 3 3 116.192 116.192
1 1 3 116.258 116.258
1 3 3 116.324 116.324
1 4 3 116.324 116.324
1 2 3 116.39 116.39
1 1 3 116.456 116.456
1 4 3 116.522 116.522
1 3 3 116.588 116.588
1 2 3 116.588 116.588
1 1 3 116.654 116.654
1 4 3 116.721 116.721
1 3 3 116.787 116.787
1 1 3 116.853 116.853
1 2 3 116.853 116.853
1 4 3 116.919 116.919
1 3 3 116.985 116.985
1 1 3 117.051 117.051
1 2 3 117.117 117.117
1 3 3 117.117 117.117
1 4 3 117.183 117.183
1 2 3 117.249 117.249
1 1 3 117.249 117.249
1 3 3 117.315 117.315
1 4 3 117.381 117.381
1 1 3 117.381 117.381
1 2 3 117.447 117.447
1 4 3 117.513 117.513
1 3 3 117.58 117.58
1 1 3 117.646 117.646
1 2 3 117.646 117.646
1 3 3 117.712 117.712
1 4 3 117.778 117.778
1 1 3 117.844 117.844
1 2 3 117.91 117.91
1 3 3 117.91 117.91
1 4 3 117.976 117.976
1 1 3 118.042 118.042
1 2 3 118.108 118.108
1 3 3 118.174 118.174
1 4 3 118.174 118.174
1 2 3 118.24 118.24
1 1 3 118.306 118.306
1 4 3 118.373 118.373
1 2 3 118.439 118.439
1 3 3 118.439 118.439
1 1 3 118.505 118.505
1 3 3 118.571 118.571
1 4 3 118.637 118.637
1 1 3 118.703 118.703
1 2 3 118.703 118.703
1 3 3 118.769 118.769
1 4 3 118.835 118.835
1 1 3 118.901 118.901
1 2 3 118.967 118.967
1 4 3 118.967 118.967
1 3 3 119.033 119.033
1 2 3 119.099 119.099
1 1 3 119.099 119.099
1 3 3 119.165 119.165
1 1 3 119.232 119.232
1 4 3 119.232 119.232
1 2 3 119.298 119.298
1 3 3 119.364 119.364
1 4 3 119.364 119.364
1 2 3 119.43 119.43
1 1 3 119.496 119.496
1 4 3 119.496 119.496
1 3 3 119.562 119.562
1 2 3 119.628 119.628
1 3 3 119.694 119.694
1 1 3 119.76 119.76
1 4 3 119.76 119.76
1 2 3 119.826 119.826
1 3 3 119.892 119.892
1 4 3 119.958 119.958
1 2 3 120.024 120.024
1 1 3 120.024 120.024
1 3 3 120.091 120.091
1 2 3 120.157 120.157
1 4 3 120.157 120.157
1 1 3 120.223 120.223
1 3 3 120.289 120.289
1 2 3 120.289 120.289
1 4 3 120.355 120.355
1 1 3 120.421 120.421
1 3 3 120.421 120.421
1 2 3 120.487 120.487
1 1 3 120.553 120.553
1 4 3 120.553 120.553
1 2 3 120.619 120.619
1 3 3 120.685 120.685
1 4 3 120.751 120.751
1 1 3 120.817 120.817
1 2 3 120.817 120.817
1 3 3 120.884 120.884
1 4 3 120.95 120.95
1 3 3 121.016 121.016
1 1 3 121.082 121.082
1 2 3 121.082 121.082
1 4 3 121.148 121.148
1 3 3 121.214 121.214
1 2 3 121.28 121.28
1 1 3 121.346 121.346
1 4 3 121.346 121.346
1 3 3 121.412 121.412
1 2 3 121.478 121.478
1 1 3 121.544 121.544
1 4 3 121.61 121.61
1 3 3 121.61 121.61
1 2 3 121.676 121.676
1 3 3 121.743 121.743
1 4 3 121.809 121.809
1 2 3 121.875 121.875
1 1 3 121.875 121.875
1 3 3 121.941 121.941
1 2 3 122.007 122.007
1 4 3 122.007 122.007
1 1 3 122.073 122.073
1 2 3 122.139 122.139
1 3 3 122.139 122.139
1 4 3 122.205 122.205
1 3 3 122.271 122.271
1 2 3 122.337 122.337
1 4 3 122.403 122.403
1 1 3 122.403 122.403
1 3 3 122.469 122.469
1 2 3 122.536 122.536
1 1 3 122.602 122.602
1 3 3 122.668 122.668
1 4 3 122.668 122.668
1 2 3 122.734 122.734
1 1 3 122.8 122.8
1 2 3 122.866 122.866
1 3 3 122.932 122.932
1 4 3 122.932 122.932
1 2 3 122.998 122.998
1 1 3 123.064 123.064
1 4 3 123.13 123.13
1 2 3 123.196 123.196
1 3 3 123.196 123.196
1 1 3 123.262 123.262
1 4 3 123.328 123.328
1 2 3 123.395 123.395
1 1 3 123.461 123.461
1 3 3 123.461 123.461
1 4 3 123.527 123.527
1 1 3 123.593 123.593
1 2 3 123.659 123.659
1 1 3 123.725 123.725
1 3 3 123.725 123.725
1 4 3 123.725 123.725
1 2 3 123.791 123.791
1 3 3 123.857 123.857
1 4 3 123.923 123.923
1 1 3 123.989 123.989
1 2 3 123.989 123.989
1 3 3 124.055 124.055
1 4 3 124.121 124.121
1 1 3 124.187 124.187
1 2 3 124.254 124.254
1 3 3 124.254 124.254
1 4 3 124.32 124.32
1 1 3 124.386 124.386
1 2 3 124.452 124.452
1 3 3 124.518 124.518
1 4 3 124.518 124.518
1 2 3 124.584 124.584
1 1 3 124.65 124.65
1 3 3 124.65 124.65
1 4 3 124.716 124.716
1 2 3 124.782 124.782
1 3 3 124.782 124.782
1 1 3 124.848 124.848
1 4 3 124.914 124.914
1 3 3 124.98 124.98
1 2 3 125.047 125.047
1 1 3 125.047 125.047
1 4 3 125.113 125.113
1 3 3 125.179 125.179
1 2 3 125.245 125.245
1 1 3 125.311 125.311
1 4 3 125.311 125.311
1 3 3 125.377 125.377
1 2 3 125.443 125.443
1 4 3 125.443 125.443
1 1 3 125.509 125.509
1 2 3 125.575 125.575
1 3 3 125.575 125.575
1 4 3 125.641 125.641
1 1 3 125.707 125.707
1 2 3 125.707 125.707
1 3 3 125.773 125.773
1 1 3 125.839 125.839
1 4 3 125.839 125.839
1 2 3 125.906 125.906
1 3 3 125.972 125.972
1 4 3 126.038 126.038
1 2 3 126.104 126.104
1 3 3 126.104 126.104
1 1 3 126.17 126.17
1 4 3 126.236 126.236
1 3 3 126.302 126.302
1 1 3 126.368 126.368
1 2 3 126.368 126.368
1 3 3 126.434 126.434
1 4 3 126.5 126.5
1 1 3 126.566 126.566
1 2 3 126.632 126.632
1 3 3 126.632 126.632
1 4 3 126.699 126.699
1 1 3 126.765 126.765
1 2 3 126.831 126.831
1 4 3 126.897 126.897
1 3 3 126.897 126.897
1 1 3 126.963 126.963
1 2 3 127.029 127.029
1 3 3 127.095 127.095
1 1 3 127.161 127.161
1 4 3 127.161 127.161
1 2 3 127.227 127.227
1 4 3 127.293 127.293
1 3 3 127.359 127.359
1 2 3 127.425 127.425
1 1 3 127.425 127.425
1 4 3 127.491 127.491
1 3 3 127.558 127.558
1 2 3 127.558 127.558
1 1 3 127.624 127.624
1 4 3 127.69 127.69
1 2 3 127.69 127.69
1 3 3 127.756 127.756
1 2 3 127.822 127.822
1 1 3 127.822 127.822
1 3 3 127.888 127.888
2 1 3 127.954 128.218
2 4 3 127.954 128.218
1 2 3 128.35 128.35
1 3 3 128.35 128.35
1 4 3 128.483 128.483
1 3 3 128.615 128.615
1 1 3 128.747 128.747
1 2 3 128.747 128.747
1 3 3 128.813 128.813
1 1 3 128.879 128.879
1 4 3 128.879 128.879
1 2 3 128.945 128.945
1 1 3 129.011 129.011
1 3 3 129.011 129.011
1 4 3 129.077 129.077
1 3 3 129.143 129.143
1 2 3 129.21 129.21
1 1 3 129.276 129.276
1 4 3 129.276 129.276
1 3 3 129.342 129.342
1 2 3 129.408 129.408
1 1 3 129.474 129.474
1 3 3 129.54 129.54
1 4 3 129.54 129.54
1 2 3 129.606 129.606
1 1 3 129.672 129.672
1 3 3 129.738 129.738
1 2 3 129.804 129.804
1 4 3 129.804 129.804
1 1 3 129.87 129.87
1 3 3 129.936 129.936
1 2 3 130.002 130.002
2 1 3 130.069 130.399
2 3 3 130.069 130.399
2 2 3 130.465 130.795
2 3 3 130.465 130.795
2 2 3 130.862 131.126
2 4 3 130.862 131.654
1 3 3 131.126 131.126
1 2 3 131.214 131.214
1 1 3 131.302 131.302
1 3 3 131.39 131.39
1 2 3 131.478 131.478
1 1 3 131.566 131.566
1 3 3 131.654 131.654
1 2 3 131.654 131.654
1 2 3 131.787 131.787
1 3 3 131.787 131.787
1 1 3 132.183 132.183
1 2 3 132.183 132.183
1 4 3 132.183 132.183
1 1 3 132.315 132.315
1 2 3 132.315 132.315
1 4 3 132.315 132.315
1 1 3 132.58 132.58
1 2 3 132.58 132.58
1 4 3 132.58 132.58
1 1 3 132.712 132.712
1 2 3 132.712 132.712
1 4 3 132.712 132.712
1 1 3 132.976 132.976
1 2 3 132.976 132.976
1 4 3 132.976 132.976
1 1 3 133.108 133.108
1 2 3 133.108 133.108
1 4 3 133.108 133.108
1 1 3 133.373 133.373
1 2 3 133.373 133.373
1 4 3 133.373 133.373
1 1 3 133.505 133.505
1 2 3 133.505 133.505
1 4 3 133.505 133.505
1 1 3 133.769 133.769
1 2 3 133.769 133.769
1 4 3 133.769 133.769
1 1 3 133.901 133.901
1 2 3 133.901 133.901
1 4 3 133.901 133.901
1 1 3 134.165 134.165
1 2 3 134.165 134.165
1 4 3 134.165 134.165
1 1 3 134.298 134.298
1 2 3 134.298 134.298
1 3 3 134.298 134.298
1 1 3 134.562 134.562
1 2 3 134.562 134.562
1 3 3 134.562 134.562
1 1 3 134.694 134.694
1 2 3 134.694 134.694
1 3 3 134.694 134.694
1 1 3 134.958 134.958
1 2 3 134.958 134.958
1 3 3 134.958 134.958
1 1 3 135.091 135.091
1 2 3 135.091 135.091
1 3 3 135.091 135.091
1 1 3 135.355 135.355
1 2 3 135.355 135.355
1 3 3 135.355 135.355
1 1 3 135.487 135.487
1 2 3 135.487 135.487
1 3 3 135.487 135.487
1 1 3 135.751 135.751
1 3 3 135.751 135.751
1 4 3 135.751 135.751
1 1 3 135.884 135.884
1 3 3 135.884 135.884
1 4 3 135.884 135.884
1 1 3 136.016 136.016
1 3 3 136.016 136.016
1 4 3 136.016 136.016
1 1 3 136.148 136.148
1 3 3 136.148 136.148
1 4 3 136.148 136.148
1 1 3 136.28 136.28
1 3 3 136.28 136.28
1 4 3 136.28 136.28
1 1 3 136.544 136.544
1 2 3 136.544 136.544
1 4 3 136.544 136.544
1 1 3 136.676 136.676
1 2 3 136.676 136.676
1 4 3 136.676 136.676
1 1 3 136.941 136.941
1 2 3 136.941 136.941
1 4 3 136.941 136.941
1 1 3 137.073 137.073
1 2 3 137.073 137.073
1 4 3 137.073 137.073
1 1 3 137.337 137.337
1 3 3 137.337 137.337
1 4 3 137.337 137.337
1 1 3 137.469 137.469
1 3 3 137.469 137.469
1 4 3 137.469 137.469
1 1 3 137.734 137.734
1 3 3 137.734 137.734
1 4 3 137.734 137.734
1 1 3 137.866 137.866
1 3 3 137.866 137.866
1 4 3 137.866 137.866
1 1 3 138.13 138.13
1 3 3 138.13 138.13
1 4 3 138.13 138.13
1 1 3 138.262 138.262
1 3 3 138.262 138.262
1 4 3 138.262 138.262
1 2 3 138.527 138.527
1 3 3 138.527 138.527
1 4 3 138.527 138.527
1 2 3 138.659 138.659
1 3 3 138.659 138.659
1 4 3 138.659 138.659
1 1 3 138.923 138.923
1 3 3 138.923 138.923
1 4 3 138.923 138.923
1 1 3 139.055 139.055
1 3 3 139.055 139.055
1 4 3 139.055 139.055
1 1 3 139.32 139.32
1 2 3 139.32 139.32
1 3 3 139.32 139.32
1 1 3 139.452 139.452
1 2 3 139.452 139.452
1 3 3 139.452 139.452
1 1 3 139.716 139.716
1 2 3 139.716 139.716
1 4 3 139.716 139.716
1 1 3 139.848 139.848
1 2 3 139.848 139.848
1 4 3 139.848 139.848
1 1 3 139.98 139.98
1 2 3 139.98 139.98
1 4 3 139.98 139.98
1 1 3 140.113 140.113
1 2 3 140.113 140.113
1 4 3 140.113 140.113
1 1 3 140.245 140.245
1 2 3 140.245 140.245
1 4 3 140.245 140.245
1 1 3 140.377 140.377
1 2 3 140.377 140.377
1 4 3 140.377 140.377
1 1 3 140.509 140.509
1 2 3 140.509 140.509
1 4 3 140.509 140.509
1 1 3 141.699 141.699
1 2 3 141.699 141.699
1 3 3 141.699 141.699
1 4 3 141.699 141.699
1 2 3 142.756 142.756
1 2 3 143.846 143.846
1 3 3 143.896 143.896
1 4 3 143.989 143.989
