1 4 3 0.056 0.056
1 3 3 0.086 0.086
1 4 3 1.043 1.043
1 3 3 1.074 1.074
1 4 3 2.031 2.031
1 3 3 2.062 2.062
1 4 3 3.018 3.018
1 3 3 3.049 3.049
1 4 3 4.006 4.006
1 3 3 4.037 4.037
1 4 3 4.994 4.994
1 3 3 5.025 5.025
1 4 3 5.981 5.981
1 3 3 6.012 6.012
1 4 3 6.969 6.969
1 3 3 7 7
1 4 3 7.957 7.957
2 3 3 7.988 8.636
2 2 3 8.697 8.759
2 1 3 8.728 8.821
1 4 3 8.944 8.944
2 1 3 8.975 11.167
1 4 3 9.932 9.932
1 3 3 9.963 9.963
1 4 3 10.92 10.92
1 3 3 10.951 10.951
1 4 3 11.907 11.907
1 3 3 11.938 11.938
1 4 3 12.895 12.895
1 3 3 12.926 12.926
1 4 3 13.883 13.883
1 3 3 13.914 13.914
1 4 3 14.87 14.87
1 3 3 14.901 14.901
1 4 3 15.858 15.858
2 3 3 15.889 16.537
2 2 3 16.599 16.66
2 1 3 16.63 16.722
1 4 3 16.846 16.846
2 1 3 16.876 19.068
1 4 3 17.833 17.833
1 3 3 17.864 17.864
1 4 3 18.821 18.821
1 3 3 18.852 18.852
1 4 3 19.809 19.809
1 3 3 19.839 19.839
1 4 3 20.796 20.796
1 3 3 20.827 20.827
1 4 3 21.784 21.784
1 3 3 21.815 21.815
1 4 3 22.772 22.772
1 3 3 22.802 22.802
2 4 3 23.759 23.944
2 3 3 23.79 24.438
2 2 3 24.13 24.315
2 2 3 24.5 24.562
2 4 3 24.5 24.685
2 1 3 24.531 24.623
1 4 3 24.747 24.747
2 1 3 24.778 26.969
2 3 3 24.994 25.179
2 2 3 25.241 25.302
2 4 3 25.364 25.488
2 4 3 25.735 25.92
1 3 3 25.765 25.765
2 3 3 26.105 26.29
2 2 3 26.475 26.66
1 4 3 26.722 26.722
1 3 3 26.753 26.753
2 4 3 26.969 27.154
2 1 3 27.216 27.278
2 3 3 27.339 27.463
2 4 3 27.71 27.895
1 3 3 27.741 27.741
2 2 3 28.08 28.265
2 4 3 28.204 28.327
2 1 3 28.451 28.636
2 3 3 28.451 28.574
2 4 3 28.697 28.821
1 3 3 28.728 28.728
2 2 3 28.944 29.13
2 3 3 29.191 29.253
2 1 3 29.191 29.315
2 4 3 29.315 29.438
2 2 3 29.438 29.562
2 4 3 29.685 29.87
2 1 3 29.685 29.809
1 3 3 29.716 29.716
2 3 3 30.056 30.241
2 2 3 30.179 30.302
2 1 3 30.426 30.611
2 4 3 30.673 30.796
1 3 3 30.704 30.704
2 2 3 30.92 31.105
2 3 3 31.167 31.228
2 4 3 31.167 31.29
2 1 3 31.29 31.444
2 4 3 31.66 31.846
2 3 3 31.691 32.339
2 2 3 32.031 32.216
2 2 3 32.401 32.463
2 4 3 32.401 32.586
2 1 3 32.432 32.525
1 4 3 32.648 32.648
2 1 3 32.679 34.87
2 3 3 32.895 33.08
2 2 3 33.142 33.204
2 4 3 33.265 33.389
2 4 3 33.636 33.821
1 3 3 33.667 33.667
2 3 3 34.006 34.191
2 2 3 34.376 34.562
1 4 3 34.623 34.623
1 3 3 34.654 34.654
2 4 3 34.87 35.056
2 1 3 35.117 35.179
2 3 3 35.241 35.364
2 4 3 35.611 35.796
1 3 3 35.642 35.642
2 2 3 35.981 36.167
2 4 3 36.105 36.228
2 3 3 36.352 36.475
2 1 3 36.352 36.537
2 4 3 36.599 36.722
1 3 3 36.63 36.63
2 2 3 36.846 37.031
2 1 3 37.093 37.216
2 3 3 37.093 37.154
2 4 3 37.216 37.339
2 2 3 37.339 37.463
2 1 3 37.586 37.71
2 4 3 37.586 37.772
1 3 3 37.617 37.617
2 3 3 37.957 38.142
2 2 3 38.08 38.204
2 1 3 38.327 38.512
2 4 3 38.574 38.697
1 3 3 38.605 38.605
2 2 3 38.821 39.006
2 4 3 39.068 39.191
2 3 3 39.068 39.13
2 1 3 39.191 39.346
1 1 3 39.562 39.562
1 4 3 39.562 39.562
1 3 3 39.685 39.685
1 2 3 39.809 39.809
1 3 3 39.932 39.932
1 4 3 39.932 39.932
1 2 3 40.056 40.056
1 1 3 40.056 40.056
1 4 3 40.056 40.056
1 1 3 40.179 40.179
1 3 3 40.302 40.302
1 4 3 40.302 40.302
1 1 3 40.426 40.426
1 3 3 40.549 40.549
1 2 3 40.673 40.673
1 1 3 40.673 40.673
1 2 3 40.796 40.796
1 3 3 40.92 40.92
1 4 3 40.92 40.92
1 2 3 41.043 41.043
1 4 3 41.043 41.043
1 1 3 41.043 41.043
1 1 3 41.167 41.167
1 4 3 41.29 41.29
1 2 3 41.29 41.29
1 2 3 41.414 41.414
1 4 3 41.537 41.537
1 3 3 41.537 41.537
1 2 3 41.66 41.66
1 3 3 41.784 41.784
1 2 3 41.907 41.907
1 1 3 41.907 41.907
1 3 3 42.031 42.031
1 4 3 42.031 42.031
1 1 3 42.031 42.031
1 4 3 42.154 42.154
1 2 3 42.278 42.278
1 1 3 42.278 42.278
1 4 3 42.401 42.401
1 2 3 42.525 42.525
1 3 3 42.648 42.648
1 4 3 42.648 42.648
1 3 3 42.772 42.772
1 2 3 42.895 42.895
1 1 3 42.895 42.895
1 3 3 43.018 43.018
1 1 3 43.018 43.018
1 4 3 43.018 43.018
1 4 3 43.142 43.142
1 1 3 43.265 43.265
1 3 3 43.265 43.265
1 3 3 43.389 43.389
1 1 3 43.512 43.512
1 2 3 43.512 43.512
1 3 3 43.636 43.636
1 2 3 43.759 43.759
1 1 3 43.883 43.883
1 4 3 43.883 43.883
1 1 3 44.006 44.006
1 4 3 44.006 44.006
1 2 3 44.006 44.006
1 2 3 44.13 44.13
1 1 3 44.253 44.253
1 4 3 44.253 44.253
1 3 3 44.376 44.376
1 2 3 44.5 44.5
1 1 3 44.623 44.623
1 4 3 44.623 44.623
1 4 3 44.747 44.747
1 3 3 44.87 44.87
1 1 3 44.87 44.87
1 4 3 44.994 44.994
1 1 3 44.994 44.994
1 2 3 44.994 44.994
1 2 3 45.117 45.117
1 3 3 45.241 45.241
1 4 3 45.241 45.241
1 3 3 45.364 45.364
1 1 3 45.488 45.488
1 4 3 45.488 45.488
1 2 3 45.611 45.611
1 3 3 45.735 45.735
1 4 3 45.858 45.858
1 1 3 45.858 45.858
1 4 3 45.981 45.981
1 1 3 45.981 45.981
1 3 3 45.981 45.981
1 3 3 46.105 46.105
1 4 3 46.228 46.228
1 1 3 46.228 46.228
1 2 3 46.352 46.352
1 3 3 46.475 46.475
1 4 3 46.599 46.599
1 1 3 46.599 46.599
1 1 3 46.722 46.722
1 2 3 46.846 46.846
1 4 3 46.846 46.846
1 1 3 46.969 46.969
1 4 3 46.969 46.969
1 3 3 46.969 46.969
1 3 3 47.093 47.093
1 2 3 47.216 47.216
1 1 3 47.216 47.216
1 2 3 47.339 47.339
1 1 3 47.463 47.463
1 4 3 47.463 47.463
1 2 3 47.586 47.586
1 3 3 47.71 47.71
1 1 3 47.833 47.833
1 2 3 47.833 47.833
1 1 3 47.957 47.957
1 4 3 47.957 47.957
1 3 3 47.957 47.957
1 4 3 48.08 48.08
1 1 3 48.204 48.204
1 2 3 48.204 48.204
1 4 3 48.327 48.327
1 2 3 48.451 48.451
1 4 3 48.574 48.574
1 3 3 48.574 48.574
1 3 3 48.697 48.697
1 1 3 48.821 48.821
1 2 3 48.821 48.821
1 4 3 48.944 48.944
1 1 3 48.944 48.944
1 3 3 48.944 48.944
1 4 3 49.068 49.068
1 3 3 49.191 49.191
1 1 3 49.191 49.191
1 3 3 49.315 49.315
1 2 3 49.438 49.438
1 1 3 49.438 49.438
1 3 3 49.562 49.562
1 2 3 49.685 49.685
1 4 3 49.809 49.809
1 3 3 49.809 49.809
1 4 3 49.932 49.932
1 1 3 49.932 49.932
1 2 3 49.932 49.932
1 1 3 50.056 50.056
1 4 3 50.179 50.179
1 3 3 50.179 50.179
1 1 3 50.302 50.302
1 3 3 50.426 50.426
1 1 3 50.549 50.549
1 2 3 50.549 50.549
1 2 3 50.673 50.673
1 4 3 50.796 50.796
1 3 3 50.796 50.796
1 1 3 50.92 50.92
1 4 3 50.92 50.92
1 2 3 50.92 50.92
1 1 3 51.043 51.043
1 2 3 51.167 51.167
1 4 3 51.167 51.167
1 2 3 51.29 51.29
1 3 3 51.414 51.414
1 4 3 51.414 51.414
1 2 3 51.537 51.537
1 3 3 51.66 51.66
1 1 3 51.784 51.784
1 4 3 51.784 51.784
1 3 3 51.907 51.907
1 1 3 51.907 51.907
1 4 3 51.907 51.907
1 3 3 52.031 52.031
1 1 3 52.154 52.154
1 4 3 52.154 52.154
1 2 3 52.278 52.278
1 3 3 52.401 52.401
1 1 3 52.525 52.525
1 4 3 52.525 52.525
1 1 3 52.648 52.648
1 4 3 52.772 52.772
1 2 3 52.772 52.772
1 3 3 52.895 52.895
1 4 3 52.895 52.895
1 1 3 52.895 52.895
1 3 3 53.018 53.018
1 1 3 53.142 53.142
1 2 3 53.142 53.142
1 2 3 53.265 53.265
1 1 3 53.389 53.389
2 4 3 53.389 53.512
2 3 3 53.451 53.697
2 4 3 53.636 53.728
2 3 3 53.79 53.944
2 4 3 53.821 53.883
2 1 3 53.852 53.914
2 2 3 53.883 54.068
2 4 3 54.099 54.16
2 2 3 54.13 54.191
2 1 3 54.16 54.222
1 1 3 54.376 54.376
1 4 3 54.376 54.376
1 2 3 54.418 54.418
1 3 3 54.5 54.5
1 2 3 54.562 54.562
1 1 3 54.623 54.623
1 4 3 54.623 54.623
1 3 3 54.665 54.665
1 2 3 54.747 54.747
1 3 3 54.809 54.809
1 4 3 54.87 54.87
1 2 3 54.911 54.911
1 1 3 54.953 54.953
1 3 3 54.994 54.994
1 2 3 55.035 55.035
1 1 3 55.076 55.076
1 4 3 55.117 55.117
1 3 3 55.117 55.117
2 2 3 55.364 55.549
2 3 3 55.364 55.518
2 4 3 55.364 55.488
2 1 3 55.364 55.735
2 2 3 55.611 55.765
2 3 3 55.611 55.796
2 4 3 55.611 55.92
2 1 3 55.858 55.92
2 2 3 55.858 55.92
2 3 3 55.858 55.92
2 1 3 55.981 56.29
2 4 3 55.981 56.167
2 3 3 55.981 56.167
2 2 3 56.105 56.228
1 1 3 56.352 56.352
1 3 3 56.352 56.352
1 4 3 56.352 56.352
1 4 3 56.475 56.475
1 3 3 56.599 56.599
2 1 3 56.599 56.66
1 1 3 56.722 56.722
2 3 3 56.722 56.784
2 1 3 56.846 56.907
2 2 3 56.846 56.907
2 4 3 56.846 56.907
2 3 3 56.969 57.093
2 1 3 56.969 57.093
2 4 3 56.969 57.093
2 3 3 57.216 57.71
2 2 3 57.216 57.494
2 4 3 57.216 57.525
2 1 3 57.216 57.463
2 2 3 57.586 57.895
2 1 3 57.586 57.741
2 4 3 57.586 57.679
2 1 3 57.833 57.895
2 3 3 57.833 57.895
2 4 3 57.833 57.895
2 1 3 57.957 58.142
2 4 3 57.957 58.265
2 2 3 57.957 58.142
2 3 3 58.08 58.204
1 2 3 58.327 58.327
1 1 3 58.327 58.327
1 4 3 58.327 58.327
1 3 3 58.451 58.451
1 1 3 58.512 58.512
1 3 3 58.574 58.574
1 4 3 58.574 58.574
1 2 3 58.636 58.636
1 1 3 58.636 58.636
1 3 3 58.697 58.697
1 4 3 58.697 58.697
1 2 3 58.759 58.759
1 1 3 58.759 58.759
1 3 3 58.821 58.821
1 4 3 58.821 58.821
1 1 3 58.944 58.944
1 2 3 58.944 58.944
1 4 3 59.006 59.006
1 1 3 59.068 59.068
2 2 3 59.068 59.13
1 2 3 59.191 59.191
2 3 3 59.191 59.253
2 1 3 59.315 59.438
2 4 3 59.315 59.685
2 3 3 59.315 59.5
2 2 3 59.315 59.469
2 1 3 59.562 59.87
2 2 3 59.562 59.747
2 3 3 59.562 59.716
2 2 3 59.809 59.87
2 3 3 59.809 59.87
2 4 3 59.809 59.87
2 3 3 59.932 60.117
2 4 3 59.932 60.117
2 1 3 59.932 60.241
2 2 3 60.056 60.179
2 1 3 60.302 60.364
2 3 3 60.302 60.426
2 4 3 60.302 60.488
2 1 3 60.549 60.611
1 2 3 60.549 60.549
1 4 3 60.611 60.611
2 2 3 60.673 60.735
1 3 3 60.673 60.673
1 1 3 60.735 60.735
1 4 3 60.796 60.796
2 3 3 60.796 60.858
1 1 3 60.858 60.858
1 2 3 60.858 60.858
2 4 3 60.92 61.043
2 3 3 60.951 61.043
2 1 3 60.951 61.043
2 4 3 61.167 61.537
2 1 3 61.167 61.414
2 3 3 61.167 61.537
1 2 3 61.537 61.537
1 1 3 61.537 61.537
1 4 3 61.599 61.599
1 3 3 61.599 61.599
1 2 3 61.66 61.66
1 1 3 61.66 61.66
2 1 3 61.784 62.031
2 2 3 61.784 61.969
2 4 3 61.784 61.907
1 4 3 62.031 62.031
1 3 3 62.072 62.072
1 2 3 62.113 62.113
1 4 3 62.154 62.154
1 3 3 62.185 62.185
1 2 3 62.216 62.216
1 1 3 62.247 62.247
1 3 3 62.278 62.278
1 4 3 62.278 62.278
2 4 3 62.401 62.463
1 3 3 62.525 62.525
1 2 3 62.525 62.525
1 1 3 62.525 62.525
2 2 3 62.648 62.71
2 4 3 62.772 62.833
2 4 3 62.895 62.957
2 3 3 63.018 63.08
2 1 3 63.018 63.204
2 2 3 63.142 63.204
2 1 3 63.265 63.327
2 4 3 63.265 63.451
1 3 3 63.265 63.265
1 3 3 63.389 63.389
1 2 3 63.512 63.512
1 1 3 63.512 63.512
1 4 3 63.512 63.512
1 2 3 63.636 63.636
1 3 3 63.759 63.759
1 4 3 63.759 63.759
1 1 3 63.759 63.759
1 4 3 63.883 63.883
1 3 3 64.006 64.006
1 2 3 64.006 64.006
1 1 3 64.006 64.006
1 1 3 64.13 64.13
2 2 3 64.253 64.315
2 3 3 64.253 64.315
2 4 3 64.253 64.315
1 4 3 64.376 64.376
1 3 3 64.5 64.5
2 1 3 64.5 64.562
1 1 3 64.623 64.623
2 3 3 64.623 64.685
2 1 3 64.747 64.809
2 2 3 64.747 64.809
2 4 3 64.747 64.809
2 3 3 64.87 64.994
2 1 3 64.87 64.994
2 4 3 64.87 64.994
2 1 3 65.117 65.364
2 4 3 65.117 65.241
2 2 3 65.117 65.302
1 3 3 65.364 65.364
1 3 3 65.488 65.488
1 4 3 65.488 65.488
1 1 3 65.488 65.488
1 1 3 65.611 65.611
1 2 3 65.735 65.735
1 3 3 65.735 65.735
1 4 3 65.735 65.735
1 4 3 65.858 65.858
1 3 3 65.92 65.92
1 2 3 65.981 65.981
1 1 3 65.981 65.981
1 4 3 65.981 65.981
1 2 3 66.105 66.105
1 4 3 66.228 66.228
1 1 3 66.228 66.228
1 3 3 66.228 66.228
1 2 3 66.352 66.352
1 4 3 66.414 66.414
1 2 3 66.475 66.475
1 1 3 66.475 66.475
1 3 3 66.537 66.537
1 4 3 66.537 66.537
1 2 3 66.599 66.599
1 1 3 66.599 66.599
1 3 3 66.66 66.66
1 4 3 66.66 66.66
1 2 3 66.722 66.722
1 1 3 66.722 66.722
1 3 3 66.846 66.846
1 4 3 66.846 66.846
1 1 3 66.907 66.907
1 4 3 66.969 66.969
2 3 3 66.969 67.031
1 3 3 67.093 67.093
2 2 3 67.093 67.154
2 2 3 67.216 67.401
2 1 3 67.216 67.278
1 4 3 67.216 67.216
1 1 3 67.339 67.339
1 2 3 67.463 67.463
1 3 3 67.463 67.463
1 4 3 67.463 67.463
1 4 3 67.586 67.586
1 3 3 67.71 67.71
1 2 3 67.71 67.71
1 1 3 67.71 67.71
1 2 3 67.833 67.833
1 3 3 67.957 67.957
1 4 3 67.957 67.957
1 1 3 67.957 67.957
1 3 3 68.08 68.08
2 1 3 68.204 68.451
2 2 3 68.204 68.389
2 4 3 68.204 68.327
1 3 3 68.451 68.451
2 4 3 68.451 68.512
1 1 3 68.512 68.512
1 2 3 68.574 68.574
2 3 3 68.574 68.636
1 4 3 68.636 68.636
1 1 3 68.697 68.697
2 2 3 68.697 68.759
1 3 3 68.759 68.759
1 4 3 68.759 68.759
2 1 3 68.821 68.944
2 2 3 68.852 68.944
2 4 3 68.852 68.944
2 1 3 69.068 69.13
2 2 3 69.068 69.13
2 4 3 69.068 69.13
2 4 3 69.191 69.438
2 3 3 69.191 69.376
2 1 3 69.191 69.315
1 2 3 69.438 69.438
1 1 3 69.438 69.438
1 3 3 69.5 69.5
1 4 3 69.5 69.5
1 2 3 69.562 69.562
2 1 3 69.562 69.809
1 4 3 69.685 69.685
2 2 3 69.685 69.87
1 4 3 69.809 69.809
1 1 3 69.932 69.932
1 2 3 69.973 69.973
1 3 3 70.014 70.014
1 1 3 70.056 70.056
1 2 3 70.086 70.086
1 3 3 70.117 70.117
1 4 3 70.148 70.148
1 1 3 70.179 70.179
1 2 3 70.179 70.179
2 3 3 70.302 70.364
1 1 3 70.426 70.426
1 2 3 70.426 70.426
2 4 3 70.426 70.488
2 3 3 70.549 70.611
2 1 3 70.673 70.735
2 2 3 70.796 70.858
1 1 3 70.92 70.92
2 3 3 70.92 71.105
2 2 3 71.043 71.167
1 3 3 71.167 71.167
1 4 3 71.167 71.167
2 1 3 71.167 71.784
1 2 3 71.29 71.29
1 4 3 71.414 71.414
1 3 3 71.414 71.414
1 4 3 71.537 71.537
1 2 3 71.66 71.66
1 3 3 71.66 71.66
1 3 3 71.784 71.784
2 4 3 71.907 72.031
1 2 3 71.907 71.907
1 1 3 71.907 71.907
1 2 3 72.031 72.031
2 4 3 72.154 72.772
1 1 3 72.154 72.154
1 3 3 72.154 72.154
1 1 3 72.278 72.278
1 3 3 72.401 72.401
1 2 3 72.401 72.401
1 3 3 72.525 72.525
1 1 3 72.648 72.648
1 2 3 72.648 72.648
1 2 3 72.772 72.772
1 1 3 72.895 72.895
1 3 3 72.895 72.895
1 4 3 72.895 72.895
1 3 3 73.018 73.018
1 4 3 73.018 73.018
1 1 3 73.142 73.142
2 4 3 73.142 73.204
1 2 3 73.142 73.142
2 3 3 73.265 73.327
2 1 3 73.327 73.389
1 3 3 73.389 73.389
2 4 3 73.389 73.451
1 2 3 73.389 73.389
2 4 3 73.512 73.574
1 3 3 73.636 73.636
1 1 3 73.636 73.636
2 2 3 73.636 73.697
1 2 3 73.759 73.759
1 3 3 73.883 73.883
1 4 3 73.883 73.883
2 1 3 73.883 73.944
2 3 3 74.006 74.13
1 2 3 74.13 74.13
1 4 3 74.13 74.13
1 1 3 74.13 74.13
2 3 3 74.253 74.315
1 2 3 74.284 74.284
1 1 3 74.376 74.376
1 3 3 74.376 74.376
1 4 3 74.376 74.376
1 4 3 74.5 74.5
1 2 3 74.623 74.623
1 1 3 74.623 74.623
1 3 3 74.623 74.623
1 2 3 74.747 74.747
1 1 3 74.747 74.747
1 3 3 74.809 74.809
1 4 3 74.809 74.809
1 2 3 74.87 74.87
1 1 3 74.87 74.87
1 4 3 74.994 74.994
1 3 3 74.994 74.994
1 3 3 75.117 75.117
1 4 3 75.117 75.117
2 1 3 75.117 75.179
1 1 3 75.241 75.241
1 2 3 75.364 75.364
1 4 3 75.364 75.364
2 3 3 75.364 75.426
2 4 3 75.488 75.549
1 3 3 75.611 75.611
1 1 3 75.611 75.611
1 2 3 75.611 75.611
2 2 3 75.735 75.796
1 1 3 75.858 75.858
1 3 3 75.858 75.858
1 4 3 75.858 75.858
2 1 3 75.981 76.105
1 2 3 76.105 76.105
1 3 3 76.105 76.105
1 4 3 76.105 76.105
2 4 3 76.228 76.29
2 4 3 76.352 76.414
1 2 3 76.352 76.352
1 1 3 76.352 76.352
2 3 3 76.475 76.537
2 1 3 76.599 76.722
1 2 3 76.599 76.599
1 4 3 76.599 76.599
1 3 3 76.722 76.722
1 2 3 76.784 76.784
1 3 3 76.846 76.846
1 1 3 76.846 76.846
2 4 3 76.846 76.969
1 2 3 76.969 76.969
1 1 3 76.969 76.969
1 4 3 77.093 77.093
2 3 3 77.093 77.216
2 2 3 77.093 77.278
1 2 3 77.339 77.339
1 4 3 77.339 77.339
1 1 3 77.339 77.339
1 1 3 77.463 77.463
2 4 3 77.463 77.648
2 3 3 77.463 77.586
1 2 3 77.71 77.71
1 1 3 77.71 77.71
1 4 3 77.772 77.772
1 3 3 77.833 77.833
1 2 3 77.833 77.833
1 1 3 77.833 77.833
1 2 3 77.957 77.957
1 3 3 77.957 77.957
1 4 3 77.957 77.957
1 3 3 78.08 78.08
1 4 3 78.08 78.08
1 1 3 78.08 78.08
1 2 3 78.204 78.204
1 3 3 78.327 78.327
1 1 3 78.327 78.327
1 4 3 78.327 78.327
1 3 3 78.451 78.451
2 1 3 78.574 78.636
2 2 3 78.636 78.759
2 1 3 78.697 78.883
2 3 3 78.759 79.006
2 2 3 78.821 79.068
1 1 3 79.068 79.068
1 3 3 79.068 79.068
1 4 3 79.068 79.068
1 4 3 79.191 79.191
1 2 3 79.191 79.191
1 1 3 79.315 79.315
1 4 3 79.315 79.315
1 3 3 79.315 79.315
1 3 3 79.438 79.438
1 2 3 79.438 79.438
1 4 3 79.562 79.562
1 1 3 79.562 79.562
1 2 3 79.562 79.562
1 1 3 79.685 79.685
1 3 3 79.685 79.685
1 4 3 79.809 79.809
1 3 3 79.809 79.809
1 2 3 79.809 79.809
1 4 3 79.932 79.932
1 3 3 79.932 79.932
1 4 3 80.056 80.056
1 1 3 80.056 80.056
1 2 3 80.056 80.056
1 1 3 80.179 80.179
1 2 3 80.179 80.179
1 4 3 80.302 80.302
1 3 3 80.302 80.302
1 1 3 80.302 80.302
1 4 3 80.426 80.426
1 2 3 80.426 80.426
1 3 3 80.549 80.549
1 1 3 80.549 80.549
1 2 3 80.549 80.549
1 4 3 80.673 80.673
1 1 3 80.673 80.673
1 3 3 80.796 80.796
1 4 3 80.796 80.796
1 2 3 80.796 80.796
1 1 3 80.92 80.92
1 2 3 80.92 80.92
1 3 3 80.92 80.92
1 2 3 81.043 81.043
1 4 3 81.043 81.043
1 1 3 81.043 81.043
1 1 3 81.167 81.167
1 3 3 81.167 81.167
1 1 3 81.29 81.29
1 4 3 81.29 81.29
1 3 3 81.29 81.29
1 4 3 81.414 81.414
1 2 3 81.414 81.414
1 1 3 81.537 81.537
1 2 3 81.537 81.537
1 3 3 81.537 81.537
1 4 3 81.66 81.66
1 1 3 81.66 81.66
1 2 3 81.722 81.722
1 4 3 81.784 81.784
1 3 3 81.784 81.784
1 1 3 81.784 81.784
1 2 3 81.907 81.907
1 3 3 81.907 81.907
1 4 3 82.031 82.031
1 1 3 82.031 82.031
1 2 3 82.031 82.031
1 1 3 82.154 82.154
1 3 3 82.154 82.154
1 4 3 82.278 82.278
1 3 3 82.278 82.278
1 2 3 82.278 82.278
1 1 3 82.401 82.401
1 2 3 82.401 82.401
1 4 3 82.525 82.525
1 3 3 82.525 82.525
1 1 3 82.525 82.525
1 3 3 82.648 82.648
1 4 3 82.648 82.648
1 4 3 82.772 82.772
1 2 3 82.772 82.772
1 1 3 82.772 82.772
1 1 3 82.895 82.895
1 2 3 82.895 82.895
1 3 3 82.895 82.895
1 1 3 83.018 83.018
1 4 3 83.018 83.018
1 3 3 83.018 83.018
1 4 3 83.142 83.142
1 2 3 83.142 83.142
1 1 3 83.265 83.265
1 2 3 83.265 83.265
1 3 3 83.265 83.265
1 4 3 83.389 83.389
1 3 3 83.389 83.389
1 2 3 83.512 83.512
1 1 3 83.512 83.512
1 4 3 83.512 83.512
1 3 3 83.636 83.636
1 2 3 83.636 83.636
1 4 3 83.759 83.759
1 1 3 83.759 83.759
1 3 3 83.759 83.759
1 2 3 83.883 83.883
1 4 3 83.883 83.883
1 3 3 83.883 83.883
1 2 3 84.006 84.006
1 1 3 84.006 84.006
1 4 3 84.006 84.006
1 3 3 84.13 84.13
1 1 3 84.13 84.13
1 1 3 84.253 84.253
1 3 3 84.253 84.253
1 4 3 84.253 84.253
1 2 3 84.376 84.376
1 3 3 84.376 84.376
1 1 3 84.5 84.5
1 2 3 84.5 84.5
1 4 3 84.5 84.5
1 1 3 84.623 84.623
1 2 3 84.623 84.623
1 4 3 84.685 84.685
1 1 3 84.747 84.747
1 2 3 84.747 84.747
1 3 3 84.747 84.747
1 3 3 84.87 84.87
1 4 3 84.87 84.87
1 1 3 84.87 84.87
1 4 3 84.994 84.994
1 1 3 84.994 84.994
1 2 3 84.994 84.994
1 3 3 85.056 85.056
1 2 3 85.117 85.117
1 3 3 85.179 85.179
1 4 3 85.179 85.179
1 2 3 85.241 85.241
1 1 3 85.241 85.241
1 4 3 85.302 85.302
1 2 3 85.364 85.364
1 1 3 85.364 85.364
1 3 3 85.426 85.426
1 4 3 85.488 85.488
1 1 3 85.488 85.488
1 2 3 85.549 85.549
1 3 3 85.611 85.611
1 2 3 85.673 85.673
1 3 3 85.735 85.735
1 4 3 85.735 85.735
1 2 3 85.796 85.796
1 1 3 85.796 85.796
1 3 3 85.858 85.858
1 4 3 85.858 85.858
1 2 3 85.92 85.92
1 1 3 85.92 85.92
1 3 3 85.981 85.981
1 4 3 85.981 85.981
1 4 3 86.105 86.105
1 2 3 86.105 86.105
1 2 3 86.228 86.228
1 1 3 86.228 86.228
1 4 3 86.228 86.228
1 2 3 86.352 86.352
1 1 3 86.352 86.352
1 3 3 86.414 86.414
1 4 3 86.414 86.414
1 1 3 86.475 86.475
2 2 3 86.475 86.599
2 3 3 86.537 86.722
1 4 3 86.722 86.722
1 2 3 86.722 86.722
1 1 3 86.722 86.722
2 1 3 86.825 86.907
2 2 3 86.866 86.928
1 3 3 86.887 86.887
2 1 3 86.969 88.944
2 3 3 86.969 87.339
2 4 3 86.969 87.216
2 2 3 87.093 87.71
2 4 3 87.463 87.586
2 3 3 87.71 87.833
2 4 3 87.957 88.327
2 2 3 88.451 88.574
2 3 3 88.697 88.821
2 4 3 88.944 90.92
2 2 3 88.944 89.315
2 2 3 89.438 89.809
2 3 3 89.932 90.302
2 1 3 90.426 90.796
2 2 3 90.92 92.895
1 1 3 90.92 90.92
2 3 3 91.414 91.537
2 1 3 91.66 91.784
2 3 3 91.907 92.278
2 3 3 92.401 92.525
2 4 3 92.648 92.772
2 3 3 92.895 94.747
2 1 3 92.895 93.265
2 4 3 93.389 93.759
2 1 3 93.883 94.253
2 2 3 94.376 94.87
1 1 3 94.87 94.87
1 4 3 94.87 94.87
1 3 3 94.87 94.87
1 2 3 95.117 95.117
1 4 3 95.117 95.117
1 3 3 95.364 95.364
2 2 3 95.364 95.426
2 1 3 95.395 95.488
1 3 3 95.611 95.611
1 4 3 95.735 95.735
1 1 3 95.735 95.735
1 3 3 95.858 95.858
1 1 3 95.981 95.981
1 2 3 96.105 96.105
2 3 3 96.105 96.167
2 4 3 96.136 96.228
1 2 3 96.352 96.352
1 4 3 96.475 96.475
1 1 3 96.475 96.475
1 3 3 96.599 96.599
1 1 3 96.722 96.722
1 4 3 96.722 96.722
1 1 3 96.846 96.846
1 4 3 96.846 96.846
1 3 3 96.846 96.846
1 1 3 97.093 97.093
1 3 3 97.093 97.093
1 3 3 97.339 97.339
2 2 3 97.339 97.401
2 1 3 97.37 97.463
1 3 3 97.586 97.586
1 2 3 97.71 97.71
1 4 3 97.833 97.833
2 2 3 97.957 98.018
2 1 3 97.988 98.142
2 4 3 98.08 98.204
1 1 3 98.204 98.204
2 2 3 98.327 98.481
2 3 3 98.451 98.512
2 4 3 98.481 98.636
2 1 3 98.574 98.728
2 3 3 98.697 98.821
1 2 3 98.728 98.728
1 1 3 98.821 98.821
1 4 3 98.821 98.821
2 2 3 98.944 99.13
2 1 3 99.068 99.191
1 4 3 99.191 99.191
1 1 3 99.315 99.315
1 3 3 99.315 99.315
2 3 3 99.438 99.562
2 4 3 99.5 99.685
1 1 3 99.562 99.562
1 2 3 99.685 99.685
2 1 3 99.778 99.839
2 3 3 99.87 99.963
2 2 3 99.994 100.086
1 4 3 100.056 100.056
2 1 3 100.179 100.302
2 4 3 100.302 100.364
2 4 3 100.426 100.488
2 1 3 100.549 100.611
2 1 3 100.673 100.735
1 1 3 100.796 100.796
1 4 3 100.796 100.796
2 3 3 100.796 100.889
2 3 3 100.92 101.012
2 2 3 101.043 101.136
2 2 3 101.167 101.259
2 3 3 101.29 101.383
1 1 3 101.29 101.29
2 3 3 101.414 101.506
2 2 3 101.537 101.63
2 2 3 101.66 101.753
1 1 3 101.784 101.784
1 4 3 101.784 101.784
1 3 3 101.907 101.907
1 4 3 101.969 101.969
1 2 3 102.031 102.031
1 1 3 102.031 102.031
1 3 3 102.154 102.154
1 2 3 102.216 102.216
1 4 3 102.278 102.278
2 1 3 102.278 102.339
2 2 3 102.401 102.463
2 3 3 102.525 102.617
2 4 3 102.648 102.772
1 1 3 102.772 102.772
1 2 3 102.772 102.772
2 3 3 102.772 102.833
2 2 3 102.895 102.957
1 3 3 102.895 102.895
1 2 3 103.018 103.018
1 4 3 103.018 103.018
1 1 3 103.018 103.018
1 3 3 103.142 103.142
2 1 3 103.142 103.389
2 2 3 103.142 103.327
1 3 3 103.389 103.389
2 4 3 103.389 103.451
1 2 3 103.451 103.451
1 1 3 103.451 103.451
1 4 3 103.512 103.512
2 3 3 103.512 103.574
1 1 3 103.574 103.574
1 3 3 103.636 103.636
1 1 3 103.697 103.697
1 3 3 103.759 103.759
1 4 3 103.759 103.759
2 2 3 103.759 103.821
1 1 3 103.883 103.883
2 2 3 103.883 103.944
1 3 3 103.944 103.944
1 4 3 103.944 103.944
1 2 3 104.006 104.006
1 1 3 104.006 104.006
1 1 3 104.13 104.13
1 4 3 104.13 104.13
2 3 3 104.13 104.191
1 2 3 104.253 104.253
2 4 3 104.253 104.438
2 3 3 104.253 104.376
1 4 3 104.5 104.5
2 2 3 104.5 104.562
1 1 3 104.5 104.5
1 3 3 104.623 104.623
1 4 3 104.623 104.623
1 1 3 104.685 104.685
1 4 3 104.747 104.747
2 3 3 104.747 104.932
2 2 3 104.747 104.87
1 1 3 104.994 104.994
1 4 3 104.994 104.994
2 2 3 104.994 105.056
1 2 3 105.117 105.117
2 3 3 105.117 105.179
1 3 3 105.241 105.241
1 4 3 105.241 105.241
1 1 3 105.241 105.241
2 3 3 105.364 105.426
1 2 3 105.364 105.364
1 2 3 105.488 105.488
1 1 3 105.549 105.549
1 3 3 105.611 105.611
2 4 3 105.611 105.673
1 1 3 105.673 105.673
1 2 3 105.735 105.735
1 3 3 105.735 105.735
1 4 3 105.735 105.735
2 2 3 105.858 105.92
1 1 3 105.858 105.858
1 3 3 105.92 105.92
1 4 3 105.92 105.92
1 2 3 105.981 105.981
2 1 3 105.981 106.043
1 1 3 106.105 106.105
1 4 3 106.105 106.105
1 3 3 106.167 106.167
1 2 3 106.167 106.167
1 1 3 106.228 106.228
2 4 3 106.228 106.29
1 3 3 106.352 106.352
1 2 3 106.352 106.352
1 1 3 106.414 106.414
1 4 3 106.475 106.475
2 3 3 106.475 106.537
1 2 3 106.537 106.537
1 1 3 106.599 106.599
1 4 3 106.599 106.599
1 3 3 106.66 106.66
2 2 3 106.722 106.784
1 1 3 106.722 106.722
2 3 3 106.846 106.907
1 2 3 106.846 106.846
1 3 3 106.969 106.969
1 4 3 106.969 106.969
1 1 3 106.969 106.969
1 4 3 107.093 107.093
2 1 3 107.093 107.247
2 2 3 107.093 107.216
1 4 3 107.216 107.216
1 3 3 107.247 107.247
1 2 3 107.278 107.278
1 1 3 107.309 107.309
1 4 3 107.339 107.339
2 3 3 107.339 107.401
1 1 3 107.463 107.463
2 2 3 107.463 107.525
1 4 3 107.525 107.525
1 3 3 107.586 107.586
2 1 3 107.586 107.772
2 2 3 107.586 107.71
2 3 3 107.833 107.895
2 4 3 107.957 108.018
1 1 3 107.957 107.957
1 2 3 108.018 108.018
1 1 3 108.08 108.08
1 3 3 108.142 108.142
1 2 3 108.204 108.204
1 4 3 108.204 108.204
2 1 3 108.204 108.265
1 3 3 108.327 108.327
1 4 3 108.327 108.327
1 1 3 108.327 108.327
1 3 3 108.451 108.451
2 2 3 108.451 108.512
1 2 3 108.574 108.574
1 1 3 108.574 108.574
2 3 3 108.574 108.636
1 1 3 108.697 108.697
1 3 3 108.739 108.739
1 4 3 108.78 108.78
1 2 3 108.821 108.821
1 3 3 108.862 108.862
1 4 3 108.903 108.903
1 2 3 108.944 108.944
1 1 3 108.986 108.986
1 3 3 109.027 109.027
1 2 3 109.068 109.068
1 4 3 109.109 109.109
1 3 3 109.15 109.15
1 1 3 109.191 109.191
1 2 3 109.227 109.227
1 4 3 109.262 109.262
1 1 3 109.297 109.297
1 3 3 109.332 109.332
1 2 3 109.368 109.368
1 1 3 109.403 109.403
2 4 3 109.438 109.5
2 3 3 109.438 109.5
1 3 3 109.685 109.685
1 1 3 109.685 109.685
1 4 3 109.685 109.685
1 2 3 109.809 109.809
2 3 3 109.809 109.87
1 4 3 109.932 109.932
1 1 3 109.932 109.932
2 2 3 109.932 109.994
1 4 3 110.056 110.056
2 3 3 110.056 110.117
1 2 3 110.179 110.179
2 1 3 110.179 110.241
1 4 3 110.302 110.302
2 3 3 110.302 110.364
1 1 3 110.364 110.364
1 2 3 110.364 110.364
1 3 3 110.426 110.426
2 4 3 110.426 110.488
1 2 3 110.488 110.488
1 1 3 110.488 110.488
1 4 3 110.549 110.549
2 3 3 110.549 110.611
1 1 3 110.611 110.611
1 3 3 110.673 110.673
1 4 3 110.673 110.673
2 2 3 110.673 110.735
1 2 3 110.796 110.796
2 3 3 110.796 110.858
1 2 3 110.92 110.92
1 1 3 110.92 110.92
1 4 3 110.92 110.92
1 4 3 111.043 111.043
2 3 3 111.043 111.105
2 2 3 111.105 111.167
1 1 3 111.167 111.167
2 3 3 111.167 111.29
2 4 3 111.167 111.352
2 2 3 111.414 111.475
1 1 3 111.414 111.414
1 4 3 111.414 111.414
2 3 3 111.537 111.599
1 1 3 111.66 111.66
1 2 3 111.66 111.66
1 3 3 111.722 111.722
1 4 3 111.722 111.722
1 1 3 111.784 111.784
2 2 3 111.784 111.846
1 1 3 111.907 111.907
1 4 3 111.907 111.907
1 3 3 111.907 111.907
2 2 3 112.031 112.093
1 4 3 112.031 112.031
2 1 3 112.154 112.216
1 2 3 112.154 112.154
1 4 3 112.278 112.278
1 3 3 112.309 112.309
1 2 3 112.339 112.339
1 1 3 112.37 112.37
1 3 3 112.401 112.401
2 4 3 112.401 112.463
1 2 3 112.525 112.525
1 3 3 112.556 112.556
1 1 3 112.586 112.586
1 2 3 112.617 112.617
1 4 3 112.648 112.648
1 4 3 112.772 112.772
1 2 3 112.772 112.772
2 1 3 112.772 112.833
1 3 3 112.895 112.895
2 2 3 112.895 112.957
1 2 3 113.018 113.018
2 3 3 113.018 113.08
1 3 3 113.142 113.142
1 4 3 113.142 113.142
1 1 3 113.142 113.142
1 4 3 113.265 113.265
2 2 3 113.265 113.327
1 2 3 113.389 113.389
1 1 3 113.389 113.389
1 4 3 113.451 113.451
1 3 3 113.451 113.451
1 2 3 113.512 113.512
2 1 3 113.512 113.574
1 3 3 113.636 113.636
1 1 3 113.697 113.697
2 3 3 113.759 113.821
1 1 3 113.821 113.821
2 3 3 113.883 113.944
1 4 3 113.883 113.883
1 2 3 114.006 114.006
1 1 3 114.006 114.006
1 4 3 114.006 114.006
1 3 3 114.13 114.13
2 2 3 114.13 114.191
1 3 3 114.253 114.253
1 4 3 114.253 114.253
1 2 3 114.315 114.315
1 1 3 114.315 114.315
2 4 3 114.376 114.438
1 2 3 114.438 114.438
1 1 3 114.438 114.438
1 3 3 114.5 114.5
1 4 3 114.5 114.5
1 1 3 114.562 114.562
1 2 3 114.623 114.623
1 4 3 114.623 114.623
2 3 3 114.623 114.685
1 3 3 114.747 114.747
2 2 3 114.747 114.809
1 1 3 114.87 114.87
1 2 3 114.87 114.87
1 4 3 114.87 114.87
1 1 3 114.994 114.994
2 3 3 114.994 115.117
2 4 3 114.994 115.179
1 1 3 115.241 115.241
1 4 3 115.241 115.241
2 3 3 115.241 115.302
1 1 3 115.364 115.364
2 2 3 115.364 115.426
1 3 3 115.426 115.426
1 4 3 115.426 115.426
2 1 3 115.488 115.549
1 2 3 115.488 115.488
1 3 3 115.549 115.549
1 4 3 115.549 115.549
1 2 3 115.611 115.611
1 1 3 115.611 115.611
1 4 3 115.735 115.735
1 3 3 115.765 115.765
1 2 3 115.796 115.796
1 1 3 115.827 115.827
1 3 3 115.858 115.858
1 4 3 115.858 115.858
1 2 3 115.92 115.92
1 4 3 115.981 115.981
1 2 3 116.043 116.043
1 1 3 116.105 116.105
1 3 3 116.105 116.105
1 4 3 116.105 116.105
1 3 3 116.228 116.228
1 2 3 116.29 116.29
1 1 3 116.29 116.29
1 4 3 116.29 116.29
1 3 3 116.414 116.414
1 4 3 116.414 116.414
1 2 3 116.475 116.475
1 1 3 116.475 116.475
1 3 3 116.516 116.516
1 4 3 116.558 116.558
1 1 3 116.599 116.599
1 2 3 116.64 116.64
1 4 3 116.681 116.681
1 1 3 116.722 116.722
1 3 3 116.763 116.763
1 4 3 116.804 116.804
1 2 3 116.846 116.846
1 1 3 116.887 116.887
1 3 3 116.928 116.928
2 2 3 116.969 117.01
2 4 3 117.01 117.051
2 3 3 117.051 117.093
2 1 3 117.093 117.134
2 4 3 117.134 117.175
2 2 3 117.175 117.216
2 1 3 117.216 117.257
2 3 3 117.257 117.298
2 2 3 117.298 117.339
1 1 3 117.339 117.339
1 4 3 117.401 117.401
2 3 3 117.463 117.525
2 1 3 117.586 117.648
2 1 3 117.71 117.772
2 3 3 117.833 117.895
2 4 3 117.957 118.018
2 2 3 118.08 118.142
2 2 3 118.204 118.265
2 3 3 118.327 118.389
2 4 3 118.451 118.512
2 1 3 118.574 119.068
2 4 3 118.574 118.759
2 3 3 118.574 118.759
2 3 3 118.821 118.975
2 4 3 118.821 118.975
2 4 3 119.068 119.191
2 3 3 119.068 119.191
2 4 3 119.315 119.376
1 2 3 119.315 119.315
2 3 3 119.346 119.438
2 3 3 119.562 119.747
1 1 3 119.562 119.562
2 4 3 119.623 121.784
1 1 3 119.809 119.809
1 2 3 119.87 119.87
1 3 3 120.056 120.056
1 1 3 120.086 120.086
1 1 3 120.179 120.179
1 2 3 120.194 120.194
1 1 3 120.302 120.302
1 3 3 120.333 120.333
1 3 3 120.426 120.426
1 2 3 120.441 120.441
2 3 3 120.549 121.043
2 1 3 120.549 120.735
2 2 3 120.549 120.735
2 1 3 120.796 120.951
2 2 3 120.796 120.951
2 1 3 121.043 121.167
2 2 3 121.043 121.167
2 1 3 121.29 121.383
2 2 3 121.29 121.383
2 1 3 121.537 121.599
2 2 3 121.537 121.599
2 1 3 121.784 121.907
1 2 3 121.784 121.784
1 3 3 121.83 121.83
2 4 3 121.846 122.031
1 1 3 122.031 122.031
1 2 3 122.046 122.046
1 3 3 122.154 122.154
1 2 3 122.185 122.185
1 1 3 122.278 122.278
1 3 3 122.278 122.278
1 4 3 122.278 122.278
1 4 3 122.401 122.401
1 2 3 122.463 122.463
1 4 3 122.525 122.525
1 1 3 122.525 122.525
2 3 3 122.525 122.586
2 3 3 122.648 122.71
1 2 3 122.648 122.648
1 3 3 122.772 122.772
2 1 3 122.772 122.833
1 2 3 122.895 122.895
2 4 3 122.895 122.957
1 3 3 123.018 123.018
1 4 3 123.018 123.018
1 1 3 123.142 123.142
2 2 3 123.142 123.204
1 2 3 123.265 123.265
2 3 3 123.265 123.327
1 3 3 123.389 123.389
2 4 3 123.389 123.451
1 2 3 123.512 123.512
1 1 3 123.512 123.512
1 4 3 123.512 123.512
1 1 3 123.636 123.636
2 3 3 123.636 123.697
1 2 3 123.759 123.759
2 3 3 123.759 123.821
1 2 3 123.883 123.883
1 4 3 123.883 123.883
1 3 3 124.006 124.006
2 1 3 124.006 124.068
1 3 3 124.13 124.13
1 4 3 124.13 124.13
1 1 3 124.253 124.253
2 2 3 124.253 124.315
1 2 3 124.376 124.376
2 3 3 124.376 124.438
1 1 3 124.5 124.5
1 3 3 124.5 124.5
1 4 3 124.5 124.5
1 2 3 124.623 124.623
1 4 3 124.623 124.623
1 1 3 124.747 124.747
1 2 3 124.747 124.747
2 3 3 124.747 125.395
2 2 3 124.87 125.426
2 1 3 124.932 125.488
1 4 3 125.457 125.457
1 3 3 125.488 125.488
1 2 3 125.549 125.549
1 1 3 125.565 125.565
1 4 3 125.611 125.611
1 3 3 125.673 125.673
1 2 3 125.735 125.735
1 3 3 125.796 125.796
1 2 3 125.858 125.858
1 1 3 125.92 125.92
1 4 3 125.981 125.981
1 2 3 126.043 126.043
1 4 3 126.105 126.105
1 2 3 126.167 126.167
1 4 3 126.228 126.228
1 1 3 126.228 126.228
1 1 3 126.475 126.475
1 3 3 126.475 126.475
1 4 3 126.475 126.475
1 4 3 126.599 126.599
1 2 3 126.599 126.599
1 1 3 126.722 126.722
1 2 3 126.722 126.722
1 3 3 126.722 126.722
1 4 3 126.846 126.846
1 2 3 126.846 126.846
1 4 3 126.969 126.969
1 1 3 126.969 126.969
1 3 3 126.969 126.969
1 2 3 127.093 127.093
1 3 3 127.093 127.093
1 4 3 127.216 127.216
1 1 3 127.216 127.216
1 2 3 127.216 127.216
1 2 3 127.339 127.339
1 1 3 127.339 127.339
1 4 3 127.463 127.463
1 1 3 127.463 127.463
1 3 3 127.463 127.463
1 4 3 127.586 127.586
1 3 3 127.586 127.586
1 4 3 127.71 127.71
1 2 3 127.71 127.71
1 1 3 127.71 127.71
1 3 3 127.833 127.833
1 1 3 127.833 127.833
1 4 3 127.957 127.957
1 2 3 127.957 127.957
1 3 3 127.957 127.957
1 1 3 128.08 128.08
1 4 3 128.08 128.08
1 2 3 128.204 128.204
1 1 3 128.204 128.204
1 3 3 128.204 128.204
1 4 3 128.327 128.327
1 3 3 128.327 128.327
1 2 3 128.327 128.327
1 3 3 128.451 128.451
1 1 3 128.451 128.451
1 4 3 128.451 128.451
1 1 3 128.574 128.574
1 2 3 128.574 128.574
1 4 3 128.697 128.697
1 3 3 128.697 128.697
1 2 3 128.697 128.697
1 1 3 128.821 128.821
1 3 3 128.821 128.821
1 4 3 128.944 128.944
1 1 3 128.944 128.944
1 2 3 128.944 128.944
1 3 3 129.068 129.068
1 2 3 129.068 129.068
1 1 3 129.191 129.191
1 4 3 129.191 129.191
1 3 3 129.191 129.191
1 3 3 129.315 129.315
1 4 3 129.315 129.315
1 1 3 129.438 129.438
1 4 3 129.438 129.438
1 2 3 129.438 129.438
1 1 3 129.562 129.562
1 2 3 129.562 129.562
1 1 3 129.685 129.685
1 4 3 129.685 129.685
1 3 3 129.685 129.685
1 2 3 129.809 129.809
1 3 3 129.809 129.809
1 1 3 129.932 129.932
1 2 3 129.932 129.932
1 4 3 129.932 129.932
1 1 3 130.056 130.056
1 2 3 130.056 130.056
1 4 3 130.117 130.117
1 1 3 130.179 130.179
1 2 3 130.179 130.179
1 3 3 130.179 130.179
1 4 3 130.302 130.302
1 3 3 130.302 130.302
1 2 3 130.302 130.302
1 1 3 130.426 130.426
1 4 3 130.426 130.426
1 3 3 130.426 130.426
1 4 3 130.549 130.549
1 2 3 130.549 130.549
1 1 3 130.673 130.673
1 2 3 130.673 130.673
1 3 3 130.673 130.673
1 4 3 130.796 130.796
1 3 3 130.796 130.796
1 2 3 130.92 130.92
1 1 3 130.92 130.92
1 4 3 130.92 130.92
1 3 3 131.043 131.043
1 2 3 131.043 131.043
1 4 3 131.167 131.167
1 1 3 131.167 131.167
1 3 3 131.167 131.167
1 3 3 131.29 131.29
1 4 3 131.29 131.29
1 4 3 131.414 131.414
1 2 3 131.414 131.414
1 1 3 131.414 131.414
1 1 3 131.537 131.537
1 2 3 131.537 131.537
1 1 3 131.66 131.66
1 3 3 131.66 131.66
1 4 3 131.66 131.66
1 4 3 131.784 131.784
1 2 3 131.784 131.784
1 1 3 131.907 131.907
1 2 3 131.907 131.907
1 3 3 131.907 131.907
1 1 3 132.031 132.031
1 2 3 132.031 132.031
1 1 3 132.154 132.154
1 4 3 132.154 132.154
1 3 3 132.154 132.154
1 3 3 132.278 132.278
1 4 3 132.278 132.278
1 2 3 132.278 132.278
2 4 3 132.401 132.463
2 2 3 132.401 132.586
2 1 3 132.401 132.586
2 3 3 132.525 132.586
1 4 3 132.648 132.648
2 2 3 132.648 132.71
1 1 3 132.648 132.648
2 1 3 132.772 132.833
2 3 3 132.772 132.957
2 4 3 132.772 132.957
2 2 3 132.895 132.957
1 4 3 133.018 133.018
2 3 3 133.018 133.08
1 1 3 133.08 133.08
1 3 3 133.142 133.142
2 4 3 133.142 133.204
1 2 3 133.142 133.142
2 1 3 133.265 133.327
2 1 3 133.389 133.574
2 4 3 133.389 133.574
2 2 3 133.389 133.512
2 3 3 133.636 133.759
2 4 3 133.636 133.821
2 1 3 133.636 133.821
2 2 3 133.883 134.315
1 3 3 133.914 133.914
1 1 3 134.006 134.006
1 4 3 134.13 134.13
1 3 3 134.16 134.16
1 1 3 134.191 134.191
1 1 3 134.376 134.376
1 2 3 134.376 134.376
1 4 3 134.376 134.376
1 3 3 134.5 134.5
1 1 3 134.5 134.5
1 2 3 134.623 134.623
1 3 3 134.623 134.623
1 4 3 134.623 134.623
1 3 3 134.747 134.747
1 1 3 134.747 134.747
1 2 3 134.87 134.87
1 4 3 134.87 134.87
1 1 3 134.87 134.87
1 2 3 134.994 134.994
1 3 3 134.994 134.994
1 3 3 135.117 135.117
1 4 3 135.117 135.117
1 1 3 135.117 135.117
1 4 3 135.241 135.241
1 3 3 135.241 135.241
1 2 3 135.364 135.364
1 4 3 135.364 135.364
1 1 3 135.364 135.364
1 2 3 135.488 135.488
1 1 3 135.488 135.488
1 4 3 135.611 135.611
1 3 3 135.611 135.611
1 1 3 135.611 135.611
1 4 3 135.735 135.735
1 2 3 135.735 135.735
1 2 3 135.858 135.858
1 3 3 135.858 135.858
1 1 3 135.858 135.858
1 1 3 135.981 135.981
1 4 3 135.981 135.981
1 2 3 136.105 136.105
1 4 3 136.105 136.105
1 3 3 136.105 136.105
1 3 3 136.228 136.228
1 2 3 136.228 136.228
1 1 3 136.228 136.228
1 1 3 136.352 136.352
1 4 3 136.352 136.352
1 2 3 136.352 136.352
1 3 3 136.475 136.475
1 4 3 136.475 136.475
1 3 3 136.599 136.599
1 2 3 136.599 136.599
1 1 3 136.599 136.599
1 2 3 136.722 136.722
1 4 3 136.722 136.722
1 3 3 136.846 136.846
1 4 3 136.846 136.846
1 1 3 136.846 136.846
1 3 3 136.969 136.969
1 2 3 136.969 136.969
1 2 3 137.093 137.093
1 1 3 137.093 137.093
1 4 3 137.093 137.093
1 1 3 137.216 137.216
1 2 3 137.216 137.216
1 3 3 137.339 137.339
1 1 3 137.339 137.339
1 4 3 137.339 137.339
1 3 3 137.463 137.463
1 4 3 137.463 137.463
1 2 3 137.586 137.586
1 1 3 137.586 137.586
1 4 3 137.586 137.586
1 2 3 137.71 137.71
1 3 3 137.71 137.71
1 1 3 137.833 137.833
1 3 3 137.833 137.833
1 4 3 137.833 137.833
1 2 3 137.957 137.957
1 4 3 137.957 137.957
1 2 3 138.08 138.08
1 1 3 138.08 138.08
1 3 3 138.08 138.08
1 3 3 138.204 138.204
1 1 3 138.204 138.204
1 4 3 138.204 138.204
1 2 3 138.327 138.327
1 1 3 138.327 138.327
1 4 3 138.327 138.327
1 3 3 138.451 138.451
1 2 3 138.451 138.451
1 3 3 138.574 138.574
1 4 3 138.574 138.574
1 1 3 138.574 138.574
1 2 3 138.697 138.697
1 4 3 138.697 138.697
1 3 3 138.821 138.821
1 2 3 138.821 138.821
1 1 3 138.821 138.821
1 3 3 138.944 138.944
1 4 3 138.944 138.944
1 2 3 139.068 139.068
1 4 3 139.068 139.068
1 1 3 139.068 139.068
1 1 3 139.191 139.191
1 2 3 139.191 139.191
1 4 3 139.315 139.315
1 3 3 139.315 139.315
1 1 3 139.315 139.315
1 3 3 139.438 139.438
1 4 3 139.438 139.438
1 1 3 139.562 139.562
1 2 3 139.562 139.562
1 4 3 139.562 139.562
1 3 3 139.685 139.685
1 1 3 139.685 139.685
1 2 3 139.809 139.809
1 3 3 139.809 139.809
1 4 3 139.809 139.809
1 3 3 139.932 139.932
1 4 3 139.932 139.932
1 2 3 140.056 140.056
1 1 3 140.056 140.056
1 4 3 140.056 140.056
1 2 3 140.179 140.179
1 1 3 140.179 140.179
1 3 3 140.179 140.179
1 1 3 140.302 140.302
1 4 3 140.302 140.302
1 3 3 140.302 140.302
1 4 3 140.426 140.426
2 2 3 140.426 140.488
2 3 3 140.488 140.549
1 1 3 140.549 140.549
1 2 3 140.549 140.549
2 4 3 140.549 140.611
1 3 3 140.673 140.673
2 1 3 140.673 140.735
1 2 3 140.673 140.673
2 2 3 140.796 140.858
2 3 3 140.92 140.981
2 4 3 141.043 141.105
1 2 3 141.043 141.043
1 1 3 141.043 141.043
2 1 3 141.167 141.228
2 4 3 141.29 142.216
2 1 3 141.29 141.599
2 1 3 141.66 141.784
2 2 3 141.722 141.846
2 3 3 141.784 141.969
2 3 3 142.031 142.216
1 4 3 142.278 142.278
1 3 3 142.278 142.278
2 1 3 142.278 142.895
1 4 3 142.401 142.401
1 3 3 142.525 142.525
1 2 3 142.525 142.525
1 2 3 142.648 142.648
1 3 3 142.772 142.772
1 4 3 142.772 142.772
1 3 3 142.895 142.895
1 2 3 143.018 143.018
1 1 3 143.018 143.018
2 4 3 143.018 143.142
1 2 3 143.142 143.142
1 3 3 143.265 143.265
1 1 3 143.265 143.265
2 4 3 143.265 143.883
1 3 3 143.389 143.389
1 1 3 143.512 143.512
1 2 3 143.512 143.512
1 1 3 143.636 143.636
1 2 3 143.759 143.759
1 3 3 143.759 143.759
1 2 3 143.883 143.883
1 3 3 144.006 144.006
1 4 3 144.006 144.006
1 1 3 144.006 144.006
1 3 3 144.13 144.13
1 4 3 144.13 144.13
1 1 3 144.253 144.253
1 4 3 144.253 144.253
2 2 3 144.253 144.87
1 1 3 144.376 144.376
1 3 3 144.5 144.5
1 4 3 144.5 144.5
1 3 3 144.623 144.623
1 1 3 144.747 144.747
1 4 3 144.747 144.747
1 4 3 144.87 144.87
1 2 3 144.994 144.994
1 1 3 144.994 144.994
2 3 3 144.994 145.117
1 1 3 145.117 145.117
1 2 3 145.241 145.241
1 4 3 145.241 145.241
2 3 3 145.241 145.611
1 4 3 145.364 145.364
1 2 3 145.488 145.488
1 1 3 145.488 145.488
1 1 3 145.611 145.611
1 3 3 145.735 145.735
1 4 3 145.735 145.735
1 2 3 145.735 145.735
1 3 3 145.858 145.858
1 4 3 145.858 145.858
1 2 3 145.92 145.92
1 1 3 145.92 145.92
1 3 3 145.981 145.981
1 4 3 145.981 145.981
1 1 3 146.105 146.105
1 2 3 146.105 146.105
1 2 3 146.228 146.228
1 1 3 146.228 146.228
2 4 3 146.228 146.29
2 4 3 146.352 146.414
1 3 3 146.475 146.475
1 1 3 146.475 146.475
2 2 3 146.475 146.537
2 2 3 146.599 146.66
1 1 3 146.722 146.722
2 3 3 146.722 146.784
2 4 3 146.722 146.846
1 2 3 146.846 146.846
1 2 3 146.969 146.969
1 4 3 146.969 146.969
2 1 3 146.969 147.031
2 4 3 147.093 147.154
1 3 3 147.216 147.216
1 1 3 147.216 147.216
2 2 3 147.216 147.278
1 2 3 147.339 147.339
1 3 3 147.463 147.463
1 4 3 147.463 147.463
2 1 3 147.463 147.525
2 3 3 147.586 147.71
1 2 3 147.71 147.71
1 1 3 147.71 147.71
1 4 3 147.71 147.71
2 3 3 147.833 147.895
2 2 3 147.895 147.957
1 3 3 147.957 147.957
1 4 3 147.957 147.957
1 1 3 147.957 147.957
1 2 3 148.08 148.08
1 1 3 148.08 148.08
1 3 3 148.08 148.08
2 1 3 148.204 148.389
2 2 3 148.204 148.389
2 4 3 148.204 148.265
2 3 3 148.327 148.389
1 1 3 148.451 148.451
2 2 3 148.451 148.512
1 4 3 148.451 148.451
2 4 3 148.574 148.759
2 3 3 148.574 148.759
2 1 3 148.574 148.636
2 2 3 148.697 148.759
2 3 3 148.821 148.883
1 4 3 148.821 148.821
1 1 3 148.883 148.883
1 2 3 148.944 148.944
2 4 3 148.944 149.006
1 3 3 148.944 148.944
2 1 3 149.068 149.13
2 2 3 149.191 149.315
2 4 3 149.191 149.376
2 1 3 149.191 149.376
2 1 3 149.438 149.623
2 4 3 149.438 149.623
2 3 3 149.438 149.562
1 2 3 149.685 149.685
1 3 3 149.716 149.716
1 1 3 149.809 149.809
1 4 3 149.932 149.932
1 3 3 149.963 149.963
1 1 3 149.994 149.994
1 2 3 150.179 150.179
1 1 3 150.179 150.179
2 4 3 150.179 151.167
1 2 3 150.302 150.302
1 3 3 150.426 150.426
1 1 3 150.426 150.426
1 3 3 150.549 150.549
1 2 3 150.673 150.673
1 1 3 150.673 150.673
1 1 3 150.796 150.796
1 2 3 150.92 150.92
1 3 3 150.92 150.92
1 3 3 151.043 151.043
1 2 3 151.167 151.167
1 1 3 151.167 151.167
1 2 3 151.29 151.29
1 3 3 151.414 151.414
1 1 3 151.414 151.414
2 4 3 151.414 151.66
1 3 3 151.537 151.537
2 2 3 151.66 151.784
1 1 3 151.66 151.66
2 4 3 151.784 151.907
1 2 3 151.907 151.907
1 3 3 151.907 151.907
2 1 3 151.907 151.969
1 1 3 152.031 152.031
2 2 3 152.031 152.093
1 4 3 152.154 152.154
1 1 3 152.154 152.154
2 3 3 152.154 152.772
1 4 3 152.278 152.278
1 2 3 152.401 152.401
1 1 3 152.401 152.401
1 2 3 152.525 152.525
1 4 3 152.648 152.648
1 1 3 152.648 152.648
1 1 3 152.772 152.772
1 3 3 152.895 152.895
1 4 3 152.895 152.895
2 2 3 152.895 153.018
1 4 3 153.018 153.018
1 3 3 153.142 153.142
1 1 3 153.142 153.142
2 2 3 153.142 153.512
1 1 3 153.265 153.265
1 3 3 153.389 153.389
1 4 3 153.389 153.389
1 4 3 153.512 153.512
1 2 3 153.636 153.636
1 1 3 153.636 153.636
1 3 3 153.636 153.636
1 2 3 153.759 153.759
1 1 3 153.883 153.883
1 3 3 153.883 153.883
1 4 3 153.883 153.883
1 3 3 154.006 154.006
1 4 3 154.006 154.006
1 2 3 154.13 154.13
1 4 3 154.13 154.13
1 1 3 154.13 154.13
1 3 3 154.253 154.253
1 1 3 154.253 154.253
1 2 3 154.376 154.376
1 4 3 154.376 154.376
1 3 3 154.5 154.5
1 4 3 154.5 154.5
1 3 3 154.623 154.623
1 2 3 154.623 154.623
1 1 3 154.623 154.623
1 2 3 154.747 154.747
1 4 3 154.747 154.747
1 3 3 154.87 154.87
1 1 3 154.87 154.87
1 3 3 154.994 154.994
1 4 3 154.994 154.994
1 1 3 155.056 155.056
1 2 3 155.056 155.056
1 3 3 155.117 155.117
1 4 3 155.117 155.117
1 1 3 155.241 155.241
1 4 3 155.241 155.241
1 3 3 155.302 155.302
1 2 3 155.302 155.302
1 1 3 155.364 155.364
1 4 3 155.364 155.364
1 3 3 155.488 155.488
1 2 3 155.488 155.488
1 1 3 155.611 155.611
1 2 3 155.611 155.611
1 3 3 155.673 155.673
1 4 3 155.673 155.673
1 1 3 155.735 155.735
1 2 3 155.735 155.735
1 4 3 155.796 155.796
1 3 3 155.796 155.796
1 1 3 155.858 155.858
1 2 3 155.858 155.858
1 3 3 155.981 155.981
1 4 3 155.981 155.981
1 2 3 156.105 156.105
1 1 3 156.105 156.105
2 4 3 156.105 156.167
1 1 3 156.228 156.228
2 3 3 156.228 156.29
1 4 3 156.29 156.29
1 1 3 156.352 156.352
2 2 3 156.352 156.414
2 4 3 156.475 156.66
2 1 3 156.475 156.537
2 3 3 156.475 156.66
2 2 3 156.599 156.66
2 3 3 156.722 156.784
1 4 3 156.722 156.722
1 1 3 156.784 156.784
2 4 3 156.846 156.907
1 2 3 156.846 156.846
1 3 3 156.846 156.846
2 1 3 156.969 157.031
2 2 3 157.093 157.216
2 4 3 157.093 157.278
2 1 3 157.093 157.278
1 3 3 157.216 157.216
1 2 3 157.278 157.278
1 1 3 157.339 157.339
1 4 3 157.339 157.339
1 2 3 157.463 157.463
1 3 3 157.463 157.463
1 4 3 157.463 157.463
1 2 3 157.586 157.586
1 1 3 157.586 157.586
1 3 3 157.648 157.648
1 4 3 157.648 157.648
1 1 3 157.71 157.71
1 2 3 157.772 157.772
1 3 3 157.833 157.833
1 2 3 157.874 157.874
1 1 3 157.916 157.916
1 4 3 157.957 157.957
1 3 3 157.998 157.998
1 2 3 158.039 158.039
1 1 3 158.08 158.08
1 3 3 158.08 158.08
1 4 3 158.08 158.08
2 4 3 158.204 159.006
1 2 3 158.204 158.204
2 3 3 158.327 158.389
2 2 3 158.451 158.512
2 1 3 158.574 158.636
2 3 3 158.697 158.79
2 2 3 158.821 158.914
2 1 3 158.944 159.037
2 3 3 159.068 159.5
1 4 3 159.068 159.068
1 1 3 159.191 159.191
2 2 3 159.315 159.376
2 1 3 159.438 159.5
2 2 3 159.562 159.994
2 4 3 159.562 159.623
2 3 3 159.685 159.778
2 1 3 159.809 159.901
2 4 3 159.932 160.025
2 1 3 160.056 161.969
1 3 3 160.056 160.056
1 4 3 160.179 160.179
2 2 3 160.302 160.364
2 3 3 160.426 160.488
2 4 3 160.549 160.611
2 2 3 160.673 160.765
2 3 3 160.796 160.889
2 4 3 160.92 161.012
1 2 3 161.043 161.043
1 3 3 161.167 161.167
2 2 3 161.29 161.352
2 3 3 161.414 161.475
2 4 3 161.537 161.599
2 2 3 161.66 161.753
2 3 3 161.784 161.876
2 4 3 161.907 162
2 2 3 162.031 162.957
1 1 3 162.031 162.031
1 3 3 162.154 162.154
2 1 3 162.278 162.339
2 3 3 162.401 162.463
2 4 3 162.525 162.586
2 1 3 162.648 162.741
2 3 3 162.772 162.864
2 4 3 162.895 162.988
2 3 3 163.018 163.451
1 1 3 163.018 163.018
1 2 3 163.142 163.142
2 1 3 163.265 163.327
2 2 3 163.389 163.451
2 1 3 163.512 163.944
2 3 3 163.512 163.574
2 4 3 163.636 163.728
2 2 3 163.759 163.852
2 3 3 163.883 163.975
2 4 3 164.006 164.438
1 2 3 164.006 164.006
1 1 3 164.13 164.13
2 3 3 164.253 164.315
2 1 3 164.376 164.438
2 2 3 164.5 164.932
2 4 3 164.5 164.562
2 3 3 164.623 164.716
2 1 3 164.747 164.839
2 4 3 164.87 164.963
2 3 3 164.994 165.92
1 1 3 164.994 164.994
1 2 3 165.117 165.117
2 4 3 165.241 165.302
2 2 3 165.364 165.426
2 1 3 165.488 165.549
2 4 3 165.611 165.704
2 2 3 165.735 165.827
2 1 3 165.858 165.951
1 3 3 165.981 165.981
1 4 3 165.981 165.981
1 4 3 166.105 166.105
1 3 3 166.228 166.228
1 4 3 166.228 166.228
1 3 3 166.352 166.352
1 3 3 166.475 166.475
2 2 3 166.475 166.537
2 1 3 166.506 166.599
1 4 3 166.599 166.599
1 2 3 166.722 166.722
1 2 3 166.846 166.846
1 1 3 166.846 166.846
1 4 3 166.969 166.969
1 3 3 167.093 167.093
1 2 3 167.216 167.216
2 3 3 167.216 167.278
2 4 3 167.247 167.339
1 1 3 167.339 167.339
1 2 3 167.463 167.463
1 2 3 167.586 167.586
1 1 3 167.586 167.586
1 3 3 167.71 167.71
1 3 3 167.833 167.833
1 4 3 167.833 167.833
1 2 3 167.957 167.957
1 1 3 167.957 167.957
1 4 3 167.957 167.957
1 1 3 168.08 168.08
1 1 3 168.204 168.204
1 2 3 168.204 168.204
1 2 3 168.327 168.327
1 2 3 168.451 168.451
2 3 3 168.451 168.512
2 4 3 168.481 168.574
1 1 3 168.574 168.574
1 3 3 168.697 168.697
1 4 3 168.821 168.821
1 3 3 168.821 168.821
1 1 3 168.944 168.944
1 2 3 169.068 169.068
2 2 3 169.191 169.253
1 3 3 169.191 169.191
2 1 3 169.222 169.315
1 4 3 169.315 169.315
1 3 3 169.438 169.438
1 4 3 169.562 169.562
1 3 3 169.562 169.562
1 2 3 169.685 169.685
1 1 3 169.809 169.809
1 2 3 169.809 169.809
1 3 3 169.932 169.932
1 4 3 169.932 169.932
2 1 3 169.932 171.784
1 4 3 170.056 170.056
1 2 3 170.179 170.179
1 4 3 170.179 170.179
1 2 3 170.302 170.302
1 4 3 170.426 170.426
2 3 3 170.426 170.488
2 2 3 170.457 170.549
1 4 3 170.549 170.549
1 2 3 170.673 170.673
1 3 3 170.796 170.796
1 2 3 170.796 170.796
1 4 3 170.92 170.92
1 3 3 171.043 171.043
1 2 3 171.167 171.167
2 3 3 171.167 171.228
2 4 3 171.197 171.29
1 2 3 171.29 171.29
1 3 3 171.414 171.414
1 3 3 171.537 171.537
1 2 3 171.537 171.537
1 4 3 171.66 171.66
1 3 3 171.784 171.784
1 4 3 171.784 171.784
1 2 3 171.907 171.907
1 1 3 171.907 171.907
2 4 3 171.907 173.759
1 1 3 172.031 172.031
1 3 3 172.154 172.154
1 1 3 172.154 172.154
1 3 3 172.278 172.278
1 1 3 172.401 172.401
2 2 3 172.401 172.463
2 3 3 172.432 172.525
1 1 3 172.525 172.525
1 3 3 172.648 172.648
1 2 3 172.772 172.772
1 3 3 172.772 172.772
1 1 3 172.895 172.895
1 2 3 173.018 173.018
1 3 3 173.142 173.142
2 2 3 173.142 173.204
2 1 3 173.173 173.265
1 3 3 173.265 173.265
1 2 3 173.389 173.389
1 2 3 173.512 173.512
1 3 3 173.512 173.512
1 1 3 173.636 173.636
1 2 3 173.759 173.759
1 1 3 173.759 173.759
2 4 3 173.883 177.988
2 2 3 173.883 174.068
2 2 3 174.13 174.376
2 3 3 174.191 177.772
2 1 3 176.599 176.722
2 2 3 176.63 177.71
2 1 3 177.802 177.864
2 2 3 177.833 177.88
2 3 3 177.864 177.895
2 2 3 177.957 178.003
2 1 3 177.988 178.018
1 4 3 181.784 181.784
1 3 3 181.815 181.815
1 4 3 182.772 182.772
1 3 3 182.802 182.802
1 4 3 183.759 183.759
1 3 3 183.79 183.79
1 4 3 184.747 184.747
1 3 3 184.778 184.778
1 4 3 185.735 185.735
1 3 3 185.765 185.765
1 4 3 186.722 186.722
1 3 3 186.753 186.753
1 4 3 187.71 187.71
1 3 3 187.741 187.741
1 4 3 188.697 188.697
1 3 3 188.728 188.728
1 4 3 189.685 189.685
1 3 3 189.716 189.716
2 1 3 189.932 189.994
2 2 3 190.179 190.241
2 3 3 190.426 190.488
1 4 3 190.673 190.673
1 3 3 190.704 190.704
2 2 3 190.92 190.981
2 3 3 191.167 191.228
2 4 3 191.414 191.475
1 4 3 191.66 191.66
1 3 3 191.691 191.691
2 3 3 191.907 191.969
2 4 3 192.154 192.216
2 1 3 192.401 192.463
2 4 3 192.648 192.71
1 3 3 192.679 192.679
2 2 3 192.895 192.957
2 3 3 193.142 193.204
2 1 3 193.389 193.451
1 4 3 193.636 193.636
1 3 3 193.667 193.667
2 1 3 193.883 193.944
2 2 3 194.13 194.191
2 3 3 194.376 194.438
1 4 3 194.623 194.623
1 3 3 194.654 194.654
2 2 3 194.87 194.932
2 3 3 195.117 195.179
2 4 3 195.364 195.426
1 4 3 195.611 195.611
1 3 3 195.642 195.642
2 3 3 195.858 195.92
2 4 3 196.105 196.167
2 1 3 196.352 196.414
2 4 3 196.599 196.66
1 3 3 196.63 196.63
2 2 3 196.846 196.907
2 3 3 197.093 197.154
2 1 3 197.339 197.401
1 4 3 197.586 197.586
1 3 3 197.617 197.617
2 1 3 197.833 197.895
2 2 3 198.08 198.142
2 3 3 198.327 198.389
1 4 3 198.574 198.574
1 3 3 198.605 198.605
2 2 3 198.821 198.883
2 3 3 199.068 199.13
2 4 3 199.315 199.376
1 4 3 199.562 199.562
2 2 3 199.562 199.685
1 3 3 199.593 199.593
2 3 3 199.809 199.87
2 4 3 200.056 200.117
2 2 3 200.056 200.179
2 1 3 200.302 200.364
2 1 3 200.549 200.735
2 4 3 200.549 200.611
1 3 3 200.58 200.58
2 2 3 200.796 200.858
2 3 3 201.043 201.105
2 4 3 201.043 201.228
2 1 3 201.29 201.352
1 4 3 201.537 201.537
2 2 3 201.537 201.784
1 3 3 201.568 201.568
2 1 3 201.784 201.846
2 2 3 202.031 202.093
2 4 3 202.031 202.278
2 3 3 202.278 202.339
2 1 3 202.525 202.833
1 4 3 202.525 202.525
1 3 3 202.556 202.556
2 2 3 202.772 202.833
2 3 3 203.018 203.08
2 2 3 203.018 203.327
2 4 3 203.265 203.327
1 4 3 203.512 203.512
2 1 3 203.512 203.883
1 3 3 203.543 203.543
2 3 3 203.759 203.821
2 4 3 204.006 204.068
2 3 3 204.006 204.376
2 1 3 204.253 204.315
2 1 3 204.5 204.932
2 4 3 204.5 204.562
1 3 3 204.531 204.531
2 2 3 204.747 204.809
2 3 3 204.994 205.056
2 4 3 204.994 205.426
2 1 3 205.241 205.302
1 4 3 205.488 205.488
2 1 3 205.488 205.92
1 3 3 205.518 205.518
2 2 3 205.735 205.796
2 1 3 205.981 206.414
2 2 3 205.981 206.167
2 3 3 205.981 206.043
2 3 3 206.228 206.414
2 4 3 206.228 206.29
2 2 3 206.475 206.907
2 1 3 206.475 206.66
2 3 3 206.722 206.784
2 2 3 206.969 207.401
2 4 3 206.969 207.031
2 3 3 206.969 207.154
2 4 3 207.216 207.401
2 1 3 207.216 207.278
2 3 3 207.463 207.895
2 1 3 207.463 207.648
2 4 3 207.71 207.772
2 3 3 207.957 208.389
2 1 3 207.957 208.142
2 4 3 207.957 208.018
2 2 3 208.204 208.265
2 4 3 208.451 208.883
2 2 3 208.451 208.636
2 1 3 208.451 208.512
2 3 3 208.697 208.759
2 4 3 208.944 209.376
2 3 3 208.944 209.13
2 1 3 208.944 209.006
2 2 3 209.191 209.253
1 4 3 209.438 209.438
2 1 3 209.438 209.87
2 3 3 209.438 209.747
2 2 3 209.685 209.747
2 1 3 209.932 210.364
2 2 3 209.932 210.117
2 3 3 209.932 209.994
2 3 3 210.179 210.364
2 4 3 210.179 210.241
2 2 3 210.426 210.858
2 1 3 210.426 210.611
2 4 3 210.426 210.735
2 3 3 210.673 210.735
2 2 3 210.92 211.352
2 4 3 210.92 210.981
2 3 3 210.92 211.105
2 4 3 211.167 211.352
2 1 3 211.167 211.228
2 3 3 211.414 211.846
2 1 3 211.414 211.599
2 2 3 211.414 211.722
2 4 3 211.66 211.722
2 3 3 211.907 212.339
2 4 3 211.907 212.093
2 1 3 211.907 211.969
2 2 3 212.154 212.216
1 1 3 212.154 212.154
2 4 3 212.401 212.833
2 2 3 212.401 212.586
2 1 3 212.401 212.71
2 3 3 212.648 212.71
2 4 3 212.895 213.327
2 3 3 212.895 213.08
2 1 3 212.895 212.957
2 2 3 213.142 213.204
2 1 3 213.389 213.821
1 3 3 213.389 213.389
1 4 3 213.389 213.389
2 4 3 213.636 213.759
2 3 3 213.697 213.79
2 2 3 213.759 213.821
2 1 3 213.883 214.315
2 4 3 213.883 214.068
2 3 3 214.13 214.315
1 4 3 214.13 214.13
2 2 3 214.376 214.809
2 1 3 214.376 214.562
1 4 3 214.376 214.376
1 3 3 214.623 214.623
1 3 3 214.747 214.747
2 2 3 214.87 215.302
2 1 3 214.87 215.056
1 4 3 214.994 214.994
2 3 3 215.117 215.302
2 3 3 215.364 215.796
2 1 3 215.364 215.549
1 4 3 215.364 215.364
2 1 3 215.611 215.735
2 2 3 215.673 215.765
2 4 3 215.735 215.796
2 3 3 215.858 216.29
2 1 3 215.858 216.043
1 2 3 216.105 216.105
1 1 3 216.105 216.105
2 4 3 216.352 216.784
1 3 3 216.352 216.352
2 1 3 216.352 216.537
1 2 3 216.475 216.475
1 2 3 216.599 216.599
1 2 3 216.722 216.722
2 4 3 216.846 217.278
2 3 3 216.846 217.031
1 1 3 217.093 217.093
2 2 3 217.339 217.648
1 3 3 217.339 217.339
1 1 3 217.339 217.339
2 1 3 217.525 217.833
2 2 3 218.327 218.451
2 4 3 218.327 218.574
2 3 3 218.821 219.068
2 1 3 218.821 218.944
2 1 3 219.315 219.562
1 4 3 219.315 219.315
2 3 3 219.315 219.376
2 4 3 219.562 219.685
2 3 3 219.623 219.716
2 2 3 219.685 219.747
2 1 3 219.809 220.056
2 4 3 219.809 219.87
1 4 3 220.056 220.056
2 3 3 220.056 220.117
2 1 3 220.302 220.549
2 2 3 220.302 220.364
1 3 3 220.549 220.549
2 3 3 220.673 220.735
2 1 3 220.796 221.043
2 4 3 220.796 220.858
1 2 3 220.92 220.92
2 3 3 221.043 221.105
2 2 3 221.29 221.352
1 1 3 221.29 221.29
2 4 3 221.29 221.537
2 1 3 221.537 221.66
2 2 3 221.599 221.691
2 3 3 221.66 221.722
2 1 3 221.784 221.846
2 4 3 221.784 222.031
2 2 3 222.031 222.093
1 1 3 222.031 222.031
2 3 3 222.278 222.339
2 4 3 222.278 222.648
1 2 3 222.401 222.401
1 2 3 222.525 222.525
2 2 3 222.648 222.71
2 1 3 222.772 222.833
2 4 3 222.772 223.142
2 2 3 223.018 223.08
2 1 3 223.265 223.512
2 3 3 223.265 223.389
2 4 3 223.265 223.451
2 3 3 223.512 223.574
2 2 3 223.636 223.697
2 1 3 223.759 224.006
2 4 3 223.759 223.821
1 4 3 224.006 224.006
2 3 3 224.006 224.068
1 2 3 224.13 224.13
1 3 3 224.191 224.191
2 1 3 224.253 224.5
2 2 3 224.253 224.315
1 3 3 224.5 224.5
2 3 3 224.623 224.685
2 1 3 224.747 224.994
2 4 3 224.747 224.809
1 2 3 224.87 224.87
2 3 3 224.994 225.056
1 2 3 225.117 225.117
2 2 3 225.241 225.426
2 1 3 225.241 225.488
2 4 3 225.241 225.364
1 3 3 225.488 225.488
1 1 3 225.611 225.611
1 4 3 225.611 225.611
1 3 3 225.611 225.611
1 2 3 225.735 225.735
1 1 3 225.735 225.735
1 3 3 225.796 225.796
1 4 3 225.796 225.796
1 2 3 225.858 225.858
1 1 3 225.858 225.858
1 4 3 225.92 225.92
1 1 3 225.981 225.981
1 3 3 225.981 225.981
1 2 3 225.981 225.981
2 4 3 226.228 226.907
2 2 3 226.228 226.66
2 3 3 226.475 226.907
2 1 3 226.475 226.66
2 2 3 226.722 226.907
2 1 3 226.722 226.907
2 1 3 226.969 227.154
2 2 3 226.969 227.154
2 3 3 226.969 227.154
2 4 3 226.969 227.154
1 4 3 227.216 227.216
1 1 3 227.216 227.216
2 3 3 227.216 227.833
1 1 3 227.339 227.339
1 2 3 227.463 227.463
1 4 3 227.463 227.463
1 2 3 227.586 227.586
1 1 3 227.71 227.71
1 4 3 227.71 227.71
1 4 3 227.833 227.833
1 3 3 227.957 227.957
1 1 3 227.957 227.957
2 2 3 227.957 228.08
1 3 3 228.08 228.08
1 1 3 228.204 228.204
1 4 3 228.204 228.204
2 2 3 228.204 228.821
1 1 3 228.327 228.327
1 4 3 228.451 228.451
1 3 3 228.451 228.451
1 4 3 228.574 228.574
1 3 3 228.697 228.697
1 1 3 228.697 228.697
1 4 3 228.821 228.821
1 3 3 228.883 228.883
1 1 3 228.944 228.944
1 2 3 228.944 228.944
1 4 3 228.944 228.944
1 1 3 229.068 229.068
1 2 3 229.068 229.068
1 1 3 229.191 229.191
1 3 3 229.191 229.191
2 4 3 229.191 229.809
1 3 3 229.315 229.315
1 2 3 229.438 229.438
1 1 3 229.438 229.438
1 1 3 229.562 229.562
1 3 3 229.685 229.685
1 2 3 229.685 229.685
1 2 3 229.809 229.809
2 1 3 229.932 230.056
1 3 3 229.932 229.932
1 4 3 229.932 229.932
1 4 3 230.056 230.056
2 1 3 230.179 230.549
1 2 3 230.179 230.179
1 3 3 230.179 230.179
1 3 3 230.302 230.302
1 2 3 230.426 230.426
1 4 3 230.426 230.426
1 2 3 230.549 230.549
1 1 3 230.673 230.673
1 4 3 230.673 230.673
2 3 3 230.673 230.796
1 2 3 230.796 230.796
1 1 3 230.796 230.796
1 3 3 230.858 230.858
1 4 3 230.858 230.858
1 2 3 230.92 230.92
1 1 3 230.92 230.92
1 4 3 231.043 231.043
1 3 3 231.043 231.043
1 1 3 231.167 231.167
1 3 3 231.167 231.167
2 4 3 231.167 231.784
1 1 3 231.29 231.29
1 2 3 231.414 231.414
1 3 3 231.414 231.414
1 2 3 231.537 231.537
1 1 3 231.66 231.66
1 3 3 231.66 231.66
1 3 3 231.784 231.784
2 2 3 231.907 232.031
1 1 3 231.907 231.907
1 4 3 231.907 231.907
1 4 3 232.031 232.031
2 2 3 232.154 232.525
1 1 3 232.154 232.154
1 3 3 232.154 232.154
1 3 3 232.278 232.278
1 4 3 232.401 232.401
1 1 3 232.401 232.401
1 1 3 232.525 232.525
1 4 3 232.648 232.648
1 3 3 232.648 232.648
2 2 3 232.648 232.772
1 1 3 232.772 232.772
1 4 3 232.833 232.833
1 1 3 232.895 232.895
1 3 3 232.895 232.895
1 2 3 232.895 232.895
1 4 3 233.018 233.018
1 2 3 233.018 233.018
1 1 3 233.142 233.142
1 4 3 233.142 233.142
1 3 3 233.142 233.142
1 2 3 233.265 233.265
1 4 3 233.389 233.389
1 3 3 233.389 233.389
1 1 3 233.389 233.389
1 4 3 233.512 233.512
1 2 3 233.512 233.512
1 3 3 233.512 233.512
1 1 3 233.636 233.636
1 2 3 233.636 233.636
1 3 3 233.759 233.759
1 4 3 233.759 233.759
1 1 3 233.821 233.821
1 2 3 233.821 233.821
1 3 3 233.883 233.883
1 4 3 233.883 233.883
1 1 3 234.006 234.006
1 2 3 234.13 234.13
2 4 3 234.13 234.623
1 3 3 234.13 234.13
1 2 3 234.253 234.253
1 3 3 234.376 234.376
1 1 3 234.376 234.376
1 1 3 234.5 234.5
1 2 3 234.623 234.623
2 3 3 234.623 235.117
1 1 3 234.747 234.747
1 4 3 234.747 234.747
1 2 3 234.87 234.87
1 1 3 234.87 234.87
1 1 3 235.117 235.117
1 4 3 235.117 235.117
2 2 3 235.117 235.735
1 4 3 235.241 235.241
1 3 3 235.364 235.364
1 1 3 235.364 235.364
1 3 3 235.488 235.488
1 4 3 235.611 235.611
1 1 3 235.611 235.611
1 1 3 235.735 235.735
1 2 3 235.858 235.858
1 4 3 235.858 235.858
2 3 3 235.858 235.981
1 2 3 235.981 235.981
1 4 3 236.105 236.105
1 1 3 236.105 236.105
2 3 3 236.105 236.722
1 4 3 236.228 236.228
1 1 3 236.352 236.352
1 2 3 236.352 236.352
1 1 3 236.475 236.475
1 2 3 236.599 236.599
1 4 3 236.599 236.599
1 1 3 236.722 236.722
1 2 3 236.784 236.784
1 4 3 236.846 236.846
1 1 3 236.846 236.846
1 3 3 236.846 236.846
1 4 3 236.969 236.969
1 3 3 236.969 236.969
1 4 3 237.093 237.093
1 2 3 237.093 237.093
2 1 3 237.093 237.71
1 2 3 237.216 237.216
1 3 3 237.339 237.339
1 4 3 237.339 237.339
1 4 3 237.463 237.463
1 2 3 237.586 237.586
1 3 3 237.586 237.586
1 3 3 237.71 237.71
2 4 3 237.833 237.957
1 2 3 237.833 237.833
1 1 3 237.833 237.833
1 1 3 237.957 237.957
2 4 3 238.08 238.451
1 3 3 238.08 238.08
1 2 3 238.08 238.08
1 2 3 238.204 238.204
1 3 3 238.327 238.327
1 1 3 238.327 238.327
1 3 3 238.451 238.451
1 1 3 238.574 238.574
1 2 3 238.574 238.574
1 3 3 238.636 238.636
1 4 3 238.636 238.636
1 2 3 238.697 238.697
1 1 3 238.697 238.697
1 4 3 238.759 238.759
1 3 3 238.759 238.759
1 2 3 238.821 238.821
1 1 3 238.821 238.821
1 3 3 238.944 238.944
1 1 3 238.944 238.944
1 3 3 239.068 239.068
1 4 3 239.068 239.068
2 2 3 239.068 239.685
1 4 3 239.191 239.191
1 3 3 239.315 239.315
1 1 3 239.315 239.315
1 1 3 239.438 239.438
1 4 3 239.562 239.562
1 3 3 239.562 239.562
1 4 3 239.685 239.685
1 2 3 239.809 239.809
1 1 3 239.809 239.809
2 3 3 239.809 239.932
1 2 3 239.932 239.932
2 3 3 240.056 240.302
1 1 3 240.056 240.056
1 4 3 240.056 240.056
1 1 3 240.179 240.179
1 2 3 240.302 240.302
1 4 3 240.302 240.302
1 4 3 240.426 240.426
1 1 3 240.549 240.549
1 2 3 240.549 240.549
2 3 3 240.549 240.673
1 4 3 240.673 240.673
1 1 3 240.735 240.735
1 2 3 240.796 240.796
1 3 3 240.796 240.796
1 4 3 240.796 240.796
1 1 3 240.92 240.92
1 3 3 240.92 240.92
1 2 3 241.043 241.043
1 1 3 241.043 241.043
1 4 3 241.043 241.043
1 3 3 241.167 241.167
1 4 3 241.167 241.167
1 2 3 241.228 241.228
1 1 3 241.228 241.228
1 3 3 241.29 241.29
1 4 3 241.29 241.29
1 2 3 241.414 241.414
1 1 3 241.414 241.414
1 3 3 241.414 241.414
1 4 3 241.537 241.537
1 2 3 241.537 241.537
1 3 3 241.66 241.66
1 4 3 241.784 241.784
1 1 3 241.784 241.784
1 3 3 241.784 241.784
1 2 3 241.907 241.907
1 2 3 242.031 242.031
1 4 3 242.031 242.031
2 1 3 242.031 242.525
1 4 3 242.154 242.154
1 2 3 242.278 242.278
1 3 3 242.278 242.278
2 3 3 242.401 242.648
2 2 3 242.463 242.586
2 4 3 242.525 242.71
1 1 3 242.648 242.648
2 2 3 242.772 242.813
2 3 3 242.813 242.854
2 1 3 242.854 242.895
2 2 3 242.895 242.936
2 4 3 242.936 242.977
2 3 3 242.977 243.018
1 1 3 243.018 243.018
1 4 3 243.018 243.018
2 2 3 243.018 243.08
1 3 3 243.142 243.142
1 2 3 243.265 243.265
1 1 3 243.265 243.265
2 4 3 243.265 243.327
1 1 3 243.389 243.389
2 3 3 243.389 243.451
1 2 3 243.512 243.512
1 4 3 243.512 243.512
1 3 3 243.512 243.512
1 4 3 243.636 243.636
2 1 3 243.636 243.697
1 3 3 243.759 243.759
1 2 3 243.759 243.759
1 1 3 243.759 243.759
1 2 3 243.883 243.883
2 4 3 243.883 243.944
1 1 3 244.006 244.006
1 3 3 244.006 244.006
1 4 3 244.006 244.006
2 2 3 244.13 244.191
1 3 3 244.13 244.13
2 2 3 244.253 244.315
1 1 3 244.253 244.253
1 4 3 244.253 244.253
1 3 3 244.376 244.376
1 2 3 244.5 244.5
1 4 3 244.5 244.5
2 1 3 244.5 244.562
1 3 3 244.623 244.623
1 1 3 244.685 244.685
1 2 3 244.747 244.747
1 4 3 244.747 244.747
2 3 3 244.747 244.809
1 2 3 244.87 244.87
1 1 3 244.87 244.87
1 4 3 244.87 244.87
1 1 3 244.994 244.994
1 3 3 244.994 244.994
1 4 3 244.994 244.994
1 2 3 245.117 245.117
1 3 3 245.179 245.179
1 2 3 245.241 245.241
1 1 3 245.241 245.241
1 4 3 245.241 245.241
1 1 3 245.364 245.364
1 3 3 245.488 245.488
1 4 3 245.488 245.488
2 2 3 245.488 245.549
1 1 3 245.611 245.611
1 4 3 245.735 245.735
1 2 3 245.735 245.735
2 3 3 245.735 245.796
1 4 3 245.858 245.858
2 1 3 245.858 245.92
1 3 3 245.981 245.981
1 2 3 245.981 245.981
1 1 3 245.981 245.981
1 3 3 246.105 246.105
1 2 3 246.228 246.228
1 1 3 246.228 246.228
1 4 3 246.228 246.228
1 2 3 246.352 246.352
1 1 3 246.475 246.475
1 3 3 246.475 246.475
1 4 3 246.475 246.475
1 2 3 246.599 246.599
1 1 3 246.599 246.599
1 3 3 246.66 246.66
1 4 3 246.66 246.66
1 2 3 246.722 246.722
1 1 3 246.722 246.722
1 4 3 246.846 246.846
1 3 3 246.846 246.846
1 2 3 246.846 246.846
1 1 3 246.969 246.969
1 3 3 246.969 246.969
2 4 3 246.969 247.031
1 2 3 247.093 247.093
1 4 3 247.216 247.216
1 3 3 247.216 247.216
2 1 3 247.216 247.278
1 4 3 247.339 247.339
2 2 3 247.339 247.401
1 3 3 247.463 247.463
1 1 3 247.463 247.463
1 2 3 247.463 247.463
1 3 3 247.586 247.586
2 4 3 247.586 247.648
1 2 3 247.71 247.71
1 1 3 247.71 247.71
1 4 3 247.71 247.71
1 1 3 247.833 247.833
2 3 3 247.833 247.895
1 3 3 247.957 247.957
1 2 3 247.957 247.957
1 4 3 247.957 247.957
1 4 3 248.08 248.08
2 1 3 248.08 248.142
1 2 3 248.204 248.204
1 3 3 248.204 248.204
2 1 3 248.204 248.265
1 4 3 248.327 248.327
1 3 3 248.451 248.451
1 1 3 248.451 248.451
2 2 3 248.451 248.512
1 4 3 248.574 248.574
1 3 3 248.636 248.636
1 2 3 248.697 248.697
1 1 3 248.697 248.697
2 4 3 248.697 248.759
1 3 3 248.821 248.821
1 1 3 248.821 248.821
1 2 3 248.944 248.944
1 3 3 248.944 248.944
1 4 3 248.944 248.944
1 2 3 249.068 249.068
1 1 3 249.191 249.191
1 3 3 249.191 249.191
1 4 3 249.191 249.191
1 2 3 249.315 249.315
1 1 3 249.315 249.315
1 3 3 249.315 249.315
1 2 3 249.438 249.438
1 4 3 249.438 249.438
1 3 3 249.562 249.562
1 4 3 249.562 249.562
1 2 3 249.623 249.623
1 1 3 249.623 249.623
1 3 3 249.685 249.685
1 4 3 249.685 249.685
1 1 3 249.809 249.809
1 3 3 249.809 249.809
2 2 3 249.932 249.994
2 1 3 249.932 250.117
2 4 3 249.932 250.056
1 3 3 250.056 250.056
1 2 3 250.179 250.179
1 1 3 250.179 250.179
1 4 3 250.179 250.179
1 3 3 250.302 250.302
1 1 3 250.302 250.302
1 2 3 250.426 250.426
1 4 3 250.488 250.488
1 1 3 250.518 250.518
1 3 3 250.549 250.549
1 2 3 250.59 250.59
1 4 3 250.632 250.632
1 3 3 250.673 250.673
1 1 3 250.722 250.722
1 2 3 250.772 250.772
1 4 3 250.821 250.821
1 3 3 250.87 250.87
1 2 3 250.92 250.92
1 1 3 250.92 250.92
1 4 3 250.92 250.92
1 3 3 251.043 251.043
1 1 3 251.167 251.167
1 4 3 251.167 251.167
1 1 3 251.29 251.29
1 2 3 251.414 251.414
1 3 3 251.414 251.414
1 4 3 251.537 251.537
1 2 3 251.66 251.66
1 1 3 251.66 251.66
1 3 3 251.784 251.784
1 2 3 251.907 251.907
1 1 3 251.907 251.907
1 4 3 251.907 251.907
1 3 3 252.031 252.031
1 3 3 252.154 252.154
1 1 3 252.154 252.154
1 4 3 252.154 252.154
1 2 3 252.278 252.278
1 1 3 252.401 252.401
1 4 3 252.401 252.401
1 3 3 252.525 252.525
1 1 3 252.586 252.586
1 2 3 252.648 252.648
1 3 3 252.648 252.648
1 4 3 252.648 252.648
1 2 3 252.772 252.772
1 1 3 252.772 252.772
1 4 3 252.772 252.772
1 1 3 252.895 252.895
1 3 3 252.895 252.895
1 4 3 252.895 252.895
1 2 3 253.018 253.018
1 1 3 253.142 253.142
1 3 3 253.142 253.142
1 4 3 253.265 253.265
1 1 3 253.389 253.389
1 2 3 253.389 253.389
1 3 3 253.512 253.512
1 1 3 253.574 253.574
1 3 3 253.636 253.636
1 4 3 253.636 253.636
1 1 3 253.759 253.759
2 4 3 253.883 254.13
2 3 3 253.883 254.006
2 2 3 253.883 254.006
1 1 3 254.13 254.13
1 2 3 254.13 254.13
1 3 3 254.13 254.13
1 4 3 254.253 254.253
1 2 3 254.253 254.253
1 1 3 254.253 254.253
1 1 3 254.376 254.376
1 3 3 254.376 254.376
1 2 3 254.5 254.5
1 4 3 254.562 254.562
1 3 3 254.623 254.623
1 1 3 254.623 254.623
1 2 3 254.623 254.623
1 1 3 254.747 254.747
1 3 3 254.747 254.747
1 4 3 254.747 254.747
1 2 3 254.87 254.87
1 1 3 254.87 254.87
1 4 3 254.87 254.87
1 3 3 254.994 254.994
1 2 3 255.117 255.117
1 4 3 255.117 255.117
1 2 3 255.241 255.241
1 4 3 255.364 255.364
1 3 3 255.364 255.364
1 1 3 255.364 255.364
1 2 3 255.488 255.488
1 4 3 255.611 255.611
1 1 3 255.611 255.611
1 3 3 255.735 255.735
1 3 3 255.858 255.858
1 2 3 255.858 255.858
1 4 3 255.858 255.858
1 1 3 255.981 255.981
1 1 3 256.105 256.105
1 3 3 256.105 256.105
1 2 3 256.228 256.228
1 1 3 256.352 256.352
1 3 3 256.352 256.352
1 4 3 256.352 256.352
1 4 3 256.475 256.475
1 3 3 256.599 256.599
1 2 3 256.599 256.599
1 1 3 256.599 256.599
1 2 3 256.722 256.722
1 1 3 256.722 256.722
1 4 3 256.722 256.722
1 3 3 256.846 256.846
1 4 3 256.846 256.846
1 2 3 256.846 256.846
1 1 3 256.907 256.907
1 4 3 256.969 256.969
1 3 3 256.969 256.969
1 2 3 257.031 257.031
1 1 3 257.093 257.093
1 3 3 257.093 257.093
1 4 3 257.154 257.154
1 2 3 257.216 257.216
1 1 3 257.216 257.216
1 3 3 257.278 257.278
1 4 3 257.339 257.339
1 2 3 257.339 257.339
1 1 3 257.401 257.401
1 4 3 257.463 257.463
1 3 3 257.463 257.463
1 2 3 257.525 257.525
1 1 3 257.586 257.586
1 4 3 257.586 257.586
1 3 3 257.648 257.648
1 2 3 257.71 257.71
1 1 3 257.71 257.71
1 4 3 257.772 257.772
1 2 3 257.833 257.833
1 1 3 257.833 257.833
2 3 3 257.833 257.895
2 3 3 257.957 258.018
1 1 3 258.08 258.08
1 4 3 258.08 258.08
2 3 3 258.08 258.142
2 3 3 258.204 258.265
1 1 3 258.204 258.204
1 3 3 258.327 258.327
1 2 3 258.451 258.451
1 1 3 258.451 258.451
1 1 3 258.574 258.574
1 4 3 258.574 258.574
1 3 3 258.574 258.574
1 2 3 258.697 258.697
1 4 3 258.697 258.697
2 1 3 258.821 259.191
2 2 3 258.821 259.068
2 3 3 258.821 258.944
2 4 3 258.944 259.191
2 3 3 259.068 259.809
2 2 3 259.191 259.809
2 4 3 259.294 259.809
2 1 3 259.294 259.809
2 3 3 260.056 260.549
2 2 3 260.302 261.29
2 1 3 260.549 260.673
2 3 3 260.673 260.796
2 1 3 260.796 261.784
2 4 3 260.796 261.784
2 3 3 261.29 262.278
2 2 3 261.784 262.525
2 1 3 262.278 264.006
2 3 3 262.525 262.772
2 2 3 262.772 264.253
2 4 3 262.772 264.623
2 3 3 264.006 264.623
1 1 3 264.253 264.253
1 1 3 264.376 264.376
1 1 3 264.5 264.5
1 1 3 264.623 264.623
1 4 3 264.747 264.747
2 1 3 264.747 265.611
2 2 3 264.747 265.611
1 4 3 264.87 264.87
1 4 3 264.994 264.994
1 4 3 265.117 265.117
1 3 3 265.241 265.241
1 3 3 265.364 265.364
1 3 3 265.488 265.488
1 3 3 265.611 265.611
1 1 3 265.735 265.735
1 2 3 265.735 265.735
1 4 3 265.735 265.735
2 3 3 265.858 265.981
1 1 3 265.981 265.981
2 2 3 265.981 266.105
1 3 3 266.105 266.105
2 4 3 266.105 266.228
1 2 3 266.167 266.167
1 3 3 266.228 266.228
2 1 3 266.228 266.352
2 2 3 266.352 266.475
2 3 3 266.475 266.599
2 4 3 266.599 266.722
2 1 3 266.722 266.907
2 2 3 266.722 266.907
2 4 3 266.846 266.907
2 3 3 266.846 266.907
1 2 3 266.969 266.969
1 1 3 266.969 266.969
1 4 3 266.969 266.969
2 2 3 267.093 267.216
2 1 3 267.093 267.216
2 3 3 267.093 267.339
2 4 3 267.216 267.339
1 2 3 267.339 267.339
2 1 3 267.339 267.401
1 4 3 267.401 267.401
1 3 3 267.401 267.401
1 1 3 267.463 267.463
2 2 3 267.463 267.525
1 3 3 267.525 267.525
1 4 3 267.586 267.586
1 1 3 267.648 267.648
2 4 3 267.71 267.833
2 3 3 267.71 267.833
2 2 3 267.833 267.895
2 1 3 267.833 267.895
1 4 3 267.895 267.895
1 3 3 267.895 267.895
1 2 3 267.957 267.957
1 1 3 267.957 267.957
2 3 3 268.08 268.327
2 1 3 268.08 268.327
2 4 3 268.204 268.327
2 2 3 268.204 268.327
2 1 3 268.451 268.574
2 2 3 268.451 268.512
1 4 3 268.574 268.574
1 3 3 268.574 268.574
1 2 3 268.636 268.636
2 4 3 268.697 268.821
2 3 3 268.697 268.821
2 1 3 268.697 268.944
2 4 3 268.944 269.13
2 3 3 268.944 269.13
2 1 3 269.068 269.13
2 2 3 269.068 269.13
1 1 3 269.191 269.191
1 4 3 269.191 269.191
1 3 3 269.191 269.191
2 1 3 269.315 269.376
2 2 3 269.315 269.376
1 4 3 269.438 269.438
1 1 3 269.5 269.5
2 3 3 269.562 269.623
2 4 3 269.562 269.623
1 2 3 269.685 269.685
1 1 3 269.685 269.685
2 4 3 269.809 269.87
2 3 3 269.809 269.87
2 1 3 269.87 269.932
2 2 3 269.87 269.932
2 4 3 269.932 269.994
2 3 3 269.932 269.994
1 2 3 270.056 270.056
1 1 3 270.056 270.056
1 3 3 270.117 270.117
1 4 3 270.117 270.117
2 1 3 270.179 270.302
2 2 3 270.179 270.302
1 4 3 270.302 270.302
1 1 3 270.364 270.364
2 3 3 270.426 270.549
1 2 3 270.488 270.488
1 4 3 270.549 270.549
1 1 3 270.611 270.611
2 2 3 270.673 270.858
2 4 3 270.673 270.858
2 3 3 270.796 270.858
2 1 3 270.796 270.858
1 2 3 270.92 270.92
1 1 3 270.92 270.92
1 4 3 270.92 270.92
2 3 3 271.043 271.167
2 2 3 271.043 271.105
1 1 3 271.167 271.167
1 4 3 271.208 271.208
1 3 3 271.249 271.249
2 1 3 271.29 271.414
2 2 3 271.29 271.414
2 4 3 271.414 271.475
1 3 3 271.414 271.414
1 2 3 271.475 271.475
2 3 3 271.537 271.66
2 1 3 271.537 272.154
2 4 3 271.537 271.66
2 3 3 271.784 271.846
2 3 3 271.907 272.154
2 4 3 272.154 272.278
2 2 3 272.154 272.278
1 1 3 272.278 272.278
1 3 3 272.278 272.278
2 3 3 272.401 272.463
2 2 3 272.401 272.463
2 3 3 272.525 272.648
2 4 3 272.525 272.648
2 1 3 272.525 272.648
2 2 3 272.525 272.648
1 2 3 272.772 272.772
1 1 3 272.833 272.833
1 3 3 272.895 272.895
1 2 3 272.944 272.944
1 4 3 272.994 272.994
1 3 3 273.043 273.043
1 1 3 273.093 273.093
1 2 3 273.142 273.142
1 3 3 273.183 273.183
1 4 3 273.224 273.224
1 1 3 273.265 273.265
1 2 3 273.307 273.307
1 3 3 273.348 273.348
2 1 3 273.389 273.512
2 4 3 273.389 273.512
1 3 3 273.636 273.636
1 2 3 273.636 273.636
1 1 3 273.636 273.636
1 4 3 273.759 273.759
2 2 3 273.759 273.821
1 1 3 273.883 273.883
1 4 3 273.883 273.883
2 3 3 273.883 273.944
1 1 3 274.006 274.006
2 2 3 274.006 274.068
1 3 3 274.13 274.13
2 4 3 274.13 274.191
1 2 3 274.253 274.253
2 1 3 274.253 274.315
1 3 3 274.315 274.315
1 4 3 274.315 274.315
1 1 3 274.376 274.376
2 2 3 274.376 274.438
1 3 3 274.438 274.438
1 4 3 274.438 274.438
1 2 3 274.5 274.5
2 1 3 274.5 274.562
1 3 3 274.562 274.562
1 4 3 274.562 274.562
2 2 3 274.623 274.809
2 1 3 274.623 274.809
2 3 3 274.747 274.809
2 4 3 274.747 274.809
1 2 3 274.87 274.87
1 1 3 274.87 274.87
1 4 3 274.87 274.87
1 3 3 274.994 274.994
1 2 3 274.994 274.994
1 1 3 275.056 275.056
1 4 3 275.056 275.056
2 2 3 275.117 275.241
2 3 3 275.117 275.241
1 1 3 275.364 275.364
2 3 3 275.364 275.611
2 4 3 275.364 275.488
2 2 3 275.488 275.611
1 1 3 275.611 275.611
1 4 3 275.611 275.611
1 3 3 275.673 275.673
1 2 3 275.673 275.673
2 1 3 275.735 275.796
2 4 3 275.735 275.796
1 2 3 275.858 275.858
1 3 3 275.858 275.858
2 1 3 275.981 276.167
2 4 3 275.981 276.167
2 3 3 276.105 276.167
2 2 3 276.105 276.167
1 2 3 276.228 276.228
1 3 3 276.269 276.269
1 4 3 276.311 276.311
2 1 3 276.352 276.414
2 2 3 276.352 276.414
1 3 3 276.475 276.475
1 2 3 276.516 276.516
1 1 3 276.558 276.558
2 4 3 276.599 276.648
2 3 3 276.722 276.907
2 2 3 276.722 277.093
2 1 3 276.722 276.784
2 1 3 276.846 277.031
2 4 3 276.846 276.907
2 3 3 276.969 277.031
2 4 3 276.969 277.031
1 1 3 277.093 277.093
1 3 3 277.093 277.093
1 4 3 277.093 277.093
2 2 3 277.216 277.278
2 3 3 277.216 277.278
1 2 3 277.339 277.339
1 1 3 277.339 277.339
1 3 3 277.401 277.401
1 4 3 277.401 277.401
2 1 3 277.463 277.525
2 2 3 277.463 277.586
1 4 3 277.586 277.586
1 1 3 277.648 277.648
2 3 3 277.71 277.772
1 2 3 277.772 277.772
1 4 3 277.833 277.833
2 3 3 277.833 277.895
1 2 3 277.957 277.957
1 1 3 277.957 277.957
1 4 3 277.957 277.957
2 1 3 278.08 278.142
1 3 3 278.08 278.08
1 4 3 278.204 278.204
1 3 3 278.204 278.204
1 2 3 278.265 278.265
1 1 3 278.265 278.265
2 4 3 278.327 278.389
1 3 3 278.327 278.327
1 2 3 278.389 278.389
1 1 3 278.389 278.389
1 3 3 278.451 278.451
1 4 3 278.451 278.451
1 2 3 278.512 278.512
1 1 3 278.512 278.512
2 3 3 278.574 278.759
2 4 3 278.574 278.759
2 1 3 278.697 278.759
2 2 3 278.697 278.759
1 1 3 278.821 278.821
1 3 3 278.821 278.821
1 4 3 278.821 278.821
2 2 3 278.944 279.068
2 3 3 278.944 279.006
1 1 3 279.191 279.191
2 2 3 279.191 279.253
1 3 3 279.315 279.315
2 4 3 279.315 279.376
1 2 3 279.376 279.376
1 1 3 279.376 279.376
1 4 3 279.438 279.438
2 3 3 279.438 279.5
1 2 3 279.5 279.5
1 1 3 279.5 279.5
1 3 3 279.562 279.562
1 4 3 279.562 279.562
1 1 3 279.685 279.685
1 2 3 279.726 279.726
1 3 3 279.767 279.767
1 4 3 279.809 279.809
1 1 3 279.809 279.809
1 2 3 279.87 279.87
1 3 3 279.932 279.932
1 4 3 279.994 279.994
2 1 3 280.056 280.117
2 2 3 280.056 280.117
1 3 3 280.179 280.179
2 2 3 280.241 280.302
2 4 3 280.241 280.302
1 2 3 280.364 280.364
1 1 3 280.364 280.364
2 3 3 280.426 280.488
2 4 3 280.426 280.549
1 2 3 280.549 280.549
1 1 3 280.599 280.599
1 3 3 280.648 280.648
1 2 3 280.697 280.697
1 4 3 280.747 280.747
1 3 3 280.796 280.796
1 1 3 280.837 280.837
1 2 3 280.879 280.879
1 3 3 280.92 280.92
1 4 3 280.961 280.961
1 1 3 281.002 281.002
1 3 3 281.043 281.043
1 2 3 281.084 281.084
1 1 3 281.125 281.125
1 4 3 281.167 281.167
1 3 3 281.208 281.208
1 2 3 281.249 281.249
2 1 3 281.29 281.537
2 4 3 281.414 281.537
1 3 3 281.537 281.537
2 2 3 281.66 281.784
2 3 3 281.784 281.907
2 2 3 281.907 282.031
2 1 3 282.031 282.278
2 2 3 282.154 282.401
2 3 3 282.278 282.463
2 4 3 282.401 282.463
2 1 3 282.525 283.697
2 2 3 282.525 283.018
1 3 3 282.525 282.525
1 4 3 282.525 282.525
1 4 3 282.772 282.772
1 3 3 282.772 282.772
1 4 3 283.018 283.018
1 3 3 283.018 283.018
2 4 3 283.265 283.327
1 3 3 283.265 283.265
2 4 3 283.512 283.574
1 3 3 283.512 283.512
2 4 3 283.636 283.697
1 2 3 283.759 283.759
1 1 3 283.759 283.759
1 1 3 283.883 283.883
1 2 3 283.883 283.883
1 4 3 284.006 284.006
1 3 3 284.006 284.006
1 3 3 284.13 284.13
1 4 3 284.171 284.171
1 1 3 284.253 284.253
1 2 3 284.253 284.253
1 2 3 284.376 284.376
1 1 3 284.418 284.418
2 4 3 284.5 285.735
2 3 3 284.5 284.994
2 2 3 284.5 284.562
2 2 3 284.747 284.809
1 1 3 284.747 284.747
2 1 3 284.87 284.932
1 2 3 284.994 284.994
1 1 3 284.994 284.994
2 3 3 285.117 285.179
1 2 3 285.241 285.241
1 1 3 285.241 285.241
2 2 3 285.364 285.426
1 1 3 285.488 285.488
1 3 3 285.488 285.488
2 1 3 285.735 285.858
2 2 3 285.796 285.92
2 3 3 285.858 286.105
2 4 3 285.981 286.043
2 2 3 286.043 286.167
2 1 3 286.105 286.228
1 4 3 286.228 286.228
1 3 3 286.228 286.228
1 2 3 286.352 286.352
1 1 3 286.475 286.475
1 4 3 286.475 286.475
2 3 3 286.475 286.537
2 3 3 286.599 286.66
1 4 3 286.599 286.599
1 2 3 286.722 286.722
2 1 3 286.722 286.784
1 2 3 286.846 286.846
2 1 3 286.846 286.907
1 4 3 286.969 286.969
1 3 3 286.969 286.969
2 2 3 287.093 287.154
1 4 3 287.093 287.093
2 3 3 287.216 287.278
1 1 3 287.216 287.216
2 4 3 287.339 287.401
1 2 3 287.339 287.339
1 3 3 287.463 287.463
1 2 3 287.463 287.463
1 1 3 287.463 287.463
2 4 3 287.586 287.648
1 3 3 287.586 287.586
2 4 3 287.71 287.772
1 3 3 287.71 287.71
1 2 3 287.833 287.833
1 1 3 287.833 287.833
2 2 3 287.957 288.018
1 3 3 287.957 287.957
1 4 3 288.08 288.08
1 1 3 288.08 288.08
1 2 3 288.204 288.204
2 3 3 288.204 288.265
2 1 3 288.327 288.389
1 2 3 288.327 288.327
1 3 3 288.451 288.451
1 2 3 288.451 288.451
1 4 3 288.451 288.451
2 1 3 288.574 288.636
1 4 3 288.574 288.574
1 2 3 288.697 288.697
2 3 3 288.697 289.315
2 1 3 288.697 289.068
2 4 3 288.821 289.253
2 2 3 288.944 289.376
2 1 3 289.191 289.438
1 4 3 289.438 289.438
1 3 3 289.479 289.479
1 2 3 289.521 289.521
1 1 3 289.562 289.562
1 4 3 289.586 289.586
1 3 3 289.636 289.636
1 1 3 289.685 289.685
1 2 3 289.726 289.726
1 3 3 289.767 289.767
1 4 3 289.809 289.809
1 1 3 289.833 289.833
1 2 3 289.883 289.883
1 4 3 289.932 289.932
1 3 3 289.973 289.973
1 2 3 290.014 290.014
1 1 3 290.056 290.056
1 4 3 290.08 290.08
1 3 3 290.13 290.13
1 2 3 290.179 290.179
1 1 3 290.179 290.179
1 4 3 290.426 290.426
1 3 3 290.426 290.426
1 2 3 290.426 290.426
1 1 3 290.426 290.426
1 4 3 290.549 290.549
1 2 3 290.549 290.549
1 3 3 290.673 290.673
1 1 3 290.673 290.673
1 3 3 290.796 290.796
1 4 3 290.796 290.796
1 2 3 290.92 290.92
1 1 3 290.92 290.92
1 4 3 291.043 291.043
1 2 3 291.043 291.043
1 3 3 291.167 291.167
1 4 3 291.167 291.167
1 1 3 291.167 291.167
1 2 3 291.29 291.29
1 3 3 291.29 291.29
1 4 3 291.414 291.414
1 2 3 291.414 291.414
1 1 3 291.414 291.414
1 1 3 291.537 291.537
1 3 3 291.537 291.537
1 1 3 291.66 291.66
1 3 3 291.66 291.66
1 2 3 291.784 291.784
1 4 3 291.784 291.784
1 4 3 291.907 291.907
1 3 3 291.907 291.907
1 3 3 292.031 292.031
1 2 3 292.031 292.031
1 2 3 292.154 292.154
1 1 3 292.154 292.154
1 3 3 292.216 292.216
1 4 3 292.278 292.278
1 1 3 292.278 292.278
1 2 3 292.339 292.339
1 3 3 292.401 292.401
1 4 3 292.401 292.401
1 3 3 292.525 292.525
1 1 3 292.525 292.525
1 2 3 292.648 292.648
1 1 3 292.648 292.648
1 4 3 292.772 292.772
1 2 3 292.772 292.772
1 3 3 292.895 292.895
1 1 3 292.895 292.895
1 3 3 293.018 293.018
1 4 3 293.018 293.018
1 3 3 293.142 293.142
1 4 3 293.142 293.142
1 2 3 293.204 293.204
1 3 3 293.265 293.265
1 4 3 293.265 293.265
1 2 3 293.327 293.327
1 1 3 293.389 293.389
1 4 3 293.389 293.389
1 3 3 293.512 293.512
1 2 3 293.553 293.553
1 1 3 293.595 293.595
1 3 3 293.636 293.636
1 4 3 293.636 293.636
1 2 3 293.759 293.759
1 3 3 293.8 293.8
1 4 3 293.842 293.842
1 1 3 293.883 293.883
1 2 3 293.883 293.883
1 3 3 294.006 294.006
1 2 3 294.047 294.047
1 1 3 294.088 294.088
1 3 3 294.13 294.13
1 4 3 294.13 294.13
1 2 3 294.191 294.191
1 3 3 294.253 294.253
1 4 3 294.253 294.253
1 2 3 294.315 294.315
1 1 3 294.376 294.376
1 3 3 294.376 294.376
1 4 3 294.376 294.376
1 2 3 294.5 294.5
1 3 3 294.5 294.5
1 1 3 294.623 294.623
1 4 3 294.623 294.623
1 3 3 294.747 294.747
1 2 3 294.747 294.747
1 1 3 294.87 294.87
1 2 3 294.87 294.87
1 4 3 294.994 294.994
1 3 3 294.994 294.994
1 2 3 295.117 295.117
1 1 3 295.117 295.117
1 3 3 295.179 295.179
1 4 3 295.179 295.179
1 2 3 295.241 295.241
1 1 3 295.241 295.241
1 4 3 295.302 295.302
1 3 3 295.364 295.364
1 2 3 295.364 295.364
1 1 3 295.364 295.364
1 4 3 295.488 295.488
1 3 3 295.488 295.488
1 2 3 295.611 295.611
1 1 3 295.611 295.611
1 3 3 295.673 295.673
1 1 3 295.735 295.735
1 4 3 295.735 295.735
1 2 3 295.796 295.796
1 4 3 295.858 295.858
1 3 3 295.858 295.858
1 1 3 295.92 295.92
1 2 3 295.92 295.92
1 3 3 295.981 295.981
1 1 3 296.023 296.023
1 2 3 296.064 296.064
1 4 3 296.105 296.105
1 3 3 296.105 296.105
1 2 3 296.167 296.167
1 1 3 296.167 296.167
1 4 3 296.228 296.228
1 3 3 296.228 296.228
1 1 3 296.29 296.29
1 3 3 296.352 296.352
1 4 3 296.352 296.352
1 2 3 296.352 296.352
1 1 3 296.475 296.475
1 4 3 296.475 296.475
1 2 3 296.599 296.599
1 3 3 296.599 296.599
1 2 3 296.722 296.722
1 1 3 296.722 296.722
1 4 3 296.846 296.846
1 3 3 296.846 296.846
1 1 3 296.887 296.887
1 2 3 296.928 296.928
1 4 3 296.969 296.969
1 3 3 297.01 297.01
1 1 3 297.051 297.051
1 2 3 297.093 297.093
1 4 3 297.093 297.093
2 1 3 297.339 298.265
2 3 3 297.339 298.265
2 4 3 297.339 297.957
2 2 3 297.71 298.265
2 4 3 298.08 298.265
1 4 3 298.327 298.327
1 2 3 298.327 298.327
1 1 3 298.327 298.327
1 2 3 298.451 298.451
1 1 3 298.451 298.451
1 1 3 298.574 298.574
1 2 3 298.574 298.574
1 2 3 298.697 298.697
1 1 3 298.697 298.697
1 2 3 298.821 298.821
1 1 3 298.821 298.821
1 1 3 298.944 298.944
1 2 3 298.944 298.944
1 4 3 299.068 299.068
1 3 3 299.068 299.068
1 2 3 299.068 299.068
1 1 3 299.13 299.13
1 3 3 299.191 299.191
1 4 3 299.191 299.191
1 2 3 299.253 299.253
1 1 3 299.315 299.315
1 3 3 299.315 299.315
1 4 3 299.315 299.315
1 4 3 299.438 299.438
1 3 3 299.438 299.438
1 2 3 299.562 299.562
1 3 3 299.562 299.562
1 1 3 299.685 299.685
1 4 3 299.685 299.685
1 1 3 299.809 299.809
1 4 3 299.809 299.809
1 2 3 299.932 299.932
1 3 3 299.973 299.973
1 4 3 300.014 300.014
1 2 3 300.056 300.056
1 1 3 300.056 300.056
1 3 3 300.117 300.117
1 2 3 300.179 300.179
1 1 3 300.179 300.179
1 3 3 300.241 300.241
1 4 3 300.302 300.302
1 2 3 300.302 300.302
1 1 3 300.302 300.302
1 3 3 300.426 300.426
1 1 3 300.426 300.426
1 3 3 300.549 300.549
1 1 3 300.549 300.549
1 2 3 300.673 300.673
1 4 3 300.673 300.673
1 3 3 300.796 300.796
1 1 3 300.796 300.796
1 1 3 300.92 300.92
1 3 3 300.92 300.92
1 4 3 301.043 301.043
1 2 3 301.043 301.043
1 1 3 301.105 301.105
1 3 3 301.167 301.167
1 4 3 301.167 301.167
1 2 3 301.228 301.228
1 1 3 301.29 301.29
1 3 3 301.29 301.29
1 4 3 301.414 301.414
1 3 3 301.455 301.455
1 2 3 301.496 301.496
1 1 3 301.537 301.537
1 4 3 301.537 301.537
1 3 3 301.599 301.599
1 2 3 301.66 301.66
1 1 3 301.66 301.66
1 4 3 301.722 301.722
1 3 3 301.722 301.722
1 2 3 301.784 301.784
1 1 3 301.784 301.784
1 4 3 301.907 301.907
1 3 3 301.907 301.907
1 2 3 301.969 301.969
1 1 3 301.969 301.969
1 4 3 302.031 302.031
1 3 3 302.093 302.093
1 1 3 302.154 302.154
1 2 3 302.216 302.216
1 4 3 302.278 302.278
1 3 3 302.278 302.278
1 2 3 302.339 302.339
1 1 3 302.339 302.339
1 3 3 302.401 302.401
1 4 3 302.401 302.401
1 2 3 302.463 302.463
1 1 3 302.463 302.463
1 3 3 302.525 302.525
1 4 3 302.525 302.525
1 2 3 302.586 302.586
1 1 3 302.586 302.586
1 4 3 302.648 302.648
1 3 3 302.648 302.648
1 2 3 302.71 302.71
1 1 3 302.71 302.71
1 3 3 302.772 302.772
1 4 3 302.772 302.772
1 2 3 302.833 302.833
1 1 3 302.833 302.833
1 3 3 302.895 302.895
1 4 3 302.895 302.895
1 2 3 302.957 302.957
1 1 3 302.957 302.957
1 4 3 303.018 303.018
1 3 3 303.018 303.018
1 3 3 303.142 303.142
1 4 3 303.142 303.142
1 2 3 303.265 303.265
1 1 3 303.265 303.265
1 3 3 303.327 303.327
1 4 3 303.327 303.327
1 2 3 303.389 303.389
1 1 3 303.389 303.389
1 3 3 303.451 303.451
1 4 3 303.451 303.451
1 2 3 303.512 303.512
1 1 3 303.512 303.512
1 3 3 303.574 303.574
1 4 3 303.574 303.574
1 2 3 303.636 303.636
1 1 3 303.636 303.636
1 3 3 303.697 303.697
1 4 3 303.697 303.697
1 2 3 303.759 303.759
1 1 3 303.759 303.759
1 4 3 303.821 303.821
1 2 3 303.883 303.883
1 3 3 303.883 303.883
1 1 3 303.944 303.944
1 3 3 304.006 304.006
1 4 3 304.006 304.006
1 2 3 304.13 304.13
1 4 3 304.253 304.253
1 3 3 304.253 304.253
1 2 3 304.315 304.315
1 1 3 304.376 304.376
1 4 3 304.376 304.376
1 3 3 304.438 304.438
1 2 3 304.5 304.5
1 1 3 304.5 304.5
1 4 3 304.562 304.562
1 3 3 304.623 304.623
1 2 3 304.623 304.623
1 1 3 304.685 304.685
1 4 3 304.747 304.747
1 3 3 304.778 304.778
1 2 3 304.817 304.817
1 1 3 304.853 304.853
1 4 3 304.888 304.888
1 3 3 304.923 304.923
1 2 3 304.958 304.958
1 1 3 304.994 304.994
1 4 3 305.025 305.025
1 3 3 305.056 305.056
1 2 3 305.086 305.086
1 1 3 305.117 305.117
1 4 3 305.148 305.148
1 3 3 305.179 305.179
1 2 3 305.21 305.21
2 1 3 305.241 305.735
2 3 3 305.735 306.228
1 1 3 306.228 306.228
1 4 3 306.228 306.228
2 2 3 306.228 306.846
1 4 3 306.352 306.352
1 3 3 306.475 306.475
1 1 3 306.475 306.475
1 3 3 306.599 306.599
1 4 3 306.722 306.722
1 1 3 306.722 306.722
1 1 3 306.846 306.846
1 2 3 306.969 306.969
1 4 3 306.969 306.969
2 3 3 306.969 307.093
1 2 3 307.093 307.093
1 4 3 307.216 307.216
1 1 3 307.216 307.216
2 3 3 307.216 307.833
1 4 3 307.339 307.339
1 1 3 307.463 307.463
1 2 3 307.463 307.463
1 1 3 307.586 307.586
1 2 3 307.71 307.71
1 4 3 307.71 307.71
1 1 3 307.833 307.833
1 2 3 307.895 307.895
1 4 3 307.957 307.957
1 1 3 307.957 307.957
1 3 3 307.957 307.957
1 4 3 308.08 308.08
1 3 3 308.08 308.08
1 4 3 308.204 308.204
1 2 3 308.204 308.204
2 1 3 308.204 308.821
1 2 3 308.327 308.327
1 3 3 308.451 308.451
1 4 3 308.451 308.451
1 4 3 308.574 308.574
1 2 3 308.697 308.697
1 3 3 308.697 308.697
1 3 3 308.821 308.821
2 4 3 308.944 309.068
1 2 3 308.944 308.944
1 1 3 308.944 308.944
1 1 3 309.068 309.068
2 4 3 309.191 309.562
1 3 3 309.191 309.191
1 2 3 309.191 309.191
1 2 3 309.315 309.315
1 3 3 309.438 309.438
1 1 3 309.438 309.438
1 3 3 309.562 309.562
1 4 3 309.685 309.685
1 1 3 309.685 309.685
2 2 3 309.685 309.809
1 3 3 309.809 309.809
1 4 3 309.809 309.809
1 2 3 309.87 309.87
1 1 3 309.87 309.87
1 3 3 309.932 309.932
1 4 3 309.932 309.932
1 3 3 310.056 310.056
1 1 3 310.056 310.056
1 4 3 310.179 310.179
1 2 3 310.179 310.179
2 1 3 310.179 310.796
1 4 3 310.302 310.302
1 3 3 310.426 310.426
1 2 3 310.426 310.426
1 3 3 310.549 310.549
1 4 3 310.673 310.673
1 2 3 310.673 310.673
1 2 3 310.796 310.796
2 3 3 310.92 311.043
1 4 3 310.92 310.92
1 1 3 310.92 310.92
1 1 3 311.043 311.043
2 3 3 311.167 311.537
1 4 3 311.167 311.167
1 2 3 311.167 311.167
1 2 3 311.29 311.29
1 1 3 311.414 311.414
1 4 3 311.414 311.414
1 4 3 311.537 311.537
1 1 3 311.66 311.66
1 2 3 311.66 311.66
2 3 3 311.66 311.784
1 4 3 311.784 311.784
1 1 3 311.846 311.846
1 4 3 311.907 311.907
1 2 3 311.907 311.907
1 3 3 311.907 311.907
1 1 3 312.031 312.031
1 3 3 312.031 312.031
1 4 3 312.154 312.154
1 1 3 312.154 312.154
1 2 3 312.154 312.154
2 3 3 312.278 312.339
1 4 3 312.401 312.401
1 2 3 312.401 312.401
2 1 3 312.401 312.463
1 3 3 312.525 312.525
2 2 3 312.525 312.586
2 4 3 312.648 312.71
1 2 3 312.772 312.772
2 1 3 312.772 312.833
1 4 3 312.833 312.833
1 3 3 312.833 312.833
1 1 3 312.895 312.895
2 2 3 312.895 312.957
2 4 3 313.018 313.08
1 3 3 313.142 313.142
2 1 3 313.142 313.636
1 2 3 313.142 313.142
1 3 3 313.265 313.265
1 2 3 313.389 313.389
1 4 3 313.389 313.389
1 4 3 313.512 313.512
1 3 3 313.636 313.636
2 2 3 313.636 314.13
2 4 3 313.759 313.821
2 3 3 313.883 313.924
2 1 3 313.944 313.986
1 4 3 314.13 314.13
1 1 3 314.13 314.13
2 3 3 314.13 314.747
1 1 3 314.253 314.253
1 2 3 314.376 314.376
1 4 3 314.376 314.376
1 2 3 314.5 314.5
1 1 3 314.623 314.623
1 4 3 314.623 314.623
1 4 3 314.747 314.747
1 3 3 314.87 314.87
1 1 3 314.87 314.87
2 2 3 314.87 314.994
1 3 3 314.994 314.994
1 1 3 315.117 315.117
1 4 3 315.117 315.117
2 2 3 315.117 315.735
1 1 3 315.241 315.241
1 4 3 315.364 315.364
1 3 3 315.364 315.364
1 4 3 315.488 315.488
1 3 3 315.611 315.611
1 1 3 315.611 315.611
1 4 3 315.735 315.735
1 3 3 315.796 315.796
1 1 3 315.858 315.858
1 4 3 315.858 315.858
1 2 3 315.858 315.858
1 1 3 315.981 315.981
1 2 3 315.981 315.981
1 1 3 316.105 316.105
1 3 3 316.105 316.105
2 4 3 316.105 316.722
1 3 3 316.228 316.228
1 2 3 316.352 316.352
1 1 3 316.352 316.352
1 1 3 316.475 316.475
1 3 3 316.599 316.599
1 2 3 316.599 316.599
1 2 3 316.722 316.722
2 1 3 316.846 316.969
1 3 3 316.846 316.846
1 4 3 316.846 316.846
1 4 3 316.969 316.969
2 1 3 317.093 317.463
1 2 3 317.093 317.093
1 3 3 317.093 317.093
1 4 3 317.216 317.216
1 2 3 317.216 317.216
1 3 3 317.339 317.339
1 4 3 317.339 317.339
1 2 3 317.463 317.463
1 3 3 317.586 317.586
1 1 3 317.586 317.586
1 4 3 317.71 317.71
1 3 3 317.772 317.772
1 2 3 317.833 317.833
1 1 3 317.833 317.833
1 4 3 317.895 317.895
1 3 3 317.895 317.895
1 2 3 317.957 317.957
1 1 3 317.957 317.957
1 4 3 318.018 318.018
1 2 3 318.08 318.08
1 1 3 318.08 318.08
2 3 3 318.08 318.697
1 1 3 318.204 318.204
1 2 3 318.327 318.327
1 4 3 318.327 318.327
1 4 3 318.451 318.451
1 1 3 318.574 318.574
1 2 3 318.574 318.574
1 1 3 318.697 318.697
1 4 3 318.697 318.697
1 3 3 318.821 318.821
1 4 3 318.821 318.821
2 2 3 318.821 318.944
1 3 3 318.944 318.944
2 2 3 319.068 319.315
1 4 3 319.068 319.068
1 1 3 319.068 319.068
1 4 3 319.191 319.191
1 3 3 319.191 319.191
1 3 3 319.315 319.315
1 1 3 319.315 319.315
1 1 3 319.438 319.438
1 4 3 319.438 319.438
1 4 3 319.562 319.562
1 3 3 319.562 319.562
2 2 3 319.562 319.685
1 1 3 319.685 319.685
1 3 3 319.685 319.685
1 4 3 319.747 319.747
1 2 3 319.809 319.809
1 1 3 319.839 319.839
1 3 3 319.87 319.87
1 4 3 319.901 319.901
1 2 3 319.932 319.932
1 1 3 319.963 319.963
1 3 3 319.994 319.994
1 4 3 320.025 320.025
1 1 3 320.056 320.056
1 2 3 320.056 320.056
1 3 3 320.179 320.179
2 4 3 320.179 320.241
1 1 3 320.241 320.241
1 2 3 320.241 320.241
1 4 3 320.302 320.302
2 3 3 320.302 320.364
1 1 3 320.426 320.426
1 3 3 320.426 320.426
2 2 3 320.426 320.488
2 4 3 320.549 320.611
1 2 3 320.549 320.549
2 1 3 320.673 320.735
1 1 3 320.796 320.796
1 4 3 320.796 320.796
2 3 3 320.796 320.858
2 2 3 320.92 320.981
2 1 3 321.043 321.537
2 4 3 321.043 321.29
2 2 3 321.167 321.352
2 3 3 321.414 321.66
2 2 3 321.475 321.599
2 4 3 321.537 321.969
2 1 3 321.66 321.969
2 2 3 321.784 321.969
2 3 3 321.784 321.969
1 4 3 322.031 322.031
1 3 3 322.031 322.031
1 1 3 322.031 322.031
1 3 3 322.154 322.154
1 2 3 322.154 322.154
1 4 3 322.278 322.278
1 2 3 322.278 322.278
1 1 3 322.278 322.278
1 3 3 322.401 322.401
1 1 3 322.401 322.401
1 2 3 322.525 322.525
1 4 3 322.525 322.525
1 3 3 322.648 322.648
1 1 3 322.648 322.648
1 2 3 322.772 322.772
1 4 3 322.772 322.772
1 3 3 322.772 322.772
1 2 3 322.895 322.895
1 1 3 322.895 322.895
1 4 3 322.895 322.895
1 3 3 323.018 323.018
1 2 3 323.018 323.018
1 1 3 323.018 323.018
1 4 3 323.142 323.142
1 3 3 323.142 323.142
1 2 3 323.265 323.265
1 1 3 323.265 323.265
1 3 3 323.327 323.327
1 4 3 323.389 323.389
1 1 3 323.389 323.389
1 2 3 323.451 323.451
1 3 3 323.512 323.512
1 4 3 323.512 323.512
1 2 3 323.636 323.636
1 3 3 323.697 323.697
1 4 3 323.697 323.697
1 2 3 323.759 323.759
1 1 3 323.759 323.759
1 4 3 323.883 323.883
1 3 3 323.883 323.883
1 1 3 323.883 323.883
1 2 3 324.006 324.006
1 3 3 324.006 324.006
1 1 3 324.006 324.006
1 2 3 324.13 324.13
1 4 3 324.13 324.13
1 1 3 324.253 324.253
1 3 3 324.253 324.253
1 4 3 324.253 324.253
1 3 3 324.376 324.376
1 2 3 324.376 324.376
1 1 3 324.5 324.5
1 4 3 324.5 324.5
1 3 3 324.623 324.623
1 2 3 324.623 324.623
1 2 3 324.747 324.747
1 4 3 324.747 324.747
1 1 3 324.747 324.747
1 4 3 324.87 324.87
1 3 3 324.87 324.87
1 1 3 324.932 324.932
1 2 3 324.994 324.994
1 3 3 324.994 324.994
1 4 3 324.994 324.994
1 2 3 325.117 325.117
1 1 3 325.117 325.117
1 3 3 325.179 325.179
1 4 3 325.179 325.179
1 1 3 325.241 325.241
1 2 3 325.241 325.241
1 4 3 325.364 325.364
1 3 3 325.364 325.364
1 1 3 325.364 325.364
1 2 3 325.488 325.488
1 3 3 325.488 325.488
1 4 3 325.488 325.488
1 1 3 325.611 325.611
1 3 3 325.673 325.673
1 4 3 325.673 325.673
1 2 3 325.735 325.735
1 1 3 325.735 325.735
1 3 3 325.796 325.796
1 2 3 325.858 325.858
1 4 3 325.92 325.92
1 2 3 325.981 325.981
1 3 3 325.981 325.981
1 1 3 325.981 325.981
1 3 3 326.105 326.105
1 4 3 326.105 326.105
1 2 3 326.228 326.228
1 1 3 326.228 326.228
1 3 3 326.29 326.29
1 2 3 326.352 326.352
1 4 3 326.352 326.352
1 1 3 326.414 326.414
1 3 3 326.475 326.475
1 4 3 326.475 326.475
1 2 3 326.599 326.599
1 1 3 326.599 326.599
1 2 3 326.722 326.722
1 3 3 326.722 326.722
1 4 3 326.722 326.722
1 4 3 326.846 326.846
1 3 3 326.846 326.846
1 1 3 326.846 326.846
1 2 3 326.969 326.969
1 1 3 326.969 326.969
1 3 3 326.969 326.969
1 2 3 327.093 327.093
1 4 3 327.093 327.093
1 1 3 327.216 327.216
1 3 3 327.216 327.216
1 4 3 327.216 327.216
1 2 3 327.339 327.339
1 1 3 327.339 327.339
1 4 3 327.463 327.463
1 3 3 327.463 327.463
1 2 3 327.463 327.463
1 4 3 327.586 327.586
1 1 3 327.586 327.586
1 2 3 327.648 327.648
1 3 3 327.648 327.648
1 1 3 327.71 327.71
1 4 3 327.71 327.71
1 3 3 327.833 327.833
1 2 3 327.833 327.833
1 1 3 327.833 327.833
1 4 3 327.957 327.957
1 3 3 327.957 327.957
1 2 3 327.957 327.957
1 1 3 328.08 328.08
1 4 3 328.08 328.08
1 3 3 328.142 328.142
1 2 3 328.204 328.204
1 1 3 328.204 328.204
1 4 3 328.327 328.327
1 2 3 328.327 328.327
1 3 3 328.327 328.327
1 4 3 328.451 328.451
1 1 3 328.451 328.451
1 2 3 328.574 328.574
1 3 3 328.574 328.574
1 4 3 328.697 328.697
1 1 3 328.697 328.697
1 2 3 328.759 328.759
1 3 3 328.821 328.821
1 4 3 328.821 328.821
1 1 3 328.883 328.883
1 2 3 328.944 328.944
1 4 3 328.944 328.944
2 3 3 328.944 329.068
2 1 3 329.068 329.191
2 4 3 329.191 329.315
1 2 3 329.191 329.191
1 3 3 329.191 329.191
2 1 3 329.315 329.438
2 2 3 329.438 329.562
1 3 3 329.438 329.438
2 4 3 329.562 329.685
2 1 3 329.685 329.809
1 2 3 329.685 329.685
2 3 3 329.809 329.932
1 1 3 329.932 329.932
1 4 3 329.932 329.932
1 2 3 329.932 329.932
1 2 3 330.056 330.056
1 3 3 330.056 330.056
1 1 3 330.179 330.179
1 4 3 330.179 330.179
1 3 3 330.179 330.179
1 2 3 330.302 330.302
1 4 3 330.302 330.302
1 3 3 330.426 330.426
1 1 3 330.426 330.426
1 2 3 330.549 330.549
1 4 3 330.611 330.611
1 3 3 330.611 330.611
1 2 3 330.673 330.673
1 1 3 330.673 330.673
1 4 3 330.796 330.796
1 3 3 330.796 330.796
1 1 3 330.796 330.796
1 2 3 330.92 330.92
1 3 3 330.92 330.92
1 4 3 330.981 330.981
1 2 3 331.043 331.043
1 1 3 331.043 331.043
1 3 3 331.105 331.105
1 4 3 331.167 331.167
1 1 3 331.167 331.167
1 4 3 331.29 331.29
1 3 3 331.29 331.29
1 2 3 331.29 331.29
1 1 3 331.414 331.414
1 2 3 331.414 331.414
1 3 3 331.414 331.414
1 4 3 331.537 331.537
1 1 3 331.537 331.537
1 3 3 331.599 331.599
1 2 3 331.599 331.599
1 1 3 331.66 331.66
1 4 3 331.66 331.66
1 4 3 331.784 331.784
1 3 3 331.784 331.784
1 2 3 331.784 331.784
1 3 3 331.907 331.907
1 2 3 331.907 331.907
1 1 3 331.907 331.907
1 1 3 332.031 332.031
1 4 3 332.031 332.031
1 3 3 332.154 332.154
1 2 3 332.154 332.154
1 4 3 332.154 332.154
1 2 3 332.278 332.278
1 1 3 332.278 332.278
1 4 3 332.401 332.401
1 3 3 332.401 332.401
1 2 3 332.463 332.463
1 1 3 332.525 332.525
1 3 3 332.525 332.525
1 4 3 332.525 332.525
1 2 3 332.648 332.648
1 1 3 332.648 332.648
1 3 3 332.648 332.648
1 4 3 332.772 332.772
1 2 3 332.772 332.772
1 1 3 332.772 332.772
1 4 3 332.895 332.895
1 3 3 332.895 332.895
1 2 3 332.895 332.895
1 3 3 333.018 333.018
1 1 3 333.018 333.018
1 2 3 333.142 333.142
1 1 3 333.142 333.142
1 4 3 333.142 333.142
1 3 3 333.265 333.265
1 4 3 333.265 333.265
1 2 3 333.389 333.389
1 1 3 333.389 333.389
1 3 3 333.42 333.42
1 4 3 333.451 333.451
1 1 3 333.512 333.512
1 2 3 333.512 333.512
1 3 3 333.543 333.543
1 4 3 333.574 333.574
1 2 3 333.636 333.636
1 3 3 333.667 333.667
1 4 3 333.697 333.697
1 1 3 333.759 333.759
1 2 3 333.821 333.821
1 4 3 333.883 333.883
1 3 3 333.883 333.883
1 2 3 333.944 333.944
1 1 3 333.944 333.944
1 4 3 334.006 334.006
1 3 3 334.006 334.006
1 1 3 334.068 334.068
1 2 3 334.13 334.13
1 3 3 334.13 334.13
1 4 3 334.191 334.191
1 2 3 334.253 334.253
1 1 3 334.253 334.253
1 3 3 334.315 334.315
1 4 3 334.315 334.315
1 1 3 334.376 334.376
1 2 3 334.376 334.376
1 3 3 334.438 334.438
1 4 3 334.5 334.5
1 2 3 334.541 334.541
1 1 3 334.582 334.582
1 4 3 334.623 334.623
1 3 3 334.623 334.623
1 2 3 334.685 334.685
1 1 3 334.747 334.747
1 4 3 334.747 334.747
1 3 3 334.809 334.809
1 1 3 334.87 334.87
1 2 3 334.87 334.87
1 4 3 334.932 334.932
1 1 3 334.994 334.994
1 3 3 334.994 334.994
1 4 3 335.056 335.056
1 2 3 335.056 335.056
1 1 3 335.117 335.117
1 3 3 335.117 335.117
1 2 3 335.179 335.179
1 4 3 335.241 335.241
1 3 3 335.241 335.241
1 2 3 335.302 335.302
1 1 3 335.302 335.302
1 3 3 335.364 335.364
1 4 3 335.364 335.364
1 1 3 335.426 335.426
1 2 3 335.488 335.488
1 3 3 335.529 335.529
1 4 3 335.57 335.57
1 1 3 335.611 335.611
1 2 3 335.611 335.611
1 3 3 335.673 335.673
1 4 3 335.673 335.673
1 1 3 335.735 335.735
1 2 3 335.735 335.735
1 3 3 335.796 335.796
1 4 3 335.796 335.796
1 1 3 335.858 335.858
1 2 3 335.858 335.858
1 3 3 335.92 335.92
1 4 3 335.981 335.981
1 1 3 335.981 335.981
1 2 3 336.023 336.023
1 3 3 336.064 336.064
1 4 3 336.105 336.105
1 2 3 336.167 336.167
1 1 3 336.228 336.228
1 4 3 336.228 336.228
1 3 3 336.269 336.269
1 2 3 336.311 336.311
1 1 3 336.352 336.352
1 3 3 336.414 336.414
1 4 3 336.475 336.475
1 1 3 336.475 336.475
1 2 3 336.516 336.516
1 3 3 336.558 336.558
1 4 3 336.599 336.599
1 1 3 336.63 336.63
1 2 3 336.66 336.66
1 3 3 336.691 336.691
1 4 3 336.722 336.722
1 1 3 336.753 336.753
1 2 3 336.784 336.784
1 3 3 336.815 336.815
2 4 3 336.846 336.969
1 1 3 336.969 336.969
1 2 3 337.093 337.093
2 3 3 337.093 337.216
1 4 3 337.093 337.093
1 1 3 337.216 337.216
1 4 3 337.339 337.339
2 2 3 337.339 337.463
1 3 3 337.463 337.463
2 1 3 337.586 337.71
2 4 3 337.71 338.08
2 1 3 337.833 338.512
2 3 3 337.833 338.204
2 2 3 337.833 338.327
2 2 3 338.574 338.759
2 4 3 338.605 338.697
1 1 3 338.821 338.821
2 4 3 338.852 341.043
2 2 3 339.068 339.253
2 2 3 339.315 339.376
2 2 3 339.438 339.562
2 1 3 339.809 339.994
1 2 3 339.839 339.839
2 1 3 340.179 340.364
2 1 3 340.549 340.735
1 1 3 340.796 340.796
1 2 3 340.827 340.827
2 1 3 341.043 341.228
2 1 3 341.29 341.352
2 1 3 341.414 341.537
2 3 3 341.784 341.969
1 4 3 341.815 341.815
2 1 3 342.031 342.278
2 3 3 342.154 342.339
2 1 3 342.401 343.759
2 3 3 342.525 342.71
1 3 3 342.772 342.772
1 4 3 342.802 342.802
2 2 3 342.895 344.994
2 3 3 343.018 343.204
2 3 3 343.265 343.327
2 3 3 343.389 343.512
2 4 3 343.759 343.944
1 3 3 343.79 343.79
2 1 3 343.883 344.747
2 4 3 344.13 344.315
2 4 3 344.5 344.685
1 4 3 344.747 344.747
1 3 3 344.778 344.778
2 1 3 344.87 345.117
2 4 3 344.994 345.179
2 4 3 345.241 345.302
2 4 3 345.364 345.518
2 2 3 345.735 345.92
2 3 3 345.765 346.414
2 2 3 346.105 346.29
2 2 3 346.475 346.66
2 4 3 346.506 346.599
1 1 3 346.722 346.722
2 4 3 346.753 348.944
2 2 3 346.969 347.154
2 2 3 347.216 347.278
2 2 3 347.339 347.463
2 1 3 347.71 347.895
1 2 3 347.741 347.741
2 1 3 348.08 348.265
2 1 3 348.451 348.636
1 1 3 348.697 348.697
1 2 3 348.728 348.728
2 1 3 348.944 349.13
2 1 3 349.191 349.253
2 1 3 349.315 349.438
2 3 3 349.685 349.87
1 4 3 349.716 349.716
2 1 3 349.932 350.179
2 3 3 350.056 350.241
2 1 3 350.302 351.66
2 3 3 350.426 350.611
1 3 3 350.673 350.673
1 4 3 350.704 350.704
2 2 3 350.796 352.895
2 3 3 350.92 351.105
2 3 3 351.167 351.228
2 3 3 351.29 351.414
2 4 3 351.66 351.846
1 3 3 351.691 351.691
2 1 3 351.784 352.648
2 4 3 352.031 352.216
2 4 3 352.401 352.586
1 4 3 352.648 352.648
1 3 3 352.679 352.679
2 1 3 352.772 353.018
2 4 3 352.895 353.08
2 4 3 353.142 353.204
2 4 3 353.265 353.42
2 2 3 353.636 353.821
2 3 3 353.667 354.315
2 3 3 354.376 354.438
2 4 3 354.407 354.5
2 4 3 354.623 356.907
2 1 3 354.654 361.537
2 2 3 357.957 360.981
2 3 3 358.327 359.747
2 4 3 358.697 359.716
2 4 3 359.809 360.796
2 3 3 359.839 360.889
2 4 3 361.012 361.074
2 3 3 361.043 361.089
2 2 3 361.074 361.105
2 3 3 361.167 361.213
2 4 3 361.197 361.228
