2 4 3 2.134 3.134
2 3 3 3.134 4.134
2 2 3 4.134 5.134
2 1 3 5.134 6.134
2 3 3 6.134 7.134
2 2 3 7.134 8.134
2 1 3 8.134 9.134
2 3 3 9.134 10.134
1 4 3 10.134 10.134
1 1 3 10.468 10.468
1 4 3 10.801 10.801
1 3 3 11.134 11.134
1 1 3 11.468 11.468
1 3 3 11.801 11.801
1 2 3 12.134 12.134
1 1 3 12.468 12.468
1 2 3 12.801 12.801
1 3 3 13.134 13.134
1 4 3 13.468 13.468
1 3 3 13.801 13.801
1 1 3 14.134 14.134
1 3 3 14.468 14.468
1 1 3 14.801 14.801
1 2 3 15.134 15.134
1 4 3 15.468 15.468
1 2 3 15.801 15.801
1 3 3 16.134 16.134
1 1 3 16.468 16.468
1 3 3 16.801 16.801
1 4 3 17.134 17.134
1 1 3 17.468 17.468
1 4 3 17.801 17.801
2 4 3 18.134 19.134
2 3 3 19.134 20.134
2 2 3 20.134 21.134
2 1 3 21.134 22.134
2 2 3 22.134 23.134
2 1 3 23.134 24.134
2 3 3 24.134 25.134
2 4 3 25.134 26.134
2 1 3 26.134 27.134
2 2 3 27.134 28.134
2 3 3 28.134 29.134
2 4 3 29.134 30.134
2 3 3 30.134 31.134
2 4 3 31.134 32.134
2 2 3 32.134 33.134
2 1 3 33.134 34.134
2 3 3 34.134 35.134
2 2 3 35.134 35.801
1 4 3 35.801 35.801
2 4 3 36.134 37.134
2 1 3 37.134 37.801
2 1 3 38.134 38.801
2 4 3 38.801 39.134
2 3 3 39.134 39.801
2 2 3 39.801 40.134
2 1 3 40.134 40.468
2 2 3 40.468 40.801
2 3 3 40.801 41.134
2 4 3 41.134 41.801
2 2 3 41.801 42.134
2 1 3 42.134 42.801
1 4 3 42.801 42.801
1 4 3 42.968 42.968
2 3 3 43.134 43.801
1 2 3 43.801 43.801
1 2 3 43.968 43.968
2 1 3 44.134 45.134
1 4 3 45.134 45.134
1 2 3 45.468 45.468
1 3 3 45.801 45.801
1 1 3 46.134 46.134
1 2 3 46.134 46.134
1 3 3 46.468 46.468
1 4 3 46.801 46.801
1 2 3 47.134 47.134
1 3 3 47.134 47.134
1 1 3 47.468 47.468
1 4 3 47.801 47.801
1 3 3 48.134 48.134
1 1 3 48.134 48.134
1 2 3 48.468 48.468
1 1 3 48.801 48.801
1 2 3 49.134 49.134
1 4 3 49.134 49.134
1 3 3 49.468 49.468
1 2 3 49.801 49.801
2 3 3 50.134 51.134
2 2 3 51.134 52.134
2 1 3 52.134 53.134
2 4 3 53.134 54.134
2 2 3 54.134 55.134
2 3 3 55.134 56.134
1 1 3 56.134 56.134
1 2 3 56.468 56.468
1 3 3 56.801 56.801
1 2 3 57.134 57.134
1 3 3 57.468 57.468
1 4 3 57.801 57.801
1 1 3 58.134 58.134
1 2 3 58.134 58.134
1 2 3 59.134 59.134
1 3 3 59.134 59.134
1 3 3 60.134 60.134
1 4 3 60.134 60.134
1 2 3 61.134 61.134
1 4 3 61.134 61.134
1 3 3 61.801 61.801
2 3 3 62.134 62.468
2 2 3 62.468 62.801
1 1 3 62.801 62.801
2 1 3 63.134 63.468
2 4 3 63.468 63.801
1 3 3 63.801 63.801
2 1 3 64.134 64.468
2 2 3 64.468 64.801
2 3 3 64.801 65.134
2 2 3 65.134 65.468
2 3 3 65.468 65.801
2 4 3 65.801 66.134
2 3 3 66.134 66.468
2 2 3 66.468 66.801
2 1 3 66.801 67.134
2 4 3 67.134 67.468
2 3 3 67.468 67.801
2 2 3 67.801 68.134
1 3 3 68.134 68.134
1 4 3 68.468 68.468
1 1 3 68.801 68.801
1 2 3 69.134 69.134
1 4 3 69.468 69.468
1 1 3 70.134 70.134
1 2 3 70.468 70.468
1 3 3 70.801 70.801
1 2 3 71.134 71.134
1 1 3 71.468 71.468
1 4 3 71.801 71.801
1 3 3 72.134 72.134
1 1 3 72.468 72.468
1 2 3 72.634 72.634
1 4 3 72.801 72.801
1 3 3 73.134 73.134
1 1 3 73.468 73.468
1 2 3 73.634 73.634
1 4 3 73.801 73.801
1 3 3 74.134 74.134
1 4 3 74.468 74.468
1 4 3 74.801 74.801
1 3 3 75.134 75.134
1 3 3 75.801 75.801
1 4 3 75.968 75.968
2 1 3 76.134 77.134
2 2 3 77.134 78.134
2 3 3 78.134 79.134
1 4 3 79.134 79.134
1 3 3 79.468 79.468
1 2 3 79.801 79.801
2 2 3 80.134 81.134
2 1 3 81.134 82.134
2 4 3 82.134 82.468
2 3 3 82.468 82.801
2 2 3 82.801 83.134
2 1 3 83.134 83.468
2 2 3 83.468 83.801
2 4 3 83.801 84.134
2 3 3 84.134 85.134
2 2 3 85.134 86.134
2 4 3 86.134 87.134
2 3 3 87.134 87.468
2 2 3 87.468 87.801
2 3 3 87.801 88.134
2 1 3 88.134 89.134
2 4 3 89.134 89.468
2 3 3 89.468 89.801
2 2 3 89.801 90.134
2 3 3 90.134 90.801
2 4 3 90.801 91.134
2 1 3 91.134 91.468
2 2 3 91.468 91.801
2 3 3 91.801 92.134
2 1 3 92.134 93.134
2 2 3 93.134 94.134
2 3 3 94.134 95.134
2 4 3 95.134 95.468
2 3 3 95.468 95.801
1 2 3 95.801 95.801
2 2 3 96.134 97.134
2 1 3 97.134 98.134
2 4 3 98.134 98.468
2 3 3 98.468 98.801
2 2 3 98.801 99.134
2 1 3 99.134 99.468
2 2 3 99.468 99.801
2 4 3 99.801 100.134
1 1 3 100.134 100.134
1 2 3 100.301 100.301
1 4 3 100.468 100.468
1 4 3 100.801 100.801
1 1 3 101.134 101.134
1 2 3 101.301 101.301
1 4 3 101.468 101.468
1 4 3 101.801 101.801
1 2 3 102.134 102.134
1 3 3 102.301 102.301
1 4 3 102.468 102.468
1 4 3 102.801 102.801
1 2 3 103.134 103.134
1 3 3 103.301 103.301
1 4 3 103.468 103.468
1 4 3 103.801 103.801
1 3 3 104.134 104.134
1 2 3 104.301 104.301
1 1 3 104.468 104.468
1 1 3 104.801 104.801
1 3 3 105.134 105.134
1 2 3 105.301 105.301
1 1 3 105.468 105.468
1 1 3 105.801 105.801
1 4 3 106.134 106.134
1 2 3 106.301 106.301
1 3 3 106.468 106.468
1 3 3 106.801 106.801
1 4 3 107.134 107.134
1 2 3 107.301 107.301
1 3 3 107.468 107.468
1 3 3 107.801 107.801
2 2 3 108.134 109.801
1 4 3 109.801 109.801
2 3 3 110.134 111.801
1 1 3 111.801 111.801
2 4 3 112.134 113.801
1 3 3 113.801 113.801
2 2 3 114.134 115.801
1 4 3 115.801 115.801
2 1 3 116.134 117.801
1 3 3 117.801 117.801
2 2 3 118.134 119.134
1 4 3 119.134 119.134
1 1 3 119.468 119.468
1 4 3 119.801 119.801
2 3 3 120.134 121.801
1 2 3 121.801 121.801
2 4 3 122.134 123.801
1 1 3 123.801 123.801
1 2 3 124.134 124.134
1 4 3 124.134 124.134
