1 1 3 1.18 1.18
1 4 3 1.18 1.18
1 3 3 2.08 2.08
1 2 3 2.23 2.23
1 1 3 2.38 2.38
1 4 3 2.98 2.98
1 2 3 3.58 3.58
1 4 3 4.78 4.78
1 1 3 5.98 5.98
1 2 3 6.88 6.88
1 3 3 7.03 7.03
1 4 3 7.18 7.18
1 2 3 7.78 7.78
1 3 3 8.08 8.08
1 1 3 8.38 8.38
1 4 3 8.38 8.38
1 4 3 8.98 8.98
1 1 3 9.58 9.58
1 3 3 10.18 10.18
1 1 3 10.78 10.78
1 4 3 10.78 10.78
1 2 3 11.38 11.38
1 3 3 11.38 11.38
1 1 3 11.68 11.68
1 4 3 11.98 11.98
1 2 3 12.28 12.28
1 3 3 12.58 12.58
1 4 3 12.58 12.58
1 1 3 12.88 12.88
1 2 3 13.18 13.18
1 1 3 13.78 13.78
1 4 3 13.78 13.78
1 1 3 14.38 14.38
1 4 3 14.68 14.68
1 2 3 14.98 14.98
1 3 3 14.98 14.98
1 3 3 15.58 15.58
1 1 3 16.18 16.18
1 4 3 16.18 16.18
1 3 3 16.48 16.48
1 2 3 16.78 16.78
1 1 3 17.08 17.08
1 3 3 17.38 17.38
1 4 3 17.38 17.38
1 1 3 17.98 17.98
1 2 3 18.58 18.58
1 4 3 18.58 18.58
1 4 3 19.18 19.18
1 2 3 19.48 19.48
1 1 3 19.78 19.78
1 3 3 19.78 19.78
1 1 3 20.38 20.38
1 4 3 20.38 20.38
1 1 3 22.78 22.78
1 4 3 22.78 22.78
1 3 3 23.08 23.08
1 2 3 23.38 23.38
1 4 3 23.68 23.68
1 3 3 23.98 23.98
1 2 3 24.28 24.28
1 1 3 24.58 24.58
1 4 3 24.88 24.88
1 3 3 25.18 25.18
1 2 3 25.48 25.48
1 3 3 25.78 25.78
1 2 3 26.08 26.08
1 1 3 26.38 26.38
1 4 3 26.68 26.68
1 1 3 26.98 26.98
1 3 3 27.28 27.28
1 1 3 27.58 27.58
1 4 3 27.58 27.58
1 2 3 27.88 27.88
1 3 3 28.18 28.18
1 1 3 28.48 28.48
1 4 3 28.78 28.78
1 2 3 29.08 29.08
1 3 3 29.38 29.38
1 4 3 29.68 29.68
1 1 3 29.98 29.98
1 3 3 30.28 30.28
1 2 3 30.58 30.58
1 4 3 30.88 30.88
1 1 3 31.18 31.18
1 2 3 31.18 31.18
1 1 3 32.38 32.38
1 4 3 32.38 32.38
1 3 3 32.68 32.68
1 2 3 32.98 32.98
1 4 3 33.28 33.28
1 1 3 33.58 33.58
1 3 3 33.88 33.88
1 2 3 34.18 34.18
1 4 3 34.48 34.48
1 1 3 34.78 34.78
1 3 3 35.08 35.08
1 2 3 35.38 35.38
1 4 3 35.68 35.68
1 1 3 35.98 35.98
1 3 3 36.28 36.28
1 1 3 36.58 36.58
1 3 3 36.88 36.88
1 1 3 37.18 37.18
1 4 3 37.18 37.18
1 2 3 37.48 37.48
1 3 3 37.78 37.78
1 1 3 38.08 38.08
1 4 3 38.38 38.38
1 2 3 38.68 38.68
1 3 3 38.98 38.98
1 1 3 39.28 39.28
1 4 3 39.58 39.58
1 1 3 39.88 39.88
1 3 3 40.18 40.18
1 2 3 40.48 40.48
1 4 3 40.78 40.78
1 3 3 40.78 40.78
1 1 3 41.98 41.98
1 4 3 41.98 41.98
1 4 3 42.28 42.28
1 2 3 42.58 42.58
1 2 3 42.88 42.88
1 1 3 43.18 43.18
1 3 3 43.48 43.48
1 2 3 43.78 43.78
1 4 3 44.08 44.08
1 3 3 44.38 44.38
1 3 3 44.68 44.68
1 1 3 44.98 44.98
1 1 3 45.28 45.28
1 4 3 45.58 45.58
1 4 3 45.88 45.88
1 2 3 46.18 46.18
1 3 3 46.48 46.48
1 1 3 46.78 46.78
1 4 3 46.78 46.78
1 1 3 47.08 47.08
1 3 3 47.38 47.38
1 3 3 47.68 47.68
1 2 3 47.98 47.98
1 1 3 48.28 48.28
1 4 3 48.58 48.58
1 3 3 48.88 48.88
1 2 3 49.18 49.18
1 2 3 49.48 49.48
1 4 3 49.78 49.78
1 4 3 50.08 50.08
1 1 3 50.38 50.38
1 2 3 50.38 50.38
1 1 3 51.58 51.58
1 4 3 51.58 51.58
1 4 3 51.88 51.88
1 1 3 52.18 52.18
1 1 3 52.48 52.48
1 3 3 52.78 52.78
1 2 3 53.08 53.08
1 4 3 53.38 53.38
1 1 3 53.68 53.68
1 2 3 53.98 53.98
1 2 3 54.28 54.28
1 4 3 54.58 54.58
1 4 3 54.88 54.88
1 1 3 55.18 55.18
1 1 3 55.48 55.48
1 3 3 55.78 55.78
1 2 3 56.08 56.08
1 1 3 56.38 56.38
1 4 3 56.38 56.38
1 4 3 56.68 56.68
1 2 3 56.98 56.98
1 2 3 57.28 57.28
1 3 3 57.58 57.58
1 4 3 57.88 57.88
1 1 3 58.18 58.18
1 2 3 58.48 58.48
1 1 3 58.78 58.78
1 4 3 58.78 58.78
1 4 3 59.08 59.08
1 1 3 59.38 59.38
1 1 3 59.68 59.68
1 3 3 59.98 59.98
1 4 3 59.98 59.98
1 1 3 61.18 61.18
1 4 3 61.18 61.18
1 2 3 61.48 61.48
1 4 3 61.78 61.78
1 1 3 62.08 62.08
1 3 3 62.38 62.38
1 4 3 62.68 62.68
1 2 3 62.98 62.98
1 1 3 63.28 63.28
1 2 3 63.43 63.43
1 3 3 63.58 63.58
1 4 3 63.88 63.88
1 2 3 64.18 64.18
1 3 3 64.48 64.48
1 1 3 64.78 64.78
1 4 3 65.08 65.08
1 2 3 65.38 65.38
1 3 3 65.68 65.68
1 1 3 65.98 65.98
1 4 3 65.98 65.98
1 2 3 66.28 66.28
1 1 3 66.58 66.58
1 4 3 66.88 66.88
1 3 3 67.18 67.18
1 2 3 67.48 67.48
1 1 3 67.78 67.78
1 4 3 68.08 68.08
1 3 3 68.23 68.23
1 2 3 68.38 68.38
1 4 3 68.68 68.68
1 1 3 68.98 68.98
1 3 3 69.28 69.28
1 1 3 69.58 69.58
1 4 3 69.88 69.88
1 1 3 70.33 70.33
1 3 3 70.48 70.48
1 2 3 70.63 70.63
1 1 3 70.78 70.78
1 4 3 70.78 70.78
1 3 3 71.08 71.08
1 1 3 71.38 71.38
1 4 3 71.68 71.68
1 2 3 71.98 71.98
1 3 3 72.28 72.28
1 4 3 72.58 72.58
1 1 3 72.88 72.88
1 2 3 73.03 73.03
1 3 3 73.18 73.18
1 1 3 73.48 73.48
1 4 3 73.78 73.78
1 2 3 74.08 74.08
1 4 3 74.38 74.38
1 1 3 74.68 74.68
1 3 3 74.98 74.98
1 2 3 75.28 75.28
1 1 3 75.58 75.58
1 4 3 75.58 75.58
1 3 3 75.88 75.88
1 2 3 76.18 76.18
1 1 3 76.48 76.48
1 4 3 76.78 76.78
1 2 3 77.08 77.08
1 3 3 77.38 77.38
1 1 3 77.68 77.68
1 2 3 77.83 77.83
1 3 3 77.98 77.98
1 1 3 78.28 78.28
1 4 3 78.58 78.58
1 2 3 78.88 78.88
1 4 3 79.18 79.18
1 1 3 79.48 79.48
1 2 3 80.08 80.08
1 1 3 80.38 80.38
1 4 3 80.38 80.38
1 1 3 81.58 81.58
1 4 3 82.78 82.78
1 2 3 83.98 83.98
1 3 3 85.18 85.18
1 2 3 86.38 86.38
1 4 3 87.58 87.58
2 1 3 88.78 89.98
1 3 3 89.98 89.98
1 4 3 89.98 89.98
1 1 3 90.58 90.58
1 2 3 90.58 90.58
1 2 3 91.48 91.48
1 3 3 91.78 91.78
1 4 3 91.78 91.78
1 3 3 92.38 92.38
1 1 3 92.98 92.98
1 2 3 92.98 92.98
1 2 3 93.88 93.88
1 3 3 94.18 94.18
1 4 3 94.18 94.18
1 2 3 94.78 94.78
1 3 3 95.38 95.38
1 4 3 95.38 95.38
1 3 3 96.28 96.28
1 1 3 96.58 96.58
1 2 3 96.58 96.58
1 2 3 97.18 97.18
1 3 3 97.78 97.78
1 4 3 97.78 97.78
1 4 3 98.38 98.38
1 2 3 98.98 98.98
1 3 3 99.13 99.13
1 2 3 99.28 99.28
1 1 3 99.58 99.58
1 4 3 99.58 99.58
1 3 3 100.48 100.48
1 2 3 100.63 100.63
1 1 3 100.78 100.78
1 4 3 101.38 101.38
1 2 3 101.98 101.98
1 4 3 103.18 103.18
1 1 3 104.38 104.38
1 2 3 105.28 105.28
1 3 3 105.43 105.43
1 4 3 105.58 105.58
1 2 3 106.18 106.18
1 3 3 106.48 106.48
1 1 3 106.78 106.78
1 4 3 106.78 106.78
1 4 3 107.38 107.38
1 1 3 107.98 107.98
1 3 3 108.58 108.58
1 1 3 109.18 109.18
1 4 3 109.18 109.18
1 2 3 109.78 109.78
1 3 3 109.78 109.78
1 1 3 110.08 110.08
1 4 3 110.38 110.38
1 2 3 110.68 110.68
1 3 3 110.98 110.98
1 4 3 110.98 110.98
1 1 3 111.28 111.28
1 4 3 111.58 111.58
1 1 3 112.18 112.18
1 3 3 112.18 112.18
1 4 3 112.78 112.78
1 2 3 113.08 113.08
1 3 3 113.38 113.38
1 4 3 113.38 113.38
1 2 3 113.98 113.98
1 1 3 114.58 114.58
1 4 3 114.58 114.58
1 3 3 115.18 115.18
1 2 3 115.48 115.48
1 3 3 115.78 115.78
1 4 3 115.78 115.78
1 1 3 116.38 116.38
1 2 3 116.98 116.98
1 4 3 116.98 116.98
1 4 3 117.58 117.58
1 2 3 117.88 117.88
1 1 3 118.18 118.18
1 3 3 118.18 118.18
1 1 3 118.78 118.78
1 4 3 118.78 118.78
1 1 3 121.18 121.18
1 4 3 121.18 121.18
1 3 3 121.48 121.48
1 1 3 121.78 121.78
1 2 3 122.08 122.08
1 3 3 122.23 122.23
1 4 3 122.38 122.38
1 1 3 122.68 122.68
1 2 3 122.98 122.98
1 3 3 123.28 123.28
1 2 3 123.43 123.43
1 1 3 123.58 123.58
1 4 3 123.88 123.88
1 3 3 124.18 124.18
1 2 3 124.48 124.48
1 3 3 124.63 124.63
1 4 3 124.78 124.78
1 1 3 125.08 125.08
1 3 3 125.38 125.38
1 4 3 125.38 125.38
1 1 3 125.68 125.68
1 2 3 125.68 125.68
1 3 3 125.83 125.83
1 4 3 125.98 125.98
1 3 3 126.28 126.28
1 2 3 126.58 126.58
1 1 3 126.88 126.88
1 2 3 127.03 127.03
1 3 3 127.18 127.18
1 1 3 127.48 127.48
1 2 3 127.78 127.78
1 4 3 128.08 128.08
1 3 3 128.23 128.23
1 2 3 128.38 128.38
1 1 3 128.68 128.68
1 3 3 128.98 128.98
1 4 3 129.28 129.28
1 1 3 129.58 129.58
1 2 3 129.58 129.58
1 3 3 129.88 129.88
1 1 3 130.18 130.18
1 4 3 130.18 130.18
1 2 3 130.48 130.48
1 3 3 130.78 130.78
1 4 3 130.78 130.78
1 2 3 131.08 131.08
1 1 3 131.38 131.38
1 3 3 131.68 131.68
1 2 3 131.83 131.83
1 1 3 131.98 131.98
1 4 3 132.28 132.28
1 3 3 132.58 132.58
1 2 3 132.88 132.88
1 3 3 133.03 133.03
1 4 3 133.18 133.18
1 2 3 133.48 133.48
1 1 3 133.78 133.78
1 3 3 134.08 134.08
1 2 3 134.23 134.23
1 1 3 134.38 134.38
1 4 3 134.68 134.68
1 1 3 134.98 134.98
1 2 3 134.98 134.98
1 3 3 135.28 135.28
1 4 3 135.28 135.28
1 2 3 135.43 135.43
1 1 3 135.58 135.58
1 4 3 135.88 135.88
1 2 3 136.18 136.18
1 4 3 136.48 136.48
1 3 3 136.63 136.63
1 2 3 136.78 136.78
1 1 3 137.08 137.08
1 4 3 137.38 137.38
1 1 3 137.68 137.68
1 2 3 137.83 137.83
1 3 3 137.98 137.98
1 4 3 138.28 138.28
1 2 3 138.58 138.58
1 1 3 138.88 138.88
1 3 3 139.18 139.18
1 4 3 139.18 139.18
1 2 3 139.48 139.48
1 3 3 139.78 139.78
1 2 3 140.08 140.08
1 3 3 140.23 140.23
1 1 3 140.38 140.38
1 4 3 140.38 140.38
1 3 3 140.68 140.68
1 1 3 140.98 140.98
1 2 3 141.28 141.28
1 3 3 141.43 141.43
1 4 3 141.58 141.58
1 1 3 141.88 141.88
1 2 3 142.18 142.18
1 3 3 142.48 142.48
1 2 3 142.63 142.63
1 1 3 142.78 142.78
1 4 3 143.08 143.08
1 3 3 143.38 143.38
1 2 3 143.68 143.68
1 3 3 143.83 143.83
1 4 3 143.98 143.98
1 1 3 144.28 144.28
1 3 3 144.58 144.58
1 4 3 144.58 144.58
1 1 3 144.88 144.88
1 2 3 144.88 144.88
1 3 3 145.03 145.03
1 4 3 145.18 145.18
1 2 3 145.48 145.48
1 3 3 145.78 145.78
1 1 3 146.08 146.08
1 2 3 146.23 146.23
1 3 3 146.38 146.38
1 1 3 146.68 146.68
1 2 3 146.98 146.98
1 4 3 147.28 147.28
1 3 3 147.43 147.43
1 2 3 147.58 147.58
1 1 3 147.88 147.88
1 3 3 148.18 148.18
1 2 3 148.48 148.48
1 1 3 148.78 148.78
1 4 3 148.78 148.78
1 3 3 149.08 149.08
1 1 3 149.38 149.38
1 2 3 149.38 149.38
1 3 3 149.68 149.68
1 1 3 149.98 149.98
1 4 3 149.98 149.98
1 2 3 150.28 150.28
1 3 3 150.58 150.58
1 1 3 150.88 150.88
1 2 3 151.03 151.03
1 3 3 151.18 151.18
1 4 3 151.48 151.48
1 2 3 151.78 151.78
1 3 3 152.08 152.08
1 4 3 152.23 152.23
1 1 3 152.38 152.38
1 3 3 152.68 152.68
1 2 3 152.98 152.98
1 4 3 153.28 153.28
1 3 3 153.43 153.43
1 1 3 153.58 153.58
1 4 3 153.88 153.88
1 1 3 154.18 154.18
1 2 3 154.18 154.18
1 3 3 154.48 154.48
1 4 3 154.48 154.48
1 2 3 154.63 154.63
1 1 3 154.78 154.78
1 3 3 155.08 155.08
1 2 3 155.38 155.38
1 4 3 155.68 155.68
1 3 3 155.83 155.83
1 2 3 155.98 155.98
1 1 3 156.28 156.28
1 4 3 156.58 156.58
1 1 3 156.88 156.88
1 2 3 157.03 157.03
1 3 3 157.18 157.18
1 4 3 157.48 157.48
1 2 3 157.78 157.78
1 3 3 158.08 158.08
1 1 3 158.38 158.38
1 4 3 158.38 158.38
1 2 3 158.68 158.68
1 4 3 158.98 158.98
1 1 3 159.28 159.28
1 2 3 159.43 159.43
1 3 3 159.58 159.58
1 4 3 159.58 159.58
1 1 3 159.88 159.88
1 3 3 160.18 160.18
1 2 3 160.48 160.48
1 4 3 160.78 160.78
1 3 3 161.08 161.08
1 2 3 161.38 161.38
1 1 3 161.68 161.68
1 2 3 161.83 161.83
1 3 3 161.98 161.98
1 4 3 162.28 162.28
1 2 3 162.58 162.58
1 3 3 162.88 162.88
1 1 3 163.18 163.18
1 4 3 163.48 163.48
1 2 3 163.78 163.78
1 3 3 164.08 164.08
1 1 3 164.38 164.38
1 4 3 164.38 164.38
1 2 3 164.68 164.68
1 1 3 164.98 164.98
1 4 3 165.28 165.28
1 3 3 165.58 165.58
1 2 3 165.88 165.88
1 1 3 166.18 166.18
1 4 3 166.48 166.48
1 3 3 166.63 166.63
1 2 3 166.78 166.78
1 4 3 167.08 167.08
1 1 3 167.38 167.38
1 3 3 167.68 167.68
1 1 3 167.98 167.98
1 4 3 168.28 168.28
1 1 3 168.73 168.73
1 3 3 168.88 168.88
1 2 3 169.03 169.03
1 1 3 169.18 169.18
1 4 3 169.18 169.18
1 3 3 169.48 169.48
1 1 3 169.78 169.78
1 4 3 170.08 170.08
1 2 3 170.38 170.38
1 3 3 170.68 170.68
1 4 3 170.98 170.98
1 1 3 171.28 171.28
1 2 3 171.43 171.43
1 3 3 171.58 171.58
1 1 3 171.88 171.88
1 4 3 172.18 172.18
1 2 3 172.48 172.48
1 4 3 172.78 172.78
1 1 3 173.08 173.08
1 3 3 173.38 173.38
1 2 3 173.68 173.68
1 1 3 173.98 173.98
1 4 3 173.98 173.98
1 3 3 174.28 174.28
1 2 3 174.58 174.58
1 1 3 174.88 174.88
1 4 3 175.18 175.18
1 2 3 175.48 175.48
1 3 3 175.78 175.78
1 1 3 176.08 176.08
1 2 3 176.23 176.23
1 3 3 176.38 176.38
1 1 3 176.68 176.68
1 4 3 176.98 176.98
1 2 3 177.28 177.28
1 4 3 177.58 177.58
1 1 3 177.88 177.88
1 2 3 178.48 178.48
1 1 3 178.78 178.78
1 4 3 178.78 178.78
