2 2 3 0.607 1.259
2 4 3 1.259 1.911
1 1 3 1.911 1.911
1 2 3 2.074 2.074
1 3 3 2.237 2.237
1 4 3 2.4 2.4
1 2 3 2.563 2.563
2 1 3 2.563 3.215
1 3 3 3.215 3.215
2 4 3 3.215 3.867
2 3 3 3.541 3.867
2 1 3 3.867 4.193
2 4 3 4.193 4.52
1 2 3 4.52 4.52
2 1 3 4.52 5.172
2 3 3 4.683 4.846
2 2 3 4.846 5.172
2 4 3 5.172 5.498
2 1 3 5.498 5.824
1 3 3 5.824 5.824
2 4 3 5.824 6.476
2 3 3 6.15 6.476
2 2 3 6.476 6.802
1 3 3 6.802 6.802
1 4 3 7.128 7.128
2 1 3 7.128 7.454
2 3 3 7.454 7.78
2 2 3 7.617 7.78
1 1 3 7.78 7.78
2 4 3 7.78 8.27
2 3 3 8.106 8.27
1 2 3 8.433 8.433
2 1 3 8.433 9.085
2 2 3 8.759 9.085
2 4 3 9.085 9.411
2 1 3 9.411 9.737
1 3 3 9.737 9.737
2 4 3 9.737 10.389
2 3 3 10.063 10.389
2 2 3 10.389 10.715
2 4 3 10.715 11.041
2 1 3 11.041 11.693
1 2 3 11.041 11.041
2 2 3 11.367 11.693
1 4 3 11.53 11.53
1 3 3 11.693 11.693
1 1 3 11.856 11.856
1 2 3 12.02 12.02
1 3 3 12.183 12.183
1 1 3 12.346 12.346
1 4 3 12.346 12.346
1 1 3 12.672 12.672
1 4 3 12.998 12.998
1 3 3 12.998 12.998
1 4 3 13.324 13.324
1 2 3 13.65 13.65
2 1 3 13.65 14.302
2 2 3 13.976 14.302
2 4 3 14.302 14.628
1 3 3 14.302 14.302
2 1 3 14.628 14.954
1 3 3 14.954 14.954
2 4 3 14.954 15.606
2 2 3 15.117 15.443
2 3 3 15.28 15.606
2 2 3 15.606 15.933
1 1 3 15.606 15.606
2 4 3 15.933 16.259
2 1 3 16.259 16.911
1 2 3 16.259 16.259
2 3 3 16.422 16.748
2 2 3 16.585 16.911
1 4 3 16.911 16.911
2 3 3 16.911 17.237
1 2 3 17.237 17.237
1 1 3 17.563 17.563
2 4 3 17.563 18.052
2 3 3 17.889 18.052
2 1 3 18.052 18.378
2 4 3 18.215 18.704
1 3 3 18.215 18.215
2 1 3 18.541 18.704
2 4 3 18.867 19.52
1 3 3 18.867 18.867
2 3 3 19.193 19.52
2 1 3 19.52 19.846
1 2 3 19.52 19.52
2 4 3 19.846 20.172
2 1 3 20.172 20.824
1 2 3 20.172 20.172
2 2 3 20.498 20.824
2 3 3 20.824 21.15
1 4 3 20.824 20.824
2 1 3 21.15 21.476
1 3 3 21.476 21.476
2 4 3 21.476 22.128
2 3 3 21.802 22.128
1 1 3 22.128 22.128
2 2 3 22.128 22.454
1 3 3 22.454 22.454
1 4 3 22.78 22.78
2 1 3 22.78 23.27
2 2 3 23.106 23.27
2 4 3 23.27 23.596
2 1 3 23.433 23.922
1 2 3 23.433 23.433
2 4 3 23.759 23.922
1 2 3 24.085 24.085
1 1 3 24.085 24.085
2 3 3 24.411 24.737
2 2 3 24.737 25.389
1 3 3 25.063 25.063
2 4 3 25.389 26.041
1 1 3 25.389 25.389
2 3 3 25.715 26.041
2 1 3 26.041 26.693
1 2 3 26.041 26.041
2 4 3 26.367 26.693
1 2 3 26.693 26.693
1 3 3 26.693 26.693
2 1 3 27.02 27.346
2 4 3 27.346 27.998
1 3 3 27.672 27.672
1 1 3 27.998 27.998
2 2 3 27.998 28.65
2 3 3 28.324 28.65
1 4 3 28.65 28.65
2 1 3 28.65 29.302
2 2 3 28.976 29.302
1 4 3 29.302 29.302
1 3 3 29.302 29.302
2 1 3 29.628 29.954
2 4 3 29.954 30.606
1 2 3 30.28 30.28
1 3 3 30.606 30.606
2 1 3 30.606 31.259
2 2 3 30.933 31.259
1 3 3 31.259 31.259
2 4 3 31.259 31.911
2 1 3 31.585 31.911
2 2 3 31.911 32.237
1 3 3 31.911 31.911
2 4 3 32.237 32.889
2 1 3 32.563 32.889
1 3 3 32.889 32.889
2 1 3 33.215 33.378
2 2 3 33.215 33.378
2 3 3 33.541 33.704
2 4 3 33.541 33.704
1 4 3 33.867 33.867
2 2 3 33.867 34.356
2 1 3 33.867 34.356
1 3 3 34.52 34.52
2 4 3 34.52 34.846
2 1 3 34.52 35.172
2 2 3 34.846 35.172
2 3 3 35.172 35.335
1 4 3 35.172 35.172
1 2 3 35.498 35.498
2 3 3 35.498 35.661
2 1 3 35.824 36.15
2 4 3 35.824 36.476
2 3 3 36.15 36.476
1 1 3 36.476 36.476
2 2 3 36.476 36.639
2 2 3 36.802 36.965
2 1 3 37.128 37.78
2 4 3 37.128 37.454
2 2 3 37.454 37.78
1 4 3 37.78 37.78
2 3 3 37.78 37.943
1 2 3 38.106 38.106
2 3 3 38.106 38.27
2 1 3 38.433 38.596
2 4 3 38.433 38.759
2 1 3 38.759 39.085
2 2 3 38.922 39.085
2 4 3 39.085 39.574
2 3 3 39.085 39.574
2 1 3 39.411 39.574
2 1 3 39.737 40.063
2 4 3 39.737 40.389
2 3 3 40.063 40.389
2 2 3 40.389 40.552
1 1 3 40.389 40.389
1 3 3 40.715 40.715
2 2 3 40.715 40.878
2 4 3 41.041 41.367
2 1 3 41.041 41.693
2 2 3 41.367 41.693
1 4 3 41.693 41.693
2 3 3 41.693 41.856
2 3 3 42.02 42.183
2 4 3 42.346 42.998
2 1 3 42.346 42.672
2 3 3 42.672 42.998
1 1 3 42.998 42.998
2 2 3 42.998 43.161
1 3 3 43.324 43.324
2 2 3 43.324 43.487
2 4 3 43.65 43.813
2 1 3 43.65 43.976
2 4 3 43.976 44.302
2 3 3 44.139 44.302
2 1 3 44.302 44.791
2 2 3 44.302 44.791
2 4 3 44.628 44.791
1 1 3 44.954 44.954
1 4 3 44.954 44.954
2 3 3 44.954 45.117
2 3 3 45.28 45.606
2 1 3 45.606 46.259
1 4 3 45.606 45.606
2 2 3 45.933 46.259
1 3 3 45.933 45.933
1 3 3 46.259 46.259
2 4 3 46.259 46.422
2 4 3 46.585 46.911
2 2 3 46.911 47.563
1 1 3 46.911 46.911
2 3 3 47.237 47.563
1 4 3 47.563 47.563
2 1 3 47.563 47.726
2 1 3 47.889 48.215
1 3 3 48.215 48.215
2 4 3 48.215 48.541
1 2 3 48.541 48.541
1 1 3 48.541 48.541
2 4 3 48.867 49.193
2 1 3 48.867 49.193
2 3 3 49.193 49.356
2 2 3 49.356 49.52
2 1 3 49.52 49.846
2 4 3 49.52 50.172
2 3 3 49.846 50.172
1 1 3 50.172 50.172
2 2 3 50.172 50.335
2 2 3 50.498 50.824
1 1 3 50.824 50.824
2 4 3 50.824 51.476
2 3 3 51.15 51.476
1 2 3 51.15 51.15
1 2 3 51.476 51.476
2 1 3 51.476 51.639
2 1 3 51.802 52.128
2 3 3 52.128 52.78
1 4 3 52.128 52.128
2 2 3 52.454 52.78
1 1 3 52.78 52.78
2 4 3 52.78 52.943
2 4 3 53.106 53.433
1 2 3 53.433 53.433
2 1 3 53.433 53.759
1 3 3 53.759 53.759
1 2 3 53.922 53.922
1 1 3 54.085 54.085
1 4 3 54.085 54.085
1 4 3 54.411 54.411
1 2 3 54.737 54.737
1 3 3 54.737 54.737
1 2 3 55.063 55.063
1 1 3 55.389 55.389
1 4 3 55.389 55.389
2 2 3 55.715 56.041
1 4 3 56.041 56.041
2 3 3 56.041 56.367
1 1 3 56.367 56.367
1 3 3 56.693 56.693
2 2 3 56.693 56.856
2 4 3 56.856 57.183
2 1 3 57.02 57.183
1 4 3 57.346 57.346
2 3 3 57.346 57.672
1 2 3 57.672 57.672
1 1 3 57.998 57.998
1 4 3 57.998 57.998
2 3 3 58.324 58.65
2 2 3 58.65 58.976
1 1 3 58.65 58.65
1 4 3 58.976 58.976
1 2 3 59.302 59.302
2 3 3 59.302 59.628
2 1 3 59.628 59.954
2 2 3 59.791 59.954
1 3 3 59.954 59.954
2 4 3 59.954 60.28
2 1 3 60.28 60.606
1 2 3 60.606 60.606
1 3 3 60.606 60.606
2 4 3 60.933 61.259
2 2 3 61.259 61.585
1 1 3 61.259 61.259
2 3 3 61.422 61.585
2 1 3 61.585 61.911
1 3 3 61.911 61.911
2 4 3 61.911 62.237
1 1 3 62.237 62.237
2 4 3 62.4 62.563
2 2 3 62.563 62.889
1 1 3 62.563 62.563
1 3 3 62.889 62.889
2 2 3 63.052 63.215
2 4 3 63.215 63.378
2 1 3 63.378 63.541
2 4 3 63.541 63.704
2 1 3 63.704 63.867
2 3 3 63.867 64.03
2 3 3 64.193 64.356
1 1 3 64.52 64.52
2 2 3 64.52 64.846
2 4 3 64.846 65.172
2 3 3 65.009 65.172
1 2 3 65.172 65.172
2 1 3 65.172 65.498
2 3 3 65.498 65.824
1 1 3 65.824 65.824
1 4 3 65.824 65.824
2 2 3 66.15 66.476
2 3 3 66.476 67.128
1 2 3 66.802 66.802
2 1 3 67.128 67.78
1 4 3 67.128 67.128
2 2 3 67.454 67.78
2 4 3 67.78 68.433
1 3 3 67.78 67.78
2 1 3 68.106 68.433
1 3 3 68.433 68.433
1 2 3 68.433 68.433
2 4 3 68.759 69.085
2 1 3 69.085 69.737
1 2 3 69.411 69.411
1 4 3 69.737 69.737
2 3 3 69.737 70.389
2 2 3 70.063 70.389
1 1 3 70.389 70.389
2 4 3 70.389 71.041
2 3 3 70.715 71.041
1 1 3 71.041 71.041
1 2 3 71.041 71.041
2 4 3 71.367 71.693
2 1 3 71.693 72.346
1 3 3 72.02 72.02
1 2 3 72.346 72.346
2 4 3 72.346 72.998
2 3 3 72.672 72.998
1 2 3 72.998 72.998
2 1 3 72.998 73.65
2 4 3 73.324 73.65
2 3 3 73.65 73.976
1 2 3 73.65 73.65
2 1 3 73.976 74.628
2 4 3 74.302 74.628
1 2 3 74.628 74.628
2 4 3 74.954 75.117
2 3 3 74.954 75.117
2 2 3 75.28 75.443
2 1 3 75.28 75.443
1 1 3 75.606 75.606
2 3 3 75.606 76.096
2 4 3 75.606 76.096
1 2 3 76.259 76.259
2 1 3 76.259 76.585
2 4 3 76.259 76.911
2 3 3 76.585 76.911
2 2 3 76.911 77.074
1 1 3 76.911 76.911
1 3 3 77.237 77.237
2 2 3 77.237 77.4
2 4 3 77.563 77.889
2 1 3 77.563 78.215
2 2 3 77.889 78.215
1 4 3 78.215 78.215
2 3 3 78.215 78.378
2 3 3 78.541 78.704
1 2 3 78.541 78.541
2 4 3 78.867 79.52
2 1 3 78.867 79.193
2 3 3 79.193 79.52
1 1 3 79.52 79.52
2 2 3 79.52 79.683
1 3 3 79.846 79.846
2 2 3 79.846 80.009
2 4 3 80.172 80.335
2 1 3 80.172 80.498
2 4 3 80.498 80.824
2 3 3 80.661 80.824
2 1 3 80.824 81.313
2 2 3 80.824 81.313
2 4 3 81.15 81.313
2 4 3 81.476 81.802
2 1 3 81.476 82.128
2 2 3 81.802 82.128
2 3 3 82.128 82.291
1 4 3 82.128 82.128
1 2 3 82.454 82.454
2 3 3 82.454 82.617
2 1 3 82.78 83.106
2 4 3 82.78 83.433
2 3 3 83.106 83.433
1 1 3 83.433 83.433
2 2 3 83.433 83.596
2 2 3 83.759 83.922
1 3 3 83.759 83.759
2 1 3 84.085 84.737
2 4 3 84.085 84.411
2 2 3 84.411 84.737
1 4 3 84.737 84.737
2 3 3 84.737 84.9
1 2 3 85.063 85.063
2 3 3 85.063 85.226
2 1 3 85.389 85.552
2 4 3 85.389 85.715
2 1 3 85.715 86.041
2 2 3 85.878 86.041
2 4 3 86.041 86.53
2 3 3 86.041 86.53
2 1 3 86.367 86.53
1 4 3 86.693 86.693
1 1 3 86.693 86.693
2 2 3 86.693 86.856
2 3 3 86.856 87.02
2 2 3 87.02 87.346
2 4 3 87.346 87.998
1 1 3 87.346 87.346
2 3 3 87.672 87.998
1 2 3 87.672 87.672
1 2 3 87.998 87.998
2 1 3 87.998 88.161
2 1 3 88.324 88.65
2 3 3 88.65 89.302
1 4 3 88.65 88.65
2 2 3 88.976 89.302
1 1 3 89.302 89.302
2 4 3 89.302 89.465
2 4 3 89.628 89.954
1 2 3 89.954 89.954
2 1 3 89.954 90.28
1 3 3 90.28 90.28
1 4 3 90.28 90.28
2 1 3 90.606 90.933
2 4 3 90.606 90.933
2 2 3 90.933 91.096
2 3 3 91.096 91.259
2 4 3 91.259 91.585
2 1 3 91.259 91.911
2 2 3 91.585 91.911
1 4 3 91.911 91.911
2 3 3 91.911 92.074
2 3 3 92.237 92.563
1 4 3 92.563 92.563
2 1 3 92.563 93.215
2 2 3 92.889 93.215
1 3 3 92.889 92.889
1 3 3 93.215 93.215
2 4 3 93.215 93.378
2 4 3 93.541 93.867
2 2 3 93.867 94.52
1 1 3 93.867 93.867
2 3 3 94.193 94.52
1 4 3 94.52 94.52
2 1 3 94.52 94.683
2 1 3 94.846 95.172
1 3 3 95.172 95.172
2 4 3 95.172 95.498
1 2 3 95.498 95.498
1 3 3 95.661 95.661
1 4 3 95.824 95.824
1 1 3 95.824 95.824
1 1 3 96.15 96.15
1 3 3 96.476 96.476
1 2 3 96.476 96.476
1 3 3 96.802 96.802
1 1 3 97.128 97.128
1 4 3 97.128 97.128
2 2 3 97.454 97.78
1 3 3 97.78 97.78
1 4 3 97.78 97.78
2 1 3 98.106 98.433
1 2 3 98.433 98.433
1 3 3 98.433 98.433
2 4 3 98.759 99.085
1 1 3 99.085 99.085
1 2 3 99.085 99.085
2 3 3 99.411 99.737
1 1 3 99.737 99.737
1 4 3 99.737 99.737
2 2 3 100.063 100.389
1 3 3 100.389 100.389
1 4 3 100.389 100.389
2 1 3 100.715 101.041
1 2 3 101.041 101.041
1 3 3 101.041 101.041
2 4 3 101.367 101.693
1 1 3 101.693 101.693
1 3 3 101.693 101.693
2 2 3 102.02 102.346
1 1 3 102.346 102.346
1 4 3 102.346 102.346
2 3 3 102.672 102.998
1 4 3 102.998 102.998
1 2 3 102.998 102.998
2 1 3 103.324 103.65
1 4 3 103.65 103.65
1 3 3 103.65 103.65
2 2 3 103.976 104.302
1 1 3 104.302 104.302
1 4 3 104.302 104.302
2 3 3 104.628 104.954
1 4 3 104.954 104.954
2 2 3 104.954 106.259
2 1 3 104.954 106.259
2 3 3 106.259 106.422
2 1 3 106.422 106.585
2 4 3 106.585 106.748
2 2 3 106.748 106.911
2 1 3 106.911 107.4
2 4 3 106.911 107.4
1 3 3 106.911 106.911
2 2 3 107.237 107.4
1 3 3 107.563 107.563
2 1 3 107.563 108.215
2 4 3 107.563 107.726
2 2 3 107.889 108.215
2 4 3 107.889 108.052
1 4 3 108.215 108.215
2 3 3 108.215 108.541
2 2 3 108.541 108.704
1 1 3 108.541 108.541
2 4 3 108.867 109.52
2 1 3 108.867 109.03
2 3 3 109.193 109.52
2 1 3 109.193 109.356
1 1 3 109.52 109.52
2 2 3 109.52 109.846
2 3 3 109.846 110.009
1 4 3 109.846 109.846
2 1 3 110.172 110.824
2 4 3 110.172 110.335
2 2 3 110.498 110.824
2 4 3 110.498 110.661
2 3 3 110.824 111.15
1 4 3 110.824 110.824
2 2 3 111.15 111.313
1 1 3 111.15 111.15
2 1 3 111.476 111.639
2 4 3 111.476 111.802
2 1 3 111.802 112.128
2 2 3 111.965 112.291
2 4 3 112.128 112.617
2 3 3 112.128 112.617
2 1 3 112.454 112.617
2 4 3 112.78 113.433
2 1 3 112.78 112.943
2 3 3 113.106 113.433
2 1 3 113.106 113.27
1 1 3 113.433 113.433
2 2 3 113.433 113.759
2 3 3 113.759 113.922
1 4 3 113.759 113.759
2 1 3 114.085 114.737
2 4 3 114.085 114.248
2 2 3 114.411 114.737
2 4 3 114.411 114.574
1 4 3 114.737 114.737
2 3 3 114.737 115.063
2 2 3 115.063 115.226
1 1 3 115.063 115.063
2 4 3 115.389 116.041
2 1 3 115.389 115.552
2 3 3 115.715 116.041
2 1 3 115.715 115.878
1 1 3 116.041 116.041
2 2 3 116.041 116.367
2 3 3 116.367 116.53
1 4 3 116.367 116.367
1 2 3 116.53 116.53
2 4 3 116.693 116.856
2 1 3 116.693 117.02
2 4 3 117.02 117.346
2 3 3 117.183 117.509
2 1 3 117.346 117.835
2 2 3 117.346 117.835
2 4 3 117.672 117.835
1 1 3 117.998 117.998
1 3 3 117.998 117.998
2 4 3 117.998 118.324
2 2 3 118.161 118.487
2 3 3 118.324 118.65
2 1 3 118.65 119.302
2 4 3 118.65 118.976
2 2 3 118.976 119.302
1 4 3 119.302 119.302
2 3 3 119.302 119.954
2 2 3 119.628 119.954
2 1 3 119.954 120.28
2 4 3 119.954 120.606
2 3 3 120.28 120.606
2 2 3 120.606 121.259
1 1 3 120.606 120.606
2 3 3 120.933 121.259
1 4 3 121.259 121.259
2 1 3 121.259 121.585
1 2 3 121.585 121.585
2 1 3 121.911 122.4
2 4 3 121.911 122.074
2 2 3 122.237 122.563
2 3 3 122.4 122.726
2 4 3 122.563 123.215
2 1 3 122.563 122.726
2 3 3 122.889 123.215
1 2 3 123.215 123.215
2 1 3 123.215 123.867
2 4 3 123.541 123.867
2 2 3 123.867 124.52
2 3 3 123.867 124.193
2 1 3 124.193 124.52
1 3 3 124.52 124.52
2 4 3 124.52 125.172
2 1 3 124.846 125.172
2 3 3 125.172 125.824
2 2 3 125.172 125.498
2 4 3 125.498 125.824
2 1 3 125.824 126.476
1 2 3 125.824 125.824
2 4 3 126.15 126.476
2 2 3 126.476 126.802
1 3 3 126.802 126.802
1 2 3 126.965 126.965
1 1 3 127.128 127.128
1 4 3 127.128 127.128
1 4 3 127.454 127.454
1 2 3 127.78 127.78
1 1 3 127.78 127.78
1 2 3 128.106 128.106
1 1 3 128.433 128.433
2 4 3 128.433 129.085
2 2 3 129.085 129.737
2 3 3 129.737 130.063
2 1 3 130.063 130.226
2 4 3 130.226 130.389
2 2 3 130.389 131.041
2 3 3 130.715 131.041
