2 1 3 2.176 2.862
1 2 3 2.348 2.348
1 3 3 2.519 2.519
1 4 3 2.691 2.691
2 2 3 2.862 3.033
2 3 3 3.033 3.205
2 4 3 3.205 3.548
2 3 3 3.548 3.891
1 1 3 3.719 3.719
2 2 3 3.891 4.062
2 1 3 4.062 4.405
2 4 3 4.405 4.576
2 1 3 4.576 4.748
2 2 3 4.748 4.919
2 3 3 4.919 5.605
1 1 3 5.091 5.091
1 2 3 5.262 5.262
1 4 3 5.433 5.433
2 1 3 5.605 5.776
2 2 3 5.776 5.948
2 3 3 5.948 6.119
2 4 3 6.119 6.291
2 3 3 6.291 6.633
1 2 3 6.462 6.462
2 1 3 6.633 6.719
2 1 3 6.805 7.491
2 2 3 7.491 7.662
2 3 3 7.662 8.348
1 4 3 7.833 7.833
1 1 3 8.005 8.005
1 2 3 8.176 8.176
2 4 3 8.348 8.519
2 1 3 8.519 8.691
2 3 3 8.691 8.862
2 2 3 8.862 9.033
2 1 3 9.033 9.719
1 2 3 9.205 9.205
1 3 3 9.376 9.376
1 4 3 9.548 9.548
2 2 3 9.719 10.062
2 3 3 10.062 10.405
2 4 3 10.405 10.748
1 2 3 10.576 10.576
2 1 3 10.748 10.919
2 3 3 10.919 11.262
2 4 3 11.262 11.776
2 3 3 11.776 12.462
1 1 3 11.948 11.948
1 2 3 12.119 12.119
1 4 3 12.291 12.291
2 2 3 12.462 13.148
2 3 3 12.805 13.148
2 1 3 13.148 13.833
1 4 3 13.148 13.148
1 4 3 13.491 13.491
1 3 3 13.491 13.491
2 2 3 13.833 14.005
2 3 3 14.005 14.176
2 4 3 14.176 14.519
1 1 3 14.176 14.176
2 3 3 14.519 14.862
2 2 3 14.862 15.033
1 4 3 14.862 14.862
2 1 3 15.033 15.376
1 3 3 15.205 15.205
2 4 3 15.376 15.548
2 1 3 15.548 15.719
1 3 3 15.548 15.548
2 2 3 15.719 15.891
2 3 3 15.891 16.576
1 2 3 16.233 16.233
1 4 3 16.233 16.233
2 1 3 16.576 16.748
2 2 3 16.748 16.919
2 3 3 16.919 17.091
1 1 3 16.919 16.919
2 4 3 17.091 17.262
2 3 3 17.262 17.605
2 1 3 17.605 17.691
1 4 3 17.605 17.605
2 1 3 17.776 18.462
1 3 3 17.948 17.948
1 4 3 18.291 18.291
1 3 3 18.291 18.291
2 2 3 18.462 18.633
2 3 3 18.633 19.319
1 4 3 18.633 18.633
1 1 3 18.976 18.976
1 2 3 18.976 18.976
2 4 3 19.319 19.491
2 1 3 19.491 19.662
2 3 3 19.662 19.833
1 4 3 19.662 19.662
2 2 3 19.833 20.005
2 1 3 20.005 20.691
1 3 3 20.348 20.348
1 4 3 20.348 20.348
2 2 3 20.691 21.033
2 3 3 21.033 21.376
1 1 3 21.033 21.033
2 4 3 21.376 21.719
1 3 3 21.548 21.548
2 1 3 21.719 21.891
1 2 3 21.719 21.719
2 3 3 21.891 22.233
1 2 3 22.062 22.062
2 4 3 22.233 22.748
1 3 3 22.405 22.405
1 1 3 22.405 22.405
1 2 3 22.576 22.576
1 1 3 22.748 22.748
1 2 3 22.833 22.833
1 3 3 22.919 22.919
1 4 3 23.005 23.005
1 1 3 23.091 23.091
1 2 3 23.091 23.091
1 3 3 23.176 23.176
1 4 3 23.262 23.262
1 1 3 23.348 23.348
1 4 3 23.433 23.433
1 3 3 23.519 23.519
1 2 3 23.605 23.605
1 1 3 23.691 23.691
1 3 3 23.776 23.776
1 4 3 23.776 23.776
1 2 3 23.862 23.862
1 1 3 23.948 23.948
1 4 3 24.033 24.033
1 2 3 24.119 24.119
1 3 3 24.291 24.291
1 4 3 24.376 24.376
1 2 3 24.462 24.462
1 1 3 24.633 24.633
1 4 3 24.805 24.805
1 2 3 24.891 24.891
1 3 3 24.976 24.976
2 2 3 25.148 25.491
1 4 3 25.233 25.233
1 1 3 25.405 25.405
2 3 3 25.491 25.662
1 4 3 25.491 25.491
2 2 3 25.662 25.833
2 4 3 25.833 26.005
1 1 3 25.833 25.833
2 3 3 26.005 26.348
2 2 3 26.348 26.519
2 4 3 26.519 26.691
1 1 3 26.519 26.519
2 2 3 26.691 26.862
2 1 3 26.862 27.719
1 3 3 27.205 27.205
1 4 3 27.205 27.205
1 2 3 27.462 27.462
1 3 3 27.462 27.462
1 4 3 27.633 27.633
2 3 3 27.719 27.891
2 4 3 27.891 28.062
1 2 3 27.891 27.891
2 1 3 28.062 28.233
2 3 3 28.233 28.576
2 2 3 28.576 28.748
1 1 3 28.576 28.576
2 4 3 28.748 29.091
2 3 3 29.091 29.262
2 1 3 29.262 29.433
1 4 3 29.262 29.262
2 3 3 29.433 29.605
2 2 3 29.605 30.119
1 3 3 29.948 29.948
1 4 3 29.948 29.948
2 1 3 30.119 30.205
2 1 3 30.291 30.976
1 4 3 30.376 30.376
1 3 3 30.462 30.462
1 2 3 30.633 30.633
1 4 3 30.633 30.633
1 4 3 30.891 30.891
1 2 3 30.976 30.976
2 3 3 30.976 31.148
2 2 3 31.148 31.319
2 4 3 31.319 31.491
1 1 3 31.319 31.319
2 3 3 31.491 31.833
2 2 3 31.833 32.005
2 1 3 32.005 32.176
1 4 3 32.005 32.005
2 3 3 32.176 32.348
2 4 3 32.348 33.205
1 3 3 32.691 32.691
1 2 3 32.691 32.691
1 2 3 32.948 32.948
1 1 3 32.948 32.948
1 2 3 33.119 33.119
2 3 3 33.205 33.376
2 2 3 33.376 33.548
1 4 3 33.376 33.376
2 1 3 33.548 33.719
2 3 3 33.719 34.062
2 2 3 34.062 34.233
1 1 3 34.062 34.062
2 4 3 34.233 34.576
2 3 3 34.576 34.748
2 1 3 34.748 34.919
1 2 3 34.748 34.748
2 3 3 34.919 35.091
2 4 3 35.091 35.605
1 3 3 35.433 35.433
1 1 3 35.433 35.433
2 2 3 35.605 35.691
2 2 3 35.776 36.462
1 4 3 35.862 35.862
1 3 3 35.948 35.948
1 4 3 36.119 36.119
1 1 3 36.119 36.119
1 4 3 36.376 36.376
1 1 3 36.462 36.462
2 3 3 36.462 36.633
2 2 3 36.633 36.805
2 4 3 36.805 36.976
1 1 3 36.805 36.805
2 3 3 36.976 37.319
2 2 3 37.319 37.491
2 4 3 37.491 37.662
1 1 3 37.491 37.491
2 2 3 37.662 37.833
2 1 3 37.833 38.691
1 3 3 38.176 38.176
1 4 3 38.176 38.176
1 2 3 38.433 38.433
1 3 3 38.433 38.433
1 4 3 38.605 38.605
2 3 3 38.691 38.862
2 4 3 38.862 39.033
1 2 3 38.862 38.862
2 1 3 39.033 39.205
2 3 3 39.205 39.548
2 2 3 39.548 39.719
1 1 3 39.548 39.548
2 4 3 39.719 40.062
2 3 3 40.062 40.233
2 1 3 40.233 40.405
1 4 3 40.233 40.233
2 3 3 40.405 40.576
2 2 3 40.576 41.091
1 3 3 40.919 40.919
1 4 3 40.919 40.919
2 1 3 41.091 41.176
2 1 3 41.262 41.948
1 4 3 41.348 41.348
1 3 3 41.433 41.433
1 4 3 41.605 41.605
1 2 3 41.605 41.605
1 4 3 41.862 41.862
1 2 3 41.948 41.948
2 3 3 41.948 42.119
2 2 3 42.119 42.291
2 4 3 42.291 42.462
1 1 3 42.291 42.291
2 3 3 42.462 42.805
2 2 3 42.805 42.976
2 1 3 42.976 43.148
1 4 3 42.976 42.976
2 3 3 43.148 43.319
2 4 3 43.319 44.176
1 2 3 43.662 43.662
1 3 3 43.662 43.662
1 2 3 43.919 43.919
1 1 3 43.919 43.919
1 2 3 44.091 44.091
2 3 3 44.176 44.348
2 2 3 44.348 44.519
1 4 3 44.348 44.348
2 1 3 44.519 44.691
2 3 3 44.691 45.033
2 2 3 45.033 45.205
1 1 3 45.033 45.033
2 4 3 45.205 45.548
2 3 3 45.548 45.719
2 1 3 45.719 45.891
1 2 3 45.719 45.719
2 3 3 45.891 46.062
2 4 3 46.062 46.576
1 3 3 46.405 46.405
1 1 3 46.405 46.405
2 2 3 46.576 46.662
2 2 3 46.748 47.433
1 4 3 46.833 46.833
1 3 3 46.919 46.919
1 4 3 47.091 47.091
1 1 3 47.091 47.091
1 3 3 47.348 47.348
2 4 3 47.433 47.776
2 1 3 47.433 47.776
1 3 3 47.776 47.776
1 2 3 47.776 47.776
1 3 3 47.948 47.948
1 2 3 47.948 47.948
1 4 3 48.119 48.119
1 1 3 48.119 48.119
1 2 3 48.205 48.205
1 3 3 48.291 48.291
1 4 3 48.376 48.376
1 1 3 48.462 48.462
1 2 3 48.548 48.548
1 4 3 48.633 48.633
1 3 3 48.719 48.719
2 2 3 48.805 49.148
2 1 3 48.976 49.148
1 4 3 49.148 49.148
1 2 3 49.233 49.233
1 3 3 49.319 49.319
1 1 3 49.405 49.405
1 4 3 49.491 49.491
2 3 3 49.491 49.662
2 2 3 49.662 49.833
2 3 3 49.833 50.005
2 2 3 50.005 50.176
2 1 3 50.176 50.519
2 4 3 50.176 50.519
1 3 3 50.519 50.519
1 2 3 50.519 50.519
1 3 3 50.691 50.691
1 2 3 50.691 50.691
1 4 3 50.862 50.862
1 1 3 50.862 50.862
1 2 3 50.948 50.948
1 3 3 51.033 51.033
1 2 3 51.119 51.119
1 4 3 51.205 51.205
1 3 3 51.291 51.291
1 2 3 51.376 51.376
1 3 3 51.462 51.462
1 1 3 51.548 51.548
1 4 3 51.633 51.633
1 1 3 51.719 51.719
1 4 3 51.805 51.805
1 2 3 51.891 51.891
1 3 3 51.976 51.976
1 2 3 52.062 52.062
1 3 3 52.148 52.148
1 1 3 52.233 52.233
2 2 3 52.233 52.576
2 4 3 52.405 52.576
2 3 3 52.576 52.919
2 2 3 52.748 52.919
2 4 3 52.919 53.262
2 1 3 52.919 53.262
1 3 3 53.262 53.262
1 2 3 53.262 53.262
1 3 3 53.433 53.433
1 2 3 53.433 53.433
1 4 3 53.605 53.605
1 1 3 53.605 53.605
1 2 3 53.691 53.691
1 3 3 53.776 53.776
1 4 3 53.862 53.862
1 1 3 53.948 53.948
1 2 3 54.033 54.033
1 4 3 54.119 54.119
1 3 3 54.205 54.205
2 2 3 54.291 54.633
2 1 3 54.462 54.633
1 4 3 54.633 54.633
1 2 3 54.719 54.719
1 3 3 54.805 54.805
1 1 3 54.891 54.891
1 4 3 54.976 54.976
2 3 3 54.976 55.148
2 2 3 55.148 55.319
2 3 3 55.319 55.491
2 2 3 55.491 55.662
2 1 3 55.662 56.005
2 4 3 55.662 56.005
1 3 3 56.005 56.005
1 2 3 56.005 56.005
1 3 3 56.176 56.176
1 2 3 56.176 56.176
1 4 3 56.348 56.348
1 1 3 56.348 56.348
1 2 3 56.433 56.433
1 3 3 56.519 56.519
1 2 3 56.605 56.605
1 4 3 56.691 56.691
1 3 3 56.776 56.776
1 2 3 56.862 56.862
1 3 3 56.948 56.948
2 1 3 57.033 57.205
2 2 3 57.205 57.376
2 3 3 57.376 57.548
2 4 3 57.548 57.719
1 3 3 57.719 57.719
2 1 3 57.719 57.891
2 2 3 57.891 58.062
2 3 3 58.062 58.233
2 4 3 58.233 58.405
1 1 3 58.405 58.405
1 2 3 58.405 58.405
1 4 3 58.491 58.491
1 3 3 58.576 58.576
1 4 3 58.662 58.662
2 2 3 58.748 59.091
2 1 3 58.748 59.091
2 4 3 59.091 59.433
2 3 3 59.091 59.776
2 2 3 59.433 59.776
2 4 3 59.776 59.948
2 1 3 59.948 60.119
1 3 3 60.119 60.119
1 4 3 60.205 60.205
1 3 3 60.291 60.291
1 4 3 60.376 60.376
1 2 3 60.462 60.462
1 3 3 60.548 60.548
1 2 3 60.633 60.633
1 3 3 60.719 60.719
1 1 3 60.805 60.805
1 2 3 60.891 60.891
1 1 3 60.976 60.976
1 2 3 61.062 61.062
2 4 3 61.148 61.491
2 3 3 61.148 61.491
1 1 3 61.491 61.491
1 2 3 61.491 61.491
1 3 3 61.662 61.662
1 2 3 61.662 61.662
1 1 3 61.833 61.833
2 4 3 61.833 62.176
2 3 3 62.176 62.348
1 2 3 62.348 62.348
1 1 3 62.519 62.519
1 2 3 62.605 62.605
1 3 3 62.691 62.691
1 4 3 62.776 62.776
1 1 3 62.862 62.862
1 1 3 63.033 63.033
1 4 3 63.205 63.205
1 1 3 63.205 63.205
1 1 3 63.376 63.376
2 4 3 63.548 63.891
2 3 3 63.548 63.891
2 2 3 63.891 64.233
2 1 3 63.891 64.233
2 3 3 64.062 64.233
1 4 3 64.233 64.233
1 2 3 64.319 64.319
1 3 3 64.405 64.405
1 1 3 64.491 64.491
2 4 3 64.576 64.919
2 3 3 64.576 64.919
2 2 3 65.091 65.262
2 4 3 65.262 65.433
1 1 3 65.433 65.433
1 2 3 65.519 65.519
2 3 3 65.605 65.776
2 1 3 65.776 65.948
1 4 3 65.948 65.948
2 3 3 65.948 66.033
2 3 3 66.119 66.205
1 3 3 66.291 66.291
1 2 3 66.376 66.376
1 3 3 66.462 66.462
1 2 3 66.548 66.548
2 4 3 66.633 66.976
2 1 3 66.633 66.976
1 3 3 66.976 66.976
1 2 3 66.976 66.976
1 3 3 67.148 67.148
1 2 3 67.148 67.148
1 1 3 67.319 67.319
2 4 3 67.319 67.662
2 3 3 67.491 67.662
2 2 3 67.662 68.005
2 1 3 67.833 68.005
2 4 3 68.005 68.348
2 3 3 68.005 68.348
1 3 3 68.519 68.519
1 4 3 68.691 68.691
1 3 3 68.691 68.691
1 2 3 68.862 68.862
1 2 3 69.033 69.033
1 1 3 69.033 69.033
1 4 3 69.205 69.205
1 3 3 69.291 69.291
2 2 3 69.376 69.719
2 3 3 69.719 69.891
2 4 3 69.891 70.233
2 1 3 70.233 70.405
2 2 3 70.405 70.748
2 1 3 70.748 71.091
2 1 3 71.776 72.119
2 3 3 72.119 72.462
2 2 3 72.462 72.633
2 4 3 72.633 73.148
2 3 3 73.148 73.319
2 2 3 73.319 73.491
2 4 3 73.491 73.833
2 1 3 74.519 74.691
2 2 3 74.691 74.862
1 4 3 74.862 74.862
2 3 3 74.862 75.205
2 2 3 75.205 75.376
2 1 3 75.376 75.719
2 2 3 75.719 75.891
2 3 3 75.891 76.233
1 1 3 76.233 76.233
2 4 3 76.233 76.576
2 4 3 77.262 77.605
2 1 3 77.605 77.948
1 3 3 77.605 77.605
2 2 3 77.948 78.119
2 3 3 78.119 78.633
1 1 3 78.291 78.291
1 2 3 78.291 78.291
2 4 3 78.633 78.976
2 1 3 78.976 79.491
1 2 3 78.976 78.976
1 4 3 79.148 79.148
1 3 3 79.233 79.233
1 2 3 79.319 79.319
2 4 3 79.491 79.576
2 4 3 79.662 80.005
1 2 3 79.833 79.833
2 1 3 80.005 80.348
1 3 3 80.091 80.091
1 3 3 80.262 80.262
2 2 3 80.348 80.948
1 4 3 80.348 80.348
1 4 3 80.691 80.691
1 3 3 80.691 80.691
2 2 3 81.033 81.205
2 3 3 81.205 81.376
2 4 3 81.376 81.719
1 1 3 81.376 81.376
2 3 3 81.719 82.062
2 2 3 82.062 82.233
1 4 3 82.062 82.062
2 1 3 82.233 82.576
1 2 3 82.319 82.319
1 3 3 82.491 82.491
2 4 3 82.576 82.748
2 1 3 82.748 82.919
1 3 3 82.748 82.748
2 2 3 82.919 83.091
2 3 3 83.091 83.776
1 2 3 83.433 83.433
1 4 3 83.433 83.433
2 1 3 83.776 83.948
2 2 3 83.948 84.119
2 3 3 84.119 84.291
1 1 3 84.119 84.119
2 4 3 84.291 84.462
2 3 3 84.462 84.805
2 1 3 84.805 84.891
1 4 3 84.805 84.805
2 1 3 84.976 85.662
1 4 3 85.233 85.233
1 3 3 85.319 85.319
1 4 3 85.491 85.491
1 2 3 85.491 85.491
2 2 3 85.662 85.833
1 4 3 85.748 85.748
2 3 3 85.833 86.519
1 1 3 85.833 85.833
1 1 3 86.176 86.176
1 2 3 86.176 86.176
2 4 3 86.519 86.691
2 1 3 86.691 86.862
2 3 3 86.862 87.033
1 4 3 86.862 86.862
2 2 3 87.033 87.205
2 1 3 87.205 87.891
1 3 3 87.548 87.548
1 4 3 87.548 87.548
1 3 3 87.805 87.805
2 2 3 87.891 88.233
1 3 3 87.976 87.976
1 4 3 88.062 88.062
2 3 3 88.233 88.576
1 1 3 88.233 88.233
2 4 3 88.576 88.919
2 1 3 88.919 89.091
1 2 3 88.919 88.919
2 3 3 89.091 89.433
2 4 3 89.433 89.776
1 3 3 89.605 89.605
1 1 3 89.605 89.605
2 4 3 89.948 90.633
1 3 3 90.291 90.291
1 2 3 90.291 90.291
2 1 3 90.633 91.319
1 3 3 90.719 90.719
1 4 3 90.805 90.805
1 3 3 90.976 90.976
1 2 3 90.976 90.976
1 4 3 91.233 91.233
2 2 3 91.319 91.919
1 3 3 91.319 91.319
1 4 3 91.662 91.662
1 3 3 91.662 91.662
2 2 3 92.005 92.176
2 3 3 92.176 92.348
2 4 3 92.348 92.691
1 1 3 92.348 92.348
2 3 3 92.691 93.033
2 2 3 93.033 93.205
1 4 3 93.033 93.033
2 1 3 93.205 93.548
1 2 3 93.291 93.291
1 3 3 93.462 93.462
2 4 3 93.548 93.719
2 1 3 93.719 93.891
1 3 3 93.719 93.719
2 2 3 93.891 94.062
2 3 3 94.062 94.748
1 2 3 94.405 94.405
1 4 3 94.405 94.405
2 1 3 94.748 94.919
2 2 3 94.919 95.091
2 3 3 95.091 95.262
1 1 3 95.091 95.091
2 4 3 95.262 95.433
2 3 3 95.433 95.776
2 1 3 95.776 95.862
1 4 3 95.776 95.776
2 1 3 95.948 96.633
1 4 3 96.205 96.205
1 3 3 96.291 96.291
1 4 3 96.462 96.462
1 2 3 96.462 96.462
2 2 3 96.633 96.805
1 4 3 96.719 96.719
2 3 3 96.805 97.491
1 1 3 96.805 96.805
1 1 3 97.148 97.148
1 2 3 97.148 97.148
2 4 3 97.491 97.662
2 1 3 97.662 97.833
2 3 3 97.833 98.005
1 4 3 97.833 97.833
2 2 3 98.005 98.176
2 1 3 98.176 98.862
1 3 3 98.519 98.519
1 4 3 98.519 98.519
1 3 3 98.776 98.776
2 2 3 98.862 99.205
1 3 3 98.948 98.948
1 4 3 99.033 99.033
2 3 3 99.205 99.548
1 1 3 99.205 99.205
2 4 3 99.548 99.891
2 1 3 99.891 100.062
1 2 3 99.891 99.891
2 3 3 100.062 100.405
2 4 3 100.405 100.833
1 3 3 100.576 100.576
1 1 3 100.576 100.576
2 4 3 100.919 101.605
1 3 3 101.262 101.262
1 2 3 101.262 101.262
2 1 3 101.605 102.291
1 3 3 101.691 101.691
1 4 3 101.776 101.776
1 3 3 101.948 101.948
1 2 3 101.948 101.948
1 4 3 102.205 102.205
2 3 3 102.291 105.033
1 2 3 102.633 102.633
1 1 3 102.633 102.633
1 2 3 102.976 102.976
1 4 3 103.148 103.148
1 2 3 103.319 103.319
1 1 3 103.319 103.319
1 2 3 103.662 103.662
1 4 3 103.833 103.833
1 2 3 104.005 104.005
1 1 3 104.005 104.005
1 2 3 104.348 104.348
1 4 3 104.519 104.519
1 2 3 104.691 104.691
1 1 3 104.691 104.691
1 4 3 105.033 105.033
1 1 3 105.033 105.033
1 2 3 105.205 105.205
1 3 3 105.376 105.376
1 4 3 105.376 105.376
1 1 3 105.548 105.548
1 2 3 105.633 105.633
1 4 3 105.719 105.719
1 2 3 105.891 105.891
1 3 3 106.062 106.062
1 4 3 106.062 106.062
1 2 3 106.233 106.233
1 1 3 106.319 106.319
1 3 3 106.405 106.405
1 2 3 106.576 106.576
1 1 3 106.748 106.748
1 4 3 106.748 106.748
1 2 3 106.919 106.919
1 3 3 107.005 107.005
1 4 3 107.091 107.091
1 2 3 107.262 107.262
1 4 3 107.433 107.433
1 1 3 107.433 107.433
1 3 3 107.605 107.605
1 4 3 107.691 107.691
1 1 3 107.776 107.776
1 2 3 107.819 107.819
1 3 3 107.948 107.948
1 4 3 108.119 108.119
1 1 3 108.119 108.119
1 3 3 108.291 108.291
1 2 3 108.376 108.376
1 4 3 108.462 108.462
1 3 3 108.633 108.633
1 2 3 108.805 108.805
1 1 3 108.805 108.805
1 4 3 108.976 108.976
1 1 3 109.062 109.062
1 2 3 109.148 109.148
1 3 3 109.319 109.319
1 4 3 109.491 109.491
1 1 3 109.491 109.491
1 2 3 109.662 109.662
1 4 3 109.748 109.748
1 3 3 109.833 109.833
1 2 3 110.005 110.005
1 4 3 110.176 110.176
1 1 3 110.176 110.176
1 2 3 110.348 110.348
1 1 3 110.433 110.433
1 4 3 110.519 110.519
1 3 3 110.519 110.519
1 2 3 110.691 110.691
1 4 3 110.862 110.862
1 1 3 110.862 110.862
1 3 3 111.033 111.033
1 2 3 111.119 111.119
1 4 3 111.205 111.205
1 3 3 111.376 111.376
1 2 3 111.548 111.548
1 1 3 111.548 111.548
1 4 3 111.719 111.719
1 3 3 111.805 111.805
1 2 3 111.891 111.891
1 1 3 112.062 112.062
1 2 3 112.233 112.233
1 4 3 112.233 112.233
1 3 3 112.405 112.405
1 1 3 112.491 112.491
1 2 3 112.576 112.576
1 4 3 112.748 112.748
1 2 3 112.919 112.919
1 1 3 112.919 112.919
1 4 3 113.005 113.005
1 3 3 113.091 113.091
1 2 3 113.176 113.176
1 4 3 113.262 113.262
1 1 3 113.262 113.262
