1 1 3 1.382 1.382
1 2 3 1.382 1.382
1 4 3 1.554 1.554
1 1 3 1.726 1.726
1 2 3 1.726 1.726
1 4 3 1.899 1.899
1 1 3 2.071 2.071
1 2 3 2.071 2.071
1 3 3 2.244 2.244
1 1 3 2.416 2.416
1 2 3 2.416 2.416
1 1 3 2.761 2.761
1 2 3 2.761 2.761
1 3 3 2.933 2.933
1 1 3 3.106 3.106
1 2 3 3.106 3.106
1 3 3 3.278 3.278
1 1 3 3.45 3.45
1 2 3 3.45 3.45
1 4 3 3.623 3.623
1 1 3 3.795 3.795
1 2 3 3.795 3.795
1 1 3 4.14 4.14
1 2 3 4.14 4.14
1 4 3 4.313 4.313
1 2 3 4.485 4.485
1 1 3 4.485 4.485
1 3 3 4.657 4.657
1 2 3 4.83 4.83
1 1 3 4.83 4.83
1 4 3 5.002 5.002
1 2 3 5.175 5.175
1 1 3 5.175 5.175
1 2 3 5.519 5.519
1 1 3 5.519 5.519
1 3 3 5.692 5.692
1 2 3 5.864 5.864
1 1 3 5.864 5.864
1 2 3 6.209 6.209
1 1 3 6.209 6.209
1 4 3 6.382 6.382
2 1 3 6.554 6.899
1 3 3 6.899 6.899
1 4 3 6.899 6.899
1 2 3 7.071 7.071
1 3 3 7.244 7.244
1 4 3 7.244 7.244
1 2 3 7.416 7.416
1 4 3 7.588 7.588
1 3 3 7.588 7.588
1 1 3 7.761 7.761
1 3 3 7.933 7.933
1 4 3 7.933 7.933
1 3 3 8.278 8.278
1 4 3 8.278 8.278
1 1 3 8.45 8.45
1 3 3 8.623 8.623
1 4 3 8.623 8.623
1 1 3 8.795 8.795
1 3 3 8.968 8.968
1 4 3 8.968 8.968
1 2 3 9.14 9.14
1 3 3 9.313 9.313
1 4 3 9.313 9.313
1 1 3 9.485 9.485
1 2 3 9.485 9.485
1 3 3 9.657 9.657
1 4 3 9.657 9.657
1 1 3 9.83 9.83
1 4 3 10.002 10.002
1 3 3 10.002 10.002
1 2 3 10.175 10.175
1 4 3 10.347 10.347
1 3 3 10.347 10.347
1 1 3 10.519 10.519
1 4 3 10.692 10.692
1 3 3 10.692 10.692
1 2 3 10.864 10.864
1 4 3 11.037 11.037
1 3 3 11.382 11.382
1 2 3 11.726 11.726
2 4 3 12.071 12.416
1 1 3 12.071 12.071
1 2 3 12.416 12.416
1 1 3 12.416 12.416
1 3 3 12.588 12.588
1 2 3 12.761 12.761
1 1 3 12.761 12.761
1 3 3 12.933 12.933
1 2 3 13.106 13.106
1 1 3 13.106 13.106
1 4 3 13.278 13.278
1 1 3 13.45 13.45
1 2 3 13.45 13.45
1 2 3 13.795 13.795
1 1 3 13.795 13.795
1 4 3 13.968 13.968
1 2 3 14.14 14.14
1 1 3 14.14 14.14
1 4 3 14.313 14.313
1 1 3 14.485 14.485
1 2 3 14.485 14.485
1 3 3 14.657 14.657
1 2 3 14.83 14.83
1 1 3 14.83 14.83
1 3 3 15.002 15.002
1 4 3 15.002 15.002
1 2 3 15.175 15.175
1 1 3 15.175 15.175
1 4 3 15.347 15.347
1 2 3 15.519 15.519
1 1 3 15.519 15.519
1 3 3 15.692 15.692
1 2 3 15.864 15.864
1 1 3 15.864 15.864
1 4 3 16.037 16.037
1 2 3 16.209 16.209
1 1 3 16.209 16.209
1 2 3 16.554 16.554
1 1 3 16.554 16.554
1 3 3 16.726 16.726
1 2 3 16.899 16.899
1 1 3 16.899 16.899
2 4 3 17.244 17.588
2 1 3 17.588 17.761
2 2 3 17.761 17.933
1 3 3 17.933 17.933
1 4 3 17.933 17.933
1 1 3 18.106 18.106
1 3 3 18.278 18.278
1 4 3 18.278 18.278
1 2 3 18.45 18.45
1 3 3 18.623 18.623
1 4 3 18.623 18.623
1 1 3 18.795 18.795
1 3 3 18.968 18.968
1 4 3 18.968 18.968
1 2 3 19.14 19.14
1 4 3 19.313 19.313
1 1 3 19.313 19.313
1 3 3 19.485 19.485
1 2 3 19.657 19.657
1 1 3 19.657 19.657
1 4 3 19.83 19.83
1 2 3 20.002 20.002
1 1 3 20.002 20.002
1 3 3 20.175 20.175
1 2 3 20.347 20.347
1 1 3 20.347 20.347
1 4 3 20.519 20.519
1 2 3 20.692 20.692
1 1 3 20.692 20.692
1 3 3 20.95 20.95
1 4 3 20.95 20.95
1 2 3 21.209 21.209
1 1 3 21.209 21.209
1 1 3 21.382 21.382
1 4 3 21.382 21.382
1 3 3 21.554 21.554
1 4 3 21.554 21.554
1 1 3 21.726 21.726
1 2 3 21.726 21.726
1 3 3 21.899 21.899
2 4 3 22.071 22.244
1 1 3 22.071 22.071
2 3 3 22.244 22.416
2 1 3 22.416 22.588
2 2 3 22.588 22.761
2 4 3 22.761 22.933
2 1 3 22.933 23.106
1 3 3 23.106 23.106
2 2 3 23.106 23.278
1 1 3 23.45 23.45
1 4 3 23.45 23.45
1 2 3 23.795 23.795
1 1 3 23.795 23.795
1 2 3 24.14 24.14
1 3 3 24.14 24.14
1 3 3 24.485 24.485
1 4 3 24.485 24.485
1 4 3 24.83 24.83
1 1 3 24.83 24.83
1 2 3 25.175 25.175
1 3 3 25.175 25.175
1 4 3 25.519 25.519
1 2 3 25.519 25.519
1 1 3 25.864 25.864
1 3 3 25.864 25.864
1 2 3 26.209 26.209
1 3 3 26.209 26.209
1 4 3 26.554 26.554
1 2 3 26.554 26.554
1 4 3 26.899 26.899
1 1 3 26.899 26.899
1 1 3 27.244 27.244
1 3 3 27.244 27.244
1 2 3 27.588 27.588
1 3 3 27.588 27.588
1 1 3 27.761 27.761
1 2 3 27.847 27.847
1 4 3 27.933 27.933
1 3 3 27.933 27.933
1 4 3 28.106 28.106
1 3 3 28.192 28.192
1 1 3 28.278 28.278
1 2 3 28.278 28.278
1 1 3 28.45 28.45
1 4 3 28.623 28.623
1 4 3 28.795 28.795
1 2 3 28.968 28.968
1 1 3 28.968 28.968
1 1 3 29.313 29.313
1 4 3 29.313 29.313
1 4 3 29.657 29.657
1 3 3 29.657 29.657
1 4 3 30.002 30.002
1 1 3 30.002 30.002
1 3 3 30.175 30.175
1 2 3 30.347 30.347
1 1 3 30.347 30.347
1 2 3 30.692 30.692
1 1 3 30.692 30.692
1 3 3 31.037 31.037
1 4 3 31.037 31.037
1 2 3 31.209 31.209
1 4 3 31.382 31.382
1 1 3 31.382 31.382
1 3 3 31.554 31.554
1 2 3 31.726 31.726
1 1 3 31.726 31.726
1 3 3 31.899 31.899
1 4 3 31.899 31.899
1 1 3 32.071 32.071
1 2 3 32.071 32.071
1 3 3 32.244 32.244
1 4 3 32.244 32.244
1 2 3 32.416 32.416
1 1 3 32.416 32.416
1 3 3 32.588 32.588
1 4 3 32.588 32.588
2 1 3 32.761 32.933
2 2 3 32.933 33.106
2 4 3 33.106 33.45
1 3 3 33.45 33.45
1 2 3 33.623 33.623
1 4 3 33.795 33.795
1 1 3 33.968 33.968
2 4 3 34.14 34.313
1 2 3 34.485 34.485
1 1 3 34.485 34.485
1 3 3 34.657 34.657
1 4 3 34.83 34.83
1 2 3 35.002 35.002
1 4 3 35.175 35.175
1 1 3 35.175 35.175
1 3 3 35.347 35.347
1 2 3 35.519 35.519
1 1 3 35.519 35.519
1 4 3 35.692 35.692
1 1 3 35.864 35.864
1 2 3 36.037 36.037
1 3 3 36.209 36.209
1 4 3 36.209 36.209
1 2 3 36.382 36.382
1 4 3 36.554 36.554
1 1 3 36.554 36.554
1 3 3 36.726 36.726
1 2 3 36.899 36.899
1 1 3 37.071 37.071
1 3 3 37.244 37.244
1 4 3 37.244 37.244
1 2 3 37.416 37.416
1 1 3 37.588 37.588
1 3 3 37.761 37.761
1 4 3 37.933 37.933
1 1 3 37.933 37.933
1 2 3 38.106 38.106
1 3 3 38.278 38.278
1 2 3 38.45 38.45
1 1 3 38.45 38.45
1 4 3 38.623 38.623
1 3 3 38.795 38.795
1 2 3 38.968 38.968
1 1 3 38.968 38.968
1 3 3 39.14 39.14
1 4 3 39.313 39.313
1 1 3 39.313 39.313
1 2 3 39.485 39.485
1 3 3 39.485 39.485
1 4 3 39.657 39.657
1 1 3 39.83 39.83
2 3 3 40.002 40.347
1 4 3 40.347 40.347
1 1 3 40.347 40.347
1 2 3 40.519 40.519
1 3 3 40.692 40.692
1 2 3 40.864 40.864
1 4 3 41.037 41.037
1 1 3 41.037 41.037
1 3 3 41.209 41.209
1 2 3 41.382 41.382
1 3 3 41.554 41.554
1 4 3 41.726 41.726
1 1 3 41.726 41.726
1 2 3 41.899 41.899
2 3 3 42.071 42.416
2 2 3 42.416 42.761
1 4 3 42.761 42.761
1 3 3 42.761 42.761
1 1 3 42.933 42.933
1 3 3 43.106 43.106
1 2 3 43.106 43.106
1 4 3 43.278 43.278
1 2 3 43.45 43.45
1 1 3 43.45 43.45
1 1 3 43.709 43.709
1 4 3 43.709 43.709
1 4 3 43.968 43.968
1 3 3 43.968 43.968
2 1 3 44.14 44.485
2 4 3 44.485 44.657
2 3 3 44.657 44.83
1 2 3 44.83 44.83
1 2 3 45.002 45.002
2 3 3 45.175 45.519
1 2 3 45.519 45.519
1 1 3 45.519 45.519
1 3 3 45.692 45.692
1 4 3 45.864 45.864
1 1 3 45.864 45.864
1 2 3 46.037 46.037
1 3 3 46.209 46.209
1 1 3 46.382 46.382
1 2 3 46.382 46.382
1 1 3 46.554 46.554
1 4 3 46.554 46.554
1 3 3 46.726 46.726
1 2 3 46.899 46.899
1 4 3 46.899 46.899
1 3 3 47.071 47.071
1 4 3 47.244 47.244
1 1 3 47.244 47.244
1 2 3 47.416 47.416
1 3 3 47.588 47.588
1 4 3 47.761 47.761
1 2 3 47.761 47.761
1 4 3 47.933 47.933
1 1 3 47.933 47.933
1 2 3 48.106 48.106
1 3 3 48.278 48.278
1 4 3 48.278 48.278
1 2 3 48.45 48.45
1 1 3 48.623 48.623
1 4 3 48.623 48.623
1 3 3 48.795 48.795
1 2 3 48.968 48.968
1 3 3 49.14 49.14
1 4 3 49.14 49.14
1 4 3 49.313 49.313
1 1 3 49.313 49.313
1 2 3 49.485 49.485
1 3 3 49.657 49.657
1 1 3 49.657 49.657
1 2 3 49.83 49.83
1 4 3 50.002 50.002
1 1 3 50.002 50.002
1 3 3 50.175 50.175
1 2 3 50.347 50.347
1 4 3 50.433 50.433
1 3 3 50.519 50.519
1 1 3 50.519 50.519
1 4 3 50.692 50.692
1 1 3 50.692 50.692
1 2 3 50.864 50.864
1 3 3 51.037 51.037
1 4 3 51.037 51.037
1 2 3 51.209 51.209
1 4 3 51.382 51.382
1 1 3 51.382 51.382
1 3 3 51.554 51.554
1 2 3 51.726 51.726
1 3 3 51.899 51.899
1 4 3 51.899 51.899
1 4 3 52.071 52.071
1 1 3 52.071 52.071
1 2 3 52.244 52.244
1 3 3 52.416 52.416
1 1 3 52.416 52.416
1 2 3 52.588 52.588
1 1 3 52.761 52.761
1 4 3 52.761 52.761
1 3 3 52.933 52.933
1 2 3 53.106 53.106
1 3 3 53.278 53.278
1 1 3 53.278 53.278
2 4 3 53.45 53.795
1 2 3 53.795 53.795
1 1 3 53.795 53.795
1 1 3 53.968 53.968
1 4 3 53.968 53.968
1 2 3 54.14 54.14
1 3 3 54.313 54.313
1 4 3 54.313 54.313
1 4 3 54.485 54.485
1 1 3 54.485 54.485
1 3 3 54.657 54.657
1 2 3 54.83 54.83
1 1 3 54.83 54.83
1 1 3 55.002 55.002
1 4 3 55.002 55.002
1 3 3 55.175 55.175
1 4 3 55.175 55.175
1 2 3 55.261 55.261
1 1 3 55.347 55.347
1 3 3 55.519 55.519
1 2 3 55.606 55.606
1 3 3 55.692 55.692
1 2 3 55.778 55.778
1 1 3 55.864 55.864
2 2 3 56.037 56.209
2 3 3 56.209 56.382
2 4 3 56.382 56.554
1 2 3 56.554 56.554
1 1 3 56.554 56.554
1 1 3 57.071 57.071
1 2 3 57.244 57.244
1 3 3 57.416 57.416
1 4 3 57.588 57.588
1 1 3 57.761 57.761
1 4 3 57.933 57.933
1 2 3 58.45 58.45
1 4 3 58.623 58.623
1 3 3 58.795 58.795
1 2 3 58.968 58.968
1 1 3 59.14 59.14
1 4 3 59.313 59.313
1 3 3 59.83 59.83
1 1 3 60.002 60.002
1 4 3 60.175 60.175
1 2 3 60.347 60.347
1 3 3 60.519 60.519
1 1 3 60.692 60.692
1 4 3 61.382 61.382
1 1 3 61.554 61.554
1 2 3 61.856 61.856
1 4 3 62.071 62.071
1 1 3 62.588 62.588
1 2 3 62.933 62.933
1 1 3 63.106 63.106
1 4 3 63.278 63.278
1 3 3 63.45 63.45
1 4 3 63.795 63.795
1 1 3 64.14 64.14
1 3 3 64.485 64.485
1 4 3 64.83 64.83
1 2 3 65.519 65.519
1 3 3 66.209 66.209
1 4 3 66.554 66.554
1 1 3 66.554 66.554
1 3 3 67.071 67.071
1 4 3 67.071 67.071
1 2 3 67.244 67.244
1 1 3 67.244 67.244
1 4 3 67.588 67.588
1 1 3 67.588 67.588
1 4 3 67.933 67.933
1 1 3 67.933 67.933
1 3 3 68.106 68.106
1 2 3 68.278 68.278
1 1 3 68.45 68.45
1 3 3 68.623 68.623
1 2 3 68.795 68.795
1 4 3 68.968 68.968
1 1 3 68.968 68.968
1 3 3 69.313 69.313
1 4 3 69.313 69.313
1 1 3 69.485 69.485
1 4 3 69.657 69.657
1 3 3 69.83 69.83
1 2 3 70.002 70.002
1 3 3 70.175 70.175
1 4 3 70.347 70.347
1 1 3 70.347 70.347
1 2 3 70.692 70.692
1 4 3 70.692 70.692
1 1 3 70.864 70.864
1 2 3 71.037 71.037
1 4 3 71.209 71.209
1 3 3 71.382 71.382
1 2 3 71.554 71.554
1 1 3 71.726 71.726
1 4 3 71.726 71.726
1 3 3 72.071 72.071
1 4 3 72.071 72.071
1 4 3 72.416 72.416
1 1 3 72.588 72.588
1 3 3 72.761 72.761
1 2 3 72.933 72.933
1 1 3 73.106 73.106
1 4 3 73.106 73.106
1 3 3 73.278 73.278
1 4 3 73.45 73.45
1 2 3 73.45 73.45
1 1 3 73.623 73.623
1 3 3 73.795 73.795
1 4 3 73.795 73.795
1 2 3 73.968 73.968
1 1 3 74.14 74.14
1 4 3 74.14 74.14
1 3 3 74.313 74.313
1 4 3 74.485 74.485
1 1 3 74.485 74.485
1 2 3 74.657 74.657
1 1 3 74.83 74.83
1 3 3 74.83 74.83
1 4 3 75.002 75.002
1 2 3 75.175 75.175
1 1 3 75.175 75.175
1 3 3 75.347 75.347
1 4 3 75.519 75.519
1 1 3 75.519 75.519
1 2 3 75.692 75.692
1 3 3 75.864 75.864
1 4 3 75.864 75.864
1 1 3 76.037 76.037
1 2 3 76.209 76.209
1 4 3 76.209 76.209
1 3 3 76.382 76.382
1 2 3 76.554 76.554
1 1 3 76.554 76.554
1 4 3 76.726 76.726
1 3 3 76.899 76.899
1 1 3 76.899 76.899
1 2 3 77.071 77.071
2 4 3 77.244 77.416
2 3 3 77.588 77.761
2 2 3 77.933 78.106
2 1 3 78.278 78.623
1 3 3 78.623 78.623
1 4 3 78.623 78.623
1 1 3 79.313 79.313
1 3 3 79.571 79.571
1 4 3 79.83 79.83
1 2 3 80.088 80.088
1 1 3 80.347 80.347
1 4 3 80.519 80.519
1 3 3 80.692 80.692
1 2 3 80.95 80.95
1 4 3 81.209 81.209
1 3 3 81.382 81.382
1 2 3 81.726 81.726
1 3 3 81.899 81.899
1 1 3 82.071 82.071
1 4 3 82.244 82.244
1 2 3 82.416 82.416
1 3 3 82.502 82.502
1 4 3 82.588 82.588
1 1 3 82.761 82.761
1 3 3 82.933 82.933
1 3 3 83.106 83.106
1 2 3 83.278 83.278
1 4 3 83.45 83.45
1 3 3 83.623 83.623
2 1 3 83.795 83.968
1 2 3 83.968 83.968
1 3 3 84.14 84.14
1 4 3 84.14 84.14
1 4 3 84.313 84.313
1 4 3 84.485 84.485
1 4 3 84.657 84.657
1 2 3 84.83 84.83
1 1 3 84.83 84.83
1 1 3 85.002 85.002
1 1 3 85.175 85.175
1 1 3 85.347 85.347
1 3 3 85.519 85.519
1 4 3 85.519 85.519
1 3 3 85.692 85.692
1 3 3 85.864 85.864
1 3 3 86.037 86.037
1 2 3 86.209 86.209
1 1 3 86.209 86.209
1 2 3 86.382 86.382
1 2 3 86.554 86.554
1 2 3 86.726 86.726
1 3 3 86.899 86.899
1 4 3 86.899 86.899
1 3 3 87.071 87.071
1 3 3 87.244 87.244
1 2 3 87.244 87.244
1 2 3 87.416 87.416
1 2 3 87.588 87.588
1 1 3 87.588 87.588
1 4 3 87.675 87.675
1 3 3 87.761 87.761
1 2 3 87.847 87.847
1 4 3 87.933 87.933
1 1 3 87.933 87.933
1 3 3 88.106 88.106
1 2 3 88.278 88.278
2 1 3 88.278 89.657
1 3 3 89.657 89.657
1 4 3 89.657 89.657
1 2 3 89.83 89.83
1 1 3 90.002 90.002
1 4 3 90.002 90.002
1 3 3 90.175 90.175
1 2 3 90.347 90.347
1 1 3 90.347 90.347
1 3 3 90.433 90.433
1 4 3 90.519 90.519
1 2 3 90.692 90.692
1 1 3 90.692 90.692
2 3 3 90.864 91.037
1 4 3 91.037 91.037
1 1 3 91.037 91.037
1 2 3 91.209 91.209
1 3 3 91.382 91.382
1 4 3 91.382 91.382
1 1 3 91.554 91.554
1 2 3 91.726 91.726
1 4 3 91.726 91.726
1 3 3 91.813 91.813
1 2 3 91.899 91.899
1 1 3 92.071 92.071
1 4 3 92.071 92.071
1 2 3 92.157 92.157
1 3 3 92.244 92.244
1 4 3 92.416 92.416
1 1 3 92.416 92.416
1 2 3 92.588 92.588
1 3 3 92.761 92.761
1 4 3 92.761 92.761
1 1 3 92.933 92.933
1 3 3 93.106 93.106
1 4 3 93.106 93.106
1 2 3 93.192 93.192
1 3 3 93.278 93.278
1 4 3 93.45 93.45
1 1 3 93.45 93.45
1 2 3 93.537 93.537
2 3 3 93.623 93.795
1 2 3 93.795 93.795
1 1 3 93.795 93.795
1 4 3 93.968 93.968
1 1 3 94.054 94.054
1 4 3 94.14 94.14
1 2 3 94.14 94.14
1 2 3 94.313 94.313
1 3 3 94.399 94.399
1 1 3 94.485 94.485
1 4 3 94.485 94.485
1 3 3 94.657 94.657
1 2 3 94.744 94.744
1 3 3 94.83 94.83
1 1 3 94.83 94.83
1 4 3 95.002 95.002
1 3 3 95.088 95.088
1 1 3 95.175 95.175
2 2 3 95.175 95.347
1 3 3 95.347 95.347
1 1 3 95.519 95.519
1 4 3 95.519 95.519
1 2 3 95.692 95.692
1 3 3 95.864 95.864
1 4 3 95.864 95.864
1 2 3 96.037 96.037
1 4 3 96.209 96.209
1 1 3 96.209 96.209
1 3 3 96.382 96.382
1 2 3 96.554 96.554
1 1 3 96.554 96.554
1 4 3 96.726 96.726
1 3 3 96.813 96.813
1 2 3 96.899 96.899
1 1 3 96.899 96.899
1 3 3 97.071 97.071
1 2 3 97.157 97.157
1 4 3 97.244 97.244
1 1 3 97.244 97.244
1 2 3 97.416 97.416
1 1 3 97.502 97.502
1 3 3 97.588 97.588
1 4 3 97.588 97.588
1 1 3 97.761 97.761
1 4 3 97.847 97.847
1 3 3 97.933 97.933
1 2 3 97.933 97.933
1 1 3 98.106 98.106
1 3 3 98.278 98.278
1 4 3 98.278 98.278
1 2 3 98.45 98.45
1 4 3 98.623 98.623
1 1 3 98.623 98.623
1 2 3 98.709 98.709
1 3 3 98.795 98.795
1 2 3 98.968 98.968
1 1 3 98.968 98.968
1 4 3 99.14 99.14
1 3 3 99.226 99.226
1 2 3 99.313 99.313
1 1 3 99.313 99.313
1 3 3 99.571 99.571
1 4 3 99.571 99.571
1 4 3 99.83 99.83
1 1 3 99.83 99.83
1 3 3 100.002 100.002
2 2 3 100.002 100.347
1 3 3 100.347 100.347
1 4 3 100.347 100.347
1 2 3 100.519 100.519
1 1 3 100.519 100.519
1 4 3 100.692 100.692
1 1 3 100.692 100.692
1 3 3 100.864 100.864
1 2 3 101.037 101.037
1 1 3 101.037 101.037
1 4 3 101.209 101.209
1 3 3 101.382 101.382
1 1 3 101.382 101.382
1 2 3 101.468 101.468
1 3 3 101.554 101.554
1 4 3 101.726 101.726
1 1 3 101.726 101.726
2 2 3 101.899 102.071
1 3 3 102.071 102.071
1 4 3 102.071 102.071
1 1 3 102.244 102.244
1 2 3 102.416 102.416
1 4 3 102.416 102.416
1 3 3 102.588 102.588
1 2 3 102.761 102.761
1 1 3 102.761 102.761
1 3 3 102.847 102.847
1 4 3 102.933 102.933
1 3 3 103.106 103.106
1 1 3 103.106 103.106
1 4 3 103.192 103.192
1 1 3 103.278 103.278
1 2 3 103.45 103.45
1 3 3 103.45 103.45
1 4 3 103.623 103.623
1 1 3 103.795 103.795
1 3 3 103.795 103.795
1 2 3 103.968 103.968
1 3 3 104.14 104.14
1 4 3 104.14 104.14
1 1 3 104.226 104.226
1 2 3 104.313 104.313
1 4 3 104.485 104.485
1 1 3 104.485 104.485
1 3 3 104.571 104.571
2 2 3 104.657 104.83
1 4 3 104.83 104.83
1 3 3 104.83 104.83
1 1 3 105.002 105.002
1 4 3 105.088 105.088
1 1 3 105.175 105.175
1 3 3 105.175 105.175
1 2 3 105.347 105.347
1 3 3 105.433 105.433
1 4 3 105.519 105.519
1 1 3 105.519 105.519
1 3 3 105.692 105.692
1 1 3 105.778 105.778
1 2 3 105.864 105.864
1 4 3 105.864 105.864
1 1 3 106.037 106.037
1 2 3 106.123 106.123
1 3 3 106.209 106.209
1 4 3 106.209 106.209
1 1 3 106.382 106.382
1 4 3 106.554 106.554
1 2 3 106.64 106.64
1 2 3 106.813 106.813
1 3 3 106.899 106.899
1 3 3 107.071 107.071
1 1 3 107.157 107.157
1 1 3 107.33 107.33
1 4 3 107.416 107.416
1 2 3 107.502 107.502
1 3 3 107.588 107.588
1 4 3 107.588 107.588
1 1 3 107.761 107.761
1 3 3 107.847 107.847
1 2 3 107.933 107.933
1 4 3 108.019 108.019
1 4 3 108.192 108.192
1 1 3 108.278 108.278
1 1 3 108.45 108.45
1 3 3 108.537 108.537
1 4 3 108.623 108.623
1 1 3 108.795 108.795
1 3 3 108.968 108.968
1 4 3 108.968 108.968
1 3 3 109.14 109.14
1 2 3 109.313 109.313
1 1 3 109.313 109.313
1 2 3 109.485 109.485
1 3 3 109.657 109.657
1 4 3 109.657 109.657
1 4 3 109.83 109.83
1 2 3 110.002 110.002
2 1 3 110.002 110.175
1 4 3 110.175 110.175
1 3 3 110.261 110.261
2 1 3 110.347 110.519
2 4 3 110.606 110.778
2 1 3 110.864 111.037
1 4 3 111.123 111.123
1 3 3 111.209 111.209
1 2 3 111.295 111.295
1 4 3 111.382 111.382
1 1 3 111.554 111.554
1 4 3 111.726 111.726
1 3 3 111.726 111.726
1 2 3 111.899 111.899
1 1 3 112.071 112.071
1 3 3 112.244 112.244
1 4 3 112.416 112.416
1 1 3 112.416 112.416
1 2 3 112.588 112.588
1 3 3 112.761 112.761
1 4 3 112.933 112.933
1 1 3 113.106 113.106
1 2 3 113.106 113.106
1 4 3 113.278 113.278
1 2 3 113.45 113.45
1 3 3 113.623 113.623
1 4 3 113.795 113.795
1 1 3 113.795 113.795
1 2 3 113.968 113.968
1 4 3 114.14 114.14
1 3 3 114.313 114.313
1 2 3 114.485 114.485
1 4 3 114.485 114.485
1 1 3 114.657 114.657
1 3 3 114.83 114.83
1 2 3 115.002 115.002
1 4 3 115.175 115.175
1 1 3 115.175 115.175
1 3 3 115.347 115.347
1 2 3 115.519 115.519
1 4 3 115.692 115.692
1 3 3 115.864 115.864
1 1 3 115.864 115.864
1 2 3 116.037 116.037
1 3 3 116.123 116.123
1 4 3 116.209 116.209
1 3 3 116.382 116.382
1 2 3 116.468 116.468
1 1 3 116.554 116.554
1 4 3 116.554 116.554
1 4 3 116.726 116.726
2 2 3 116.899 117.244
1 3 3 117.244 117.244
1 4 3 117.244 117.244
1 4 3 117.416 117.416
1 4 3 117.588 117.588
1 4 3 117.761 117.761
1 4 3 117.933 117.933
1 4 3 118.106 118.106
1 4 3 118.278 118.278
1 4 3 118.45 118.45
1 3 3 118.537 118.537
1 1 3 118.623 118.623
1 2 3 118.623 118.623
1 4 3 118.709 118.709
1 1 3 118.795 118.795
1 1 3 118.968 118.968
1 1 3 119.14 119.14
1 2 3 119.313 119.313
1 1 3 119.313 119.313
1 3 3 119.399 119.399
1 3 3 119.571 119.571
1 1 3 119.657 119.657
2 2 3 119.657 119.83
2 3 3 119.83 120.002
1 2 3 120.002 120.002
1 1 3 120.002 120.002
1 1 3 120.175 120.175
1 3 3 120.347 120.347
1 4 3 120.347 120.347
1 4 3 120.519 120.519
1 2 3 120.692 120.692
1 1 3 120.692 120.692
1 2 3 120.864 120.864
1 3 3 121.037 121.037
1 4 3 121.037 121.037
1 3 3 121.209 121.209
2 4 3 121.382 121.554
1 2 3 121.554 121.554
2 3 3 121.64 121.813
1 1 3 121.813 121.813
2 2 3 121.899 122.071
2 1 3 122.071 122.761
2 2 3 122.416 122.761
2 4 3 122.761 123.019
1 3 3 122.761 122.761
