2 3 3 0.184 0.456
2 2 3 0.32 0.456
2 4 3 0.456 0.593
2 1 3 0.593 0.729
2 3 3 0.729 1.002
2 2 3 0.865 1.002
2 4 3 1.002 1.138
2 1 3 1.138 1.274
2 3 3 1.274 1.547
2 2 3 1.411 1.547
2 4 3 1.547 1.684
2 1 3 1.684 1.82
2 2 3 1.82 1.956
2 3 3 1.956 2.093
2 1 3 2.093 2.229
2 4 3 2.229 2.365
2 2 3 2.365 2.638
2 1 3 2.502 2.638
2 3 3 2.638 2.774
2 1 3 2.774 2.911
2 2 3 2.911 3.184
2 1 3 3.047 3.184
2 3 3 3.184 3.32
2 1 3 3.32 3.456
2 2 3 3.456 3.729
2 1 3 3.593 3.729
2 3 3 3.729 3.865
2 1 3 3.865 4.002
2 3 3 4.002 4.138
2 1 3 4.138 4.274
2 4 3 4.274 4.411
2 2 3 4.411 4.547
2 1 3 4.547 4.82
2 2 3 4.684 4.82
2 3 3 4.82 4.956
2 4 3 4.956 5.093
2 1 3 5.093 5.365
2 2 3 5.229 5.365
2 3 3 5.365 5.502
2 4 3 5.502 5.638
2 1 3 5.638 5.911
2 2 3 5.774 5.911
2 3 3 5.911 6.047
2 4 3 6.047 6.184
2 2 3 6.184 6.32
2 4 3 6.32 6.456
2 3 3 6.456 6.593
2 1 3 6.593 6.729
2 2 3 6.729 7.002
2 1 3 6.865 7.002
2 3 3 7.002 7.138
2 4 3 7.138 7.274
2 1 3 7.274 7.547
2 2 3 7.411 7.547
2 4 3 7.547 7.684
2 2 3 7.684 7.82
2 3 3 7.82 8.093
2 4 3 7.956 8.093
2 1 3 8.093 8.229
2 3 3 8.229 8.365
2 2 3 8.365 8.638
2 3 3 8.502 8.638
2 1 3 8.638 8.774
2 2 3 8.774 8.911
2 3 3 8.911 9.184
2 2 3 9.047 9.184
2 4 3 9.184 9.32
2 1 3 9.32 9.456
2 3 3 9.456 9.729
2 2 3 9.593 9.729
2 4 3 9.729 9.865
2 1 3 9.865 10.002
2 3 3 10.002 10.274
2 2 3 10.138 10.274
2 4 3 10.274 10.411
2 1 3 10.411 10.547
2 2 3 10.547 10.684
2 3 3 10.684 10.82
2 1 3 10.82 10.956
2 4 3 10.956 11.093
2 2 3 11.093 11.365
2 1 3 11.229 11.365
2 3 3 11.365 11.502
2 1 3 11.502 11.638
2 2 3 11.638 11.911
2 1 3 11.774 11.911
2 3 3 11.911 12.047
2 1 3 12.047 12.184
2 2 3 12.184 12.456
2 1 3 12.32 12.456
2 3 3 12.456 12.593
2 1 3 12.593 12.729
2 3 3 12.729 12.865
2 1 3 12.865 13.002
2 4 3 13.002 13.138
2 2 3 13.138 13.274
2 1 3 13.274 13.547
2 2 3 13.411 13.547
2 3 3 13.547 13.684
2 4 3 13.684 13.82
2 1 3 13.82 14.093
2 2 3 13.956 14.093
2 3 3 14.093 14.229
2 4 3 14.229 14.365
2 1 3 14.365 14.638
2 2 3 14.502 14.638
2 3 3 14.638 14.774
2 4 3 14.774 14.911
2 2 3 14.911 15.047
2 4 3 15.047 15.184
2 3 3 15.184 15.32
2 1 3 15.32 15.456
2 2 3 15.456 15.729
2 1 3 15.593 15.729
2 3 3 15.729 15.865
2 4 3 15.865 16.002
2 1 3 16.002 16.274
2 2 3 16.138 16.274
2 4 3 16.274 16.411
2 2 3 16.411 16.547
2 3 3 16.547 16.82
2 4 3 16.684 16.82
2 1 3 16.82 16.956
2 3 3 16.956 17.093
2 2 3 17.093 17.365
2 3 3 17.229 17.365
2 1 3 17.365 17.502
2 2 3 17.502 17.638
2 4 3 17.638 17.774
2 3 3 17.638 17.911
2 2 3 17.774 17.911
2 4 3 17.911 18.047
2 1 3 18.047 18.184
2 4 3 18.184 18.32
2 3 3 18.184 18.456
2 2 3 18.32 18.456
2 4 3 18.456 18.593
2 1 3 18.593 18.729
2 4 3 18.729 18.865
2 3 3 18.729 19.002
2 2 3 18.865 19.002
2 4 3 19.002 19.138
2 1 3 19.138 19.274
2 4 3 19.274 19.411
2 2 3 19.274 19.411
2 3 3 19.411 19.547
2 1 3 19.547 19.684
2 4 3 19.684 19.82
2 3 3 19.82 19.956
2 2 3 19.82 20.093
2 1 3 19.956 20.093
2 3 3 20.093 20.229
2 1 3 20.229 20.365
2 3 3 20.365 20.502
2 2 3 20.365 20.638
2 1 3 20.502 20.638
2 3 3 20.638 20.774
2 1 3 20.774 20.911
2 4 3 20.911 21.047
2 2 3 20.911 21.184
2 1 3 21.047 21.184
2 3 3 21.184 21.32
2 1 3 21.32 21.456
2 2 3 21.456 21.593
2 3 3 21.456 21.593
2 1 3 21.593 21.729
2 4 3 21.729 21.865
2 2 3 21.865 22.002
2 4 3 22.002 22.138
2 1 3 22.002 22.274
2 2 3 22.138 22.274
2 3 3 22.274 22.411
2 4 3 22.411 22.547
2 3 3 22.547 22.684
2 1 3 22.547 22.82
2 2 3 22.684 22.82
2 3 3 22.82 22.956
2 4 3 22.956 23.093
2 3 3 23.093 23.229
2 1 3 23.093 23.365
2 2 3 23.229 23.365
2 3 3 23.365 23.502
2 4 3 23.502 23.638
2 1 3 23.638 23.774
2 2 3 23.638 23.774
2 4 3 23.774 23.911
2 3 3 23.911 24.047
2 1 3 24.047 24.184
2 3 3 24.184 24.32
2 2 3 24.184 24.456
2 1 3 24.32 24.456
2 3 3 24.456 24.593
2 4 3 24.593 24.729
2 3 3 24.729 24.865
2 1 3 24.729 25.002
2 2 3 24.865 25.002
2 4 3 25.002 25.138
2 2 3 25.138 25.274
2 1 3 25.274 25.411
2 3 3 25.274 25.547
2 4 3 25.411 25.547
2 1 3 25.547 25.684
2 3 3 25.684 25.82
2 4 3 25.82 25.956
2 2 3 25.82 26.093
2 3 3 25.956 26.093
2 1 3 26.093 26.229
2 2 3 26.229 26.365
2 3 3 26.365 26.638
2 4 3 26.365 26.502
2 2 3 26.502 26.638
2 4 3 26.638 26.774
2 1 3 26.774 26.911
2 3 3 26.911 27.184
2 4 3 26.911 27.047
2 2 3 27.047 27.184
2 4 3 27.184 27.32
2 1 3 27.32 27.456
2 4 3 27.456 27.593
2 3 3 27.456 27.729
2 2 3 27.593 27.729
2 4 3 27.729 27.865
2 1 3 27.865 28.002
2 2 3 28.002 28.138
2 4 3 28.002 28.138
2 3 3 28.138 28.274
2 1 3 28.274 28.411
2 4 3 28.411 28.547
2 3 3 28.547 28.684
2 2 3 28.547 28.82
2 1 3 28.684 28.82
2 3 3 28.82 28.956
2 1 3 28.956 29.093
2 2 3 29.093 29.365
2 3 3 29.093 29.229
2 1 3 29.229 29.365
2 3 3 29.365 29.502
2 1 3 29.502 29.638
2 4 3 29.638 29.774
2 2 3 29.638 29.911
2 1 3 29.774 29.911
2 3 3 29.911 30.047
2 1 3 30.047 30.184
2 3 3 30.184 30.32
2 2 3 30.184 30.32
2 1 3 30.32 30.456
2 4 3 30.456 30.593
2 2 3 30.593 30.729
2 4 3 30.729 30.865
2 1 3 30.729 31.002
2 2 3 30.865 31.002
2 3 3 31.002 31.138
2 4 3 31.138 31.274
2 1 3 31.274 31.547
2 3 3 31.274 31.411
2 2 3 31.411 31.547
2 3 3 31.547 31.684
2 4 3 31.684 31.82
2 3 3 31.82 31.956
2 1 3 31.82 32.093
2 2 3 31.956 32.093
2 3 3 32.093 32.229
2 4 3 32.229 32.365
2 1 3 32.365 32.502
2 2 3 32.365 32.502
2 4 3 32.502 32.638
2 3 3 32.638 32.774
2 1 3 32.774 32.911
2 2 3 32.911 33.184
2 3 3 32.911 33.047
2 1 3 33.047 33.184
2 3 3 33.184 33.32
2 4 3 33.32 33.456
2 3 3 33.456 33.593
2 1 3 33.456 33.729
2 2 3 33.593 33.729
2 4 3 33.729 33.865
2 2 3 33.865 34.002
2 3 3 34.002 34.274
2 1 3 34.002 34.138
2 4 3 34.138 34.274
2 1 3 34.274 34.411
2 2 3 34.411 34.547
1 3 3 34.547 34.547
1 1 3 34.547 34.547
1 4 3 34.547 34.547
1 1 3 35.093 35.093
1 2 3 35.093 35.093
1 4 3 35.093 35.093
1 3 3 35.153 35.153
1 1 3 35.214 35.214
1 4 3 35.274 35.274
1 2 3 35.335 35.335
1 3 3 35.396 35.396
1 4 3 35.456 35.456
1 2 3 35.547 35.547
1 1 3 35.638 35.638
1 3 3 35.638 35.638
1 4 3 35.638 35.638
1 2 3 35.699 35.699
1 1 3 35.759 35.759
1 3 3 35.82 35.82
1 2 3 35.88 35.88
1 4 3 35.941 35.941
1 3 3 36.002 36.002
1 2 3 36.062 36.062
1 4 3 36.123 36.123
1 3 3 36.184 36.184
1 1 3 36.184 36.184
1 1 3 36.32 36.32
1 3 3 36.456 36.456
1 2 3 36.456 36.456
1 3 3 36.593 36.593
1 4 3 36.593 36.593
1 4 3 36.729 36.729
1 2 3 36.729 36.729
1 1 3 36.729 36.729
1 3 3 36.865 36.865
1 1 3 36.865 36.865
1 4 3 37.002 37.002
1 2 3 37.002 37.002
1 4 3 37.138 37.138
1 1 3 37.274 37.274
1 2 3 37.274 37.274
1 3 3 37.343 37.343
1 1 3 37.411 37.411
1 4 3 37.479 37.479
1 3 3 37.547 37.547
1 2 3 37.615 37.615
1 4 3 37.729 37.729
1 1 3 37.82 37.82
1 3 3 37.82 37.82
1 2 3 37.82 37.82
1 4 3 37.888 37.888
1 2 3 37.956 37.956
1 3 3 38.024 38.024
1 1 3 38.093 38.093
1 2 3 38.161 38.161
1 1 3 38.229 38.229
1 3 3 38.297 38.297
1 2 3 38.365 38.365
1 4 3 38.365 38.365
1 4 3 38.502 38.502
1 3 3 38.502 38.502
1 2 3 38.638 38.638
1 1 3 38.638 38.638
1 2 3 38.774 38.774
1 3 3 38.774 38.774
1 3 3 38.911 38.911
1 4 3 38.911 38.911
1 1 3 38.911 38.911
1 1 3 39.047 39.047
1 2 3 39.047 39.047
1 3 3 39.184 39.184
1 4 3 39.184 39.184
1 3 3 39.32 39.32
1 1 3 39.456 39.456
1 2 3 39.456 39.456
1 4 3 39.524 39.524
1 3 3 39.593 39.593
1 2 3 39.661 39.661
1 4 3 39.729 39.729
1 1 3 39.797 39.797
1 3 3 39.865 39.865
1 2 3 39.934 39.934
1 1 3 40.002 40.002
1 3 3 40.002 40.002
1 4 3 40.002 40.002
1 2 3 40.062 40.062
1 4 3 40.123 40.123
1 1 3 40.184 40.184
1 3 3 40.244 40.244
1 4 3 40.305 40.305
1 2 3 40.365 40.365
1 3 3 40.426 40.426
1 1 3 40.487 40.487
1 4 3 40.547 40.547
1 2 3 40.547 40.547
1 2 3 40.684 40.684
1 4 3 40.82 40.82
1 3 3 40.82 40.82
1 4 3 40.956 40.956
1 2 3 40.956 40.956
1 3 3 41.093 41.093
1 1 3 41.093 41.093
1 2 3 41.093 41.093
1 1 3 41.229 41.229
1 4 3 41.229 41.229
1 3 3 41.365 41.365
1 2 3 41.365 41.365
1 3 3 41.502 41.502
1 4 3 41.638 41.638
1 1 3 41.638 41.638
1 2 3 41.706 41.706
1 1 3 41.774 41.774
1 4 3 41.911 41.911
1 2 3 41.956 41.956
1 4 3 42.002 42.002
1 1 3 42.047 42.047
1 2 3 42.184 42.184
1 4 3 42.184 42.184
1 3 3 42.184 42.184
1 1 3 42.252 42.252
1 2 3 42.32 42.32
1 3 3 42.456 42.456
1 1 3 42.502 42.502
1 3 3 42.547 42.547
1 4 3 42.593 42.593
1 2 3 42.729 42.729
1 1 3 42.729 42.729
1 3 3 42.79 42.79
1 1 3 42.85 42.85
1 2 3 43.002 43.002
1 3 3 43.047 43.047
1 2 3 43.093 43.093
1 1 3 43.138 43.138
1 4 3 43.274 43.274
1 1 3 43.274 43.274
1 2 3 43.274 43.274
1 3 3 43.335 43.335
1 4 3 43.396 43.396
1 1 3 43.547 43.547
1 4 3 43.593 43.593
1 1 3 43.638 43.638
1 3 3 43.684 43.684
1 3 3 43.82 43.82
1 4 3 43.82 43.82
1 1 3 43.82 43.82
1 2 3 43.88 43.88
1 4 3 43.941 43.941
1 1 3 44.002 44.002
1 3 3 44.062 44.062
1 2 3 44.123 44.123
1 1 3 44.184 44.184
1 4 3 44.274 44.274
1 3 3 44.365 44.365
1 2 3 44.365 44.365
1 1 3 44.365 44.365
1 4 3 44.426 44.426
1 2 3 44.487 44.487
1 3 3 44.547 44.547
1 4 3 44.608 44.608
1 1 3 44.668 44.668
1 2 3 44.729 44.729
1 4 3 44.79 44.79
1 1 3 44.85 44.85
1 2 3 44.911 44.911
1 3 3 44.911 44.911
1 3 3 45.047 45.047
1 4 3 45.184 45.184
1 2 3 45.184 45.184
1 2 3 45.32 45.32
1 1 3 45.32 45.32
1 1 3 45.456 45.456
1 4 3 45.456 45.456
1 3 3 45.456 45.456
1 2 3 45.593 45.593
1 3 3 45.593 45.593
1 4 3 45.729 45.729
1 2 3 45.729 45.729
1 4 3 45.865 45.865
1 1 3 46.002 46.002
1 3 3 46.002 46.002
1 2 3 46.07 46.07
1 1 3 46.138 46.138
1 3 3 46.206 46.206
1 4 3 46.274 46.274
1 2 3 46.343 46.343
1 1 3 46.456 46.456
1 3 3 46.547 46.547
1 2 3 46.547 46.547
1 4 3 46.547 46.547
1 1 3 46.615 46.615
1 4 3 46.684 46.684
1 3 3 46.752 46.752
1 1 3 46.82 46.82
1 4 3 46.888 46.888
1 1 3 46.956 46.956
1 2 3 47.024 47.024
1 3 3 47.093 47.093
1 4 3 47.093 47.093
1 3 3 47.229 47.229
1 1 3 47.229 47.229
1 2 3 47.365 47.365
1 1 3 47.365 47.365
1 4 3 47.502 47.502
1 2 3 47.502 47.502
1 4 3 47.638 47.638
1 1 3 47.638 47.638
1 3 3 47.638 47.638
1 2 3 47.774 47.774
1 3 3 47.774 47.774
1 2 3 47.911 47.911
1 1 3 47.911 47.911
1 1 3 48.047 48.047
1 3 3 48.184 48.184
1 4 3 48.184 48.184
1 1 3 48.252 48.252
1 2 3 48.32 48.32
1 4 3 48.388 48.388
1 1 3 48.456 48.456
1 3 3 48.524 48.524
1 2 3 48.593 48.593
1 4 3 48.661 48.661
1 3 3 48.729 48.729
1 2 3 48.729 48.729
1 1 3 48.729 48.729
1 4 3 48.79 48.79
1 1 3 48.85 48.85
1 3 3 48.911 48.911
1 2 3 48.971 48.971
1 1 3 49.032 49.032
1 4 3 49.093 49.093
1 2 3 49.153 49.153
1 3 3 49.214 49.214
1 1 3 49.274 49.274
1 4 3 49.274 49.274
1 4 3 49.411 49.411
1 3 3 49.547 49.547
1 1 3 49.547 49.547
1 2 3 49.684 49.684
1 1 3 49.684 49.684
1 2 3 49.82 49.82
1 3 3 49.82 49.82
1 4 3 49.82 49.82
1 3 3 49.956 49.956
1 2 3 50.093 50.093
1 4 3 50.093 50.093
1 2 3 50.229 50.229
1 1 3 50.365 50.365
1 4 3 50.365 50.365
1 2 3 50.502 50.502
1 4 3 50.638 50.638
1 3 3 50.684 50.684
1 1 3 50.729 50.729
1 2 3 50.774 50.774
1 3 3 50.911 50.911
1 1 3 50.911 50.911
1 4 3 51.047 51.047
1 2 3 51.184 51.184
1 4 3 51.252 51.252
1 3 3 51.32 51.32
1 4 3 51.456 51.456
1 1 3 51.593 51.593
1 2 3 51.729 51.729
1 1 3 51.797 51.797
1 3 3 51.865 51.865
1 4 3 52.002 52.002
1 2 3 52.002 52.002
1 1 3 52.138 52.138
1 3 3 52.274 52.274
1 4 3 52.274 52.274
1 2 3 52.547 52.547
1 4 3 52.547 52.547
1 1 3 52.547 52.547
1 3 3 52.593 52.593
1 1 3 52.684 52.684
1 4 3 52.729 52.729
1 2 3 52.774 52.774
1 3 3 52.82 52.82
1 1 3 52.865 52.865
1 4 3 52.911 52.911
1 2 3 52.956 52.956
1 3 3 53.002 53.002
1 1 3 53.047 53.047
1 4 3 53.093 53.093
1 2 3 53.147 53.147
1 3 3 53.202 53.202
1 1 3 53.256 53.256
1 4 3 53.311 53.311
1 2 3 53.365 53.365
1 3 3 53.42 53.42
1 1 3 53.474 53.474
1 4 3 53.529 53.529
1 2 3 53.584 53.584
1 3 3 53.638 53.638
1 1 3 53.706 53.706
1 4 3 53.774 53.774
1 3 3 53.843 53.843
1 2 3 53.911 53.911
1 1 3 53.979 53.979
1 4 3 54.047 54.047
1 3 3 54.115 54.115
1 2 3 54.184 54.184
1 1 3 54.252 54.252
1 4 3 54.32 54.32
1 3 3 54.388 54.388
1 2 3 54.456 54.456
1 1 3 54.524 54.524
1 3 3 54.593 54.593
1 2 3 54.661 54.661
1 4 3 54.729 54.729
1 4 3 54.865 54.865
1 3 3 55.002 55.002
1 4 3 55.07 55.07
1 2 3 55.138 55.138
1 3 3 55.206 55.206
1 1 3 55.274 55.274
1 1 3 55.411 55.411
1 2 3 55.547 55.547
1 1 3 55.615 55.615
1 3 3 55.684 55.684
1 2 3 55.752 55.752
1 4 3 55.82 55.82
1 4 3 55.956 55.956
1 4 3 56.093 56.093
1 4 3 56.229 56.229
1 2 3 56.365 56.365
1 2 3 56.502 56.502
1 4 3 56.547 56.547
1 4 3 56.638 56.638
1 2 3 56.706 56.706
1 3 3 56.774 56.774
1 1 3 56.843 56.843
1 2 3 56.911 56.911
1 2 3 57.047 57.047
1 1 3 57.115 57.115
1 3 3 57.184 57.184
1 2 3 57.252 57.252
1 4 3 57.32 57.32
1 3 3 57.388 57.388
1 1 3 57.456 57.456
1 1 3 57.593 57.593
1 3 3 57.661 57.661
1 4 3 57.729 57.729
1 2 3 57.797 57.797
1 3 3 57.865 57.865
1 1 3 57.934 57.934
1 2 3 58.002 58.002
1 2 3 58.138 58.138
1 2 3 58.274 58.274
1 2 3 58.411 58.411
1 3 3 58.547 58.547
1 3 3 58.684 58.684
1 1 3 58.729 58.729
1 1 3 58.82 58.82
1 3 3 58.888 58.888
1 2 3 58.956 58.956
1 4 3 59.024 59.024
1 3 3 59.093 59.093
1 3 3 59.229 59.229
1 4 3 59.297 59.297
1 2 3 59.365 59.365
1 3 3 59.434 59.434
1 1 3 59.502 59.502
1 2 3 59.57 59.57
1 4 3 59.638 59.638
1 4 3 59.774 59.774
1 2 3 59.843 59.843
1 1 3 59.911 59.911
1 3 3 59.979 59.979
1 2 3 60.047 60.047
1 4 3 60.115 60.115
1 3 3 60.184 60.184
1 3 3 60.32 60.32
1 3 3 60.456 60.456
1 3 3 60.593 60.593
1 2 3 60.729 60.729
1 2 3 60.865 60.865
1 4 3 60.911 60.911
1 4 3 61.002 61.002
1 2 3 61.07 61.07
1 3 3 61.138 61.138
1 1 3 61.206 61.206
1 2 3 61.274 61.274
1 2 3 61.411 61.411
1 1 3 61.479 61.479
1 3 3 61.547 61.547
1 2 3 61.615 61.615
1 4 3 61.684 61.684
1 3 3 61.752 61.752
1 1 3 61.82 61.82
1 1 3 61.956 61.956
1 3 3 62.024 62.024
1 4 3 62.093 62.093
1 2 3 62.161 62.161
1 3 3 62.229 62.229
1 1 3 62.297 62.297
1 2 3 62.365 62.365
1 2 3 62.502 62.502
1 2 3 62.638 62.638
1 2 3 62.774 62.774
1 3 3 62.911 62.911
1 3 3 63.047 63.047
1 1 3 63.093 63.093
1 1 3 63.184 63.184
1 3 3 63.252 63.252
1 2 3 63.32 63.32
1 4 3 63.388 63.388
1 3 3 63.456 63.456
1 3 3 63.593 63.593
1 4 3 63.661 63.661
1 2 3 63.729 63.729
1 3 3 63.797 63.797
1 1 3 63.865 63.865
1 2 3 63.934 63.934
1 4 3 64.002 64.002
1 4 3 64.138 64.138
1 2 3 64.206 64.206
1 1 3 64.274 64.274
1 3 3 64.343 64.343
1 2 3 64.411 64.411
1 4 3 64.479 64.479
1 3 3 64.547 64.547
1 3 3 64.684 64.684
1 3 3 64.82 64.82
1 3 3 64.956 64.956
1 2 3 65.093 65.093
1 2 3 65.229 65.229
1 4 3 65.274 65.274
1 4 3 65.365 65.365
1 2 3 65.434 65.434
1 3 3 65.502 65.502
1 1 3 65.57 65.57
1 2 3 65.638 65.638
1 2 3 65.774 65.774
1 1 3 65.843 65.843
1 3 3 65.911 65.911
1 2 3 65.979 65.979
1 4 3 66.047 66.047
1 3 3 66.115 66.115
1 1 3 66.184 66.184
1 1 3 66.32 66.32
1 3 3 66.388 66.388
1 4 3 66.456 66.456
1 2 3 66.524 66.524
1 3 3 66.593 66.593
1 1 3 66.661 66.661
1 2 3 66.729 66.729
1 2 3 66.865 66.865
1 2 3 67.002 67.002
1 2 3 67.138 67.138
1 3 3 67.274 67.274
1 3 3 67.411 67.411
1 1 3 67.456 67.456
1 1 3 67.547 67.547
1 3 3 67.615 67.615
1 2 3 67.684 67.684
1 4 3 67.752 67.752
1 1 3 67.82 67.82
1 3 3 67.82 67.82
1 2 3 68.093 68.093
1 4 3 68.365 68.365
1 3 3 68.365 68.365
1 3 3 68.774 68.774
1 4 3 68.774 68.774
1 2 3 68.911 68.911
1 1 3 69.047 69.047
1 3 3 69.047 69.047
1 4 3 69.184 69.184
1 1 3 69.32 69.32
1 2 3 69.32 69.32
1 4 3 69.456 69.456
1 1 3 69.456 69.456
1 2 3 69.456 69.456
1 2 3 70.002 70.002
1 3 3 70.002 70.002
1 4 3 70.002 70.002
1 1 3 70.138 70.138
1 3 3 70.184 70.184
1 4 3 70.229 70.229
1 2 3 70.274 70.274
1 3 3 70.32 70.32
1 4 3 70.365 70.365
1 1 3 70.411 70.411
1 2 3 70.456 70.456
1 3 3 70.502 70.502
1 2 3 70.547 70.547
1 1 3 70.547 70.547
1 4 3 70.547 70.547
1 4 3 70.668 70.668
1 3 3 70.729 70.729
1 1 3 70.79 70.79
1 4 3 70.85 70.85
1 2 3 70.911 70.911
1 1 3 70.971 70.971
1 3 3 71.032 71.032
1 4 3 71.093 71.093
1 2 3 71.093 71.093
1 4 3 71.229 71.229
1 1 3 71.365 71.365
1 2 3 71.365 71.365
1 3 3 71.502 71.502
1 2 3 71.502 71.502
1 1 3 71.638 71.638
1 3 3 71.638 71.638
1 4 3 71.638 71.638
1 1 3 71.911 71.911
1 3 3 71.971 71.971
1 2 3 72.032 72.032
1 1 3 72.093 72.093
1 3 3 72.153 72.153
1 4 3 72.184 72.184
1 2 3 72.184 72.184
1 1 3 72.244 72.244
1 3 3 72.305 72.305
1 2 3 72.365 72.365
1 4 3 72.426 72.426
1 2 3 72.487 72.487
1 1 3 72.547 72.547
1 3 3 72.608 72.608
1 2 3 72.668 72.668
1 1 3 72.729 72.729
1 3 3 72.729 72.729
1 4 3 72.729 72.729
1 2 3 72.797 72.797
1 4 3 72.865 72.865
1 3 3 73.002 73.002
1 2 3 73.07 73.07
1 1 3 73.138 73.138
1 3 3 73.206 73.206
1 4 3 73.274 73.274
1 2 3 73.274 73.274
1 2 3 73.411 73.411
1 3 3 73.547 73.547
1 3 3 73.684 73.684
1 2 3 73.82 73.82
1 4 3 73.82 73.82
1 1 3 73.82 73.82
1 1 3 73.956 73.956
1 3 3 74.093 74.093
1 2 3 74.161 74.161
1 4 3 74.229 74.229
1 3 3 74.297 74.297
1 1 3 74.365 74.365
1 2 3 74.365 74.365
1 4 3 74.426 74.426
1 1 3 74.487 74.487
1 1 3 74.638 74.638
1 2 3 74.684 74.684
1 4 3 74.729 74.729
1 3 3 74.774 74.774
1 2 3 74.843 74.843
1 3 3 74.911 74.911
1 4 3 74.911 74.911
1 1 3 74.911 74.911
1 1 3 75.032 75.032
1 3 3 75.093 75.093
1 2 3 75.153 75.153
1 3 3 75.214 75.214
1 4 3 75.274 75.274
1 3 3 75.335 75.335
1 2 3 75.396 75.396
1 1 3 75.456 75.456
1 4 3 75.456 75.456
1 1 3 75.593 75.593
1 2 3 75.593 75.593
1 3 3 75.729 75.729
1 4 3 75.729 75.729
1 4 3 75.865 75.865
1 2 3 75.865 75.865
1 2 3 76.002 76.002
1 1 3 76.002 76.002
1 3 3 76.002 76.002
1 4 3 76.062 76.062
1 1 3 76.123 76.123
1 3 3 76.184 76.184
1 3 3 76.274 76.274
1 2 3 76.343 76.343
1 1 3 76.411 76.411
1 4 3 76.456 76.456
1 1 3 76.547 76.547
1 2 3 76.547 76.547
1 4 3 76.615 76.615
1 2 3 76.684 76.684
1 3 3 76.752 76.752
1 1 3 76.82 76.82
1 3 3 76.888 76.888
1 2 3 76.956 76.956
1 4 3 77.024 77.024
1 3 3 77.093 77.093
1 1 3 77.093 77.093
1 2 3 77.093 77.093
1 4 3 77.161 77.161
1 1 3 77.229 77.229
1 2 3 77.297 77.297
1 4 3 77.365 77.365
1 1 3 77.434 77.434
1 3 3 77.502 77.502
1 2 3 77.57 77.57
1 1 3 77.638 77.638
1 4 3 77.638 77.638
1 4 3 77.774 77.774
1 2 3 77.911 77.911
1 2 3 78.047 78.047
1 1 3 78.184 78.184
1 3 3 78.184 78.184
1 4 3 78.184 78.184
1 2 3 78.252 78.252
1 4 3 78.32 78.32
1 2 3 78.388 78.388
1 3 3 78.456 78.456
1 1 3 78.593 78.593
1 4 3 78.729 78.729
1 3 3 78.729 78.729
1 4 3 78.865 78.865
1 2 3 78.911 78.911
1 1 3 78.956 78.956
1 3 3 79.002 79.002
1 2 3 79.047 79.047
1 1 3 79.093 79.093
1 4 3 79.138 79.138
1 3 3 79.184 79.184
1 2 3 79.229 79.229
1 1 3 79.274 79.274
1 3 3 79.274 79.274
1 4 3 79.274 79.274
1 1 3 79.396 79.396
1 2 3 79.456 79.456
1 1 3 79.517 79.517
1 4 3 79.547 79.547
1 3 3 79.615 79.615
1 2 3 79.684 79.684
1 4 3 79.752 79.752
1 3 3 79.82 79.82
1 1 3 79.82 79.82
1 1 3 79.956 79.956
1 2 3 79.956 79.956
1 4 3 80.093 80.093
1 3 3 80.093 80.093
1 2 3 80.229 80.229
1 3 3 80.229 80.229
1 4 3 80.365 80.365
1 2 3 80.365 80.365
1 1 3 80.365 80.365
1 1 3 80.638 80.638
1 2 3 80.699 80.699
1 4 3 80.759 80.759
1 3 3 80.82 80.82
1 2 3 80.88 80.88
1 1 3 80.911 80.911
1 4 3 80.911 80.911
1 3 3 80.971 80.971
1 2 3 81.032 81.032
1 4 3 81.093 81.093
1 1 3 81.153 81.153
1 3 3 81.214 81.214
1 4 3 81.274 81.274
1 2 3 81.335 81.335
1 3 3 81.396 81.396
1 4 3 81.456 81.456
1 2 3 81.456 81.456
1 1 3 81.456 81.456
1 3 3 81.524 81.524
1 1 3 81.593 81.593
1 3 3 81.729 81.729
1 2 3 81.797 81.797
1 4 3 81.865 81.865
1 1 3 81.934 81.934
1 2 3 82.002 82.002
1 3 3 82.002 82.002
1 3 3 82.138 82.138
1 2 3 82.274 82.274
1 2 3 82.411 82.411
1 3 3 82.547 82.547
1 1 3 82.547 82.547
1 4 3 82.547 82.547
1 4 3 82.684 82.684
1 2 3 82.82 82.82
1 3 3 82.888 82.888
1 1 3 82.956 82.956
1 2 3 83.024 83.024
1 4 3 83.093 83.093
1 3 3 83.093 83.093
1 2 3 83.161 83.161
1 4 3 83.229 83.229
1 1 3 83.274 83.274
1 4 3 83.365 83.365
1 3 3 83.411 83.411
1 1 3 83.456 83.456
1 2 3 83.502 83.502
1 3 3 83.547 83.547
1 2 3 83.638 83.638
1 1 3 83.638 83.638
1 4 3 83.638 83.638
1 4 3 83.759 83.759
1 2 3 83.82 83.82
1 3 3 83.88 83.88
1 2 3 83.941 83.941
1 1 3 84.002 84.002
1 2 3 84.062 84.062
1 3 3 84.123 84.123
1 4 3 84.184 84.184
1 1 3 84.184 84.184
1 4 3 84.32 84.32
1 3 3 84.32 84.32
1 2 3 84.456 84.456
1 1 3 84.456 84.456
1 1 3 84.593 84.593
1 3 3 84.593 84.593
1 3 3 84.729 84.729
1 4 3 84.729 84.729
1 2 3 84.729 84.729
1 1 3 84.79 84.79
1 4 3 84.85 84.85
1 3 3 84.911 84.911
1 2 3 85.002 85.002
1 3 3 85.062 85.062
1 4 3 85.123 85.123
1 1 3 85.184 85.184
2 3 3 85.274 85.547
1 4 3 85.274 85.274
1 2 3 85.411 85.411
2 2 3 85.547 85.684
1 3 3 85.684 85.684
2 2 3 85.82 86.093
1 3 3 85.956 85.956
2 3 3 86.093 86.229
1 1 3 86.229 86.229
2 3 3 86.365 86.638
1 2 3 86.502 86.502
2 4 3 86.638 86.774
1 3 3 86.774 86.774
2 1 3 86.911 87.184
1 2 3 87.047 87.047
2 4 3 87.184 87.32
1 3 3 87.32 87.32
1 4 3 87.456 87.456
1 3 3 87.456 87.456
1 2 3 87.456 87.456
1 1 3 87.593 87.593
1 3 3 87.638 87.638
1 4 3 87.684 87.684
1 2 3 87.729 87.729
1 3 3 87.774 87.774
1 4 3 87.82 87.82
1 1 3 87.865 87.865
1 2 3 87.911 87.911
1 3 3 87.956 87.956
1 4 3 88.002 88.002
1 2 3 88.002 88.002
1 1 3 88.002 88.002
1 4 3 88.123 88.123
1 3 3 88.184 88.184
1 1 3 88.244 88.244
1 4 3 88.305 88.305
1 2 3 88.365 88.365
1 1 3 88.426 88.426
1 3 3 88.487 88.487
1 2 3 88.547 88.547
1 4 3 88.547 88.547
1 4 3 88.684 88.684
1 2 3 88.82 88.82
1 1 3 88.82 88.82
1 2 3 88.956 88.956
1 3 3 88.956 88.956
1 4 3 89.093 89.093
1 3 3 89.093 89.093
1 1 3 89.093 89.093
1 1 3 89.365 89.365
1 3 3 89.426 89.426
1 2 3 89.485 89.485
1 1 3 89.547 89.547
1 3 3 89.608 89.608
1 2 3 89.638 89.638
1 4 3 89.638 89.638
1 1 3 89.699 89.699
1 3 3 89.759 89.759
1 2 3 89.82 89.82
1 4 3 89.88 89.88
1 2 3 89.941 89.941
1 1 3 90.002 90.002
1 3 3 90.062 90.062
1 2 3 90.123 90.123
1 4 3 90.184 90.184
1 3 3 90.184 90.184
1 1 3 90.184 90.184
1 2 3 90.252 90.252
1 4 3 90.32 90.32
1 3 3 90.456 90.456
1 2 3 90.524 90.524
1 1 3 90.593 90.593
1 3 3 90.661 90.661
1 2 3 90.729 90.729
1 4 3 90.729 90.729
1 2 3 90.865 90.865
1 3 3 91.002 91.002
1 3 3 91.138 91.138
1 1 3 91.274 91.274
1 4 3 91.274 91.274
1 2 3 91.274 91.274
1 1 3 91.411 91.411
1 3 3 91.547 91.547
1 2 3 91.615 91.615
1 4 3 91.684 91.684
1 3 3 91.752 91.752
1 1 3 91.82 91.82
1 2 3 91.82 91.82
1 4 3 91.88 91.88
1 1 3 91.941 91.941
1 3 3 92.093 92.093
1 2 3 92.138 92.138
1 4 3 92.184 92.184
1 3 3 92.229 92.229
1 2 3 92.297 92.297
1 3 3 92.365 92.365
1 4 3 92.365 92.365
1 1 3 92.365 92.365
1 2 3 92.638 92.638
1 3 3 92.684 92.684
1 1 3 92.729 92.729
1 2 3 92.774 92.774
1 3 3 92.82 92.82
1 4 3 92.865 92.865
1 2 3 92.911 92.911
1 1 3 92.911 92.911
1 4 3 93.184 93.184
1 2 3 93.229 93.229
1 1 3 93.274 93.274
1 3 3 93.32 93.32
1 4 3 93.388 93.388
1 3 3 93.456 93.456
1 2 3 93.456 93.456
1 1 3 93.456 93.456
1 4 3 93.517 93.517
1 1 3 93.577 93.577
1 4 3 93.638 93.638
1 3 3 93.699 93.699
1 2 3 93.759 93.759
1 1 3 93.82 93.82
1 4 3 93.865 93.865
1 3 3 93.911 93.911
1 2 3 94.002 94.002
1 1 3 94.002 94.002
1 4 3 94.07 94.07
1 2 3 94.138 94.138
1 3 3 94.206 94.206
1 1 3 94.274 94.274
1 3 3 94.343 94.343
1 2 3 94.411 94.411
1 4 3 94.479 94.479
1 2 3 94.547 94.547
1 1 3 94.547 94.547
1 3 3 94.547 94.547
1 4 3 94.615 94.615
1 1 3 94.684 94.684
1 2 3 94.752 94.752
1 4 3 94.82 94.82
1 1 3 94.888 94.888
1 3 3 94.956 94.956
1 2 3 95.024 95.024
1 4 3 95.093 95.093
1 1 3 95.093 95.093
1 4 3 95.229 95.229
1 2 3 95.365 95.365
1 2 3 95.502 95.502
1 4 3 95.638 95.638
1 3 3 95.638 95.638
1 1 3 95.638 95.638
1 2 3 95.706 95.706
1 4 3 95.774 95.774
1 2 3 95.843 95.843
1 3 3 95.911 95.911
1 1 3 96.047 96.047
1 3 3 96.184 96.184
1 4 3 96.184 96.184
1 4 3 96.32 96.32
1 2 3 96.365 96.365
1 1 3 96.411 96.411
1 3 3 96.456 96.456
1 2 3 96.502 96.502
1 1 3 96.547 96.547
1 4 3 96.593 96.593
1 3 3 96.638 96.638
1 2 3 96.684 96.684
1 4 3 96.729 96.729
1 3 3 96.729 96.729
1 1 3 96.729 96.729
1 1 3 96.85 96.85
1 2 3 96.911 96.911
1 1 3 96.971 96.971
1 4 3 97.002 97.002
1 3 3 97.07 97.07
1 2 3 97.138 97.138
1 4 3 97.206 97.206
1 1 3 97.274 97.274
1 3 3 97.274 97.274
1 1 3 97.411 97.411
1 2 3 97.411 97.411
1 3 3 97.547 97.547
1 4 3 97.547 97.547
1 3 3 97.684 97.684
1 2 3 97.684 97.684
1 1 3 97.82 97.82
1 2 3 97.82 97.82
1 4 3 97.82 97.82
1 1 3 98.093 98.093
1 2 3 98.153 98.153
1 4 3 98.214 98.214
1 3 3 98.274 98.274
1 2 3 98.335 98.335
1 4 3 98.365 98.365
1 1 3 98.365 98.365
1 3 3 98.426 98.426
1 2 3 98.487 98.487
1 4 3 98.547 98.547
1 1 3 98.608 98.608
1 3 3 98.668 98.668
1 4 3 98.729 98.729
1 2 3 98.79 98.79
1 3 3 98.85 98.85
1 1 3 98.911 98.911
1 2 3 98.911 98.911
1 4 3 98.911 98.911
1 3 3 98.979 98.979
1 1 3 99.047 99.047
1 3 3 99.184 99.184
1 2 3 99.252 99.252
1 4 3 99.32 99.32
1 1 3 99.388 99.388
1 3 3 99.456 99.456
1 2 3 99.456 99.456
1 3 3 99.593 99.593
1 2 3 99.729 99.729
1 2 3 99.865 99.865
1 4 3 100.002 100.002
1 1 3 100.002 100.002
1 3 3 100.002 100.002
1 4 3 100.138 100.138
1 2 3 100.274 100.274
1 3 3 100.343 100.343
1 1 3 100.411 100.411
1 2 3 100.479 100.479
1 4 3 100.547 100.547
1 3 3 100.547 100.547
1 1 3 100.608 100.608
1 2 3 100.668 100.668
1 3 3 100.729 100.729
1 2 3 100.82 100.82
1 3 3 100.865 100.865
1 1 3 100.911 100.911
1 2 3 100.956 100.956
1 3 3 101.024 101.024
1 2 3 101.093 101.093
1 1 3 101.093 101.093
1 4 3 101.093 101.093
1 3 3 101.365 101.365
1 2 3 101.411 101.411
1 4 3 101.456 101.456
1 3 3 101.502 101.502
1 4 3 101.638 101.638
1 1 3 101.638 101.638
1 4 3 101.774 101.774
1 2 3 101.911 101.911
1 3 3 101.979 101.979
1 1 3 102.002 102.002
1 2 3 102.047 102.047
1 4 3 102.184 102.184
1 3 3 102.184 102.184
1 1 3 102.184 102.184
1 1 3 102.32 102.32
1 4 3 102.456 102.456
1 3 3 102.456 102.456
1 4 3 102.593 102.593
2 3 3 102.729 103.002
1 2 3 102.865 102.865
2 2 3 103.002 103.138
1 3 3 103.138 103.138
2 2 3 103.274 103.547
1 3 3 103.411 103.411
2 3 3 103.547 103.684
1 1 3 103.684 103.684
2 3 3 103.82 104.093
1 2 3 103.956 103.956
2 4 3 104.093 104.229
1 3 3 104.229 104.229
1 2 3 104.365 104.365
2 1 3 104.365 104.638
1 4 3 104.365 104.365
1 3 3 104.502 104.502
2 4 3 104.638 104.911
1 3 3 104.911 104.911
1 1 3 104.911 104.911
1 2 3 104.911 104.911
1 4 3 104.971 104.971
1 2 3 105.032 105.032
1 3 3 105.093 105.093
1 1 3 105.153 105.153
1 4 3 105.214 105.214
1 2 3 105.274 105.274
1 3 3 105.365 105.365
1 1 3 105.456 105.456
1 4 3 105.456 105.456
1 2 3 105.456 105.456
1 3 3 105.517 105.517
1 2 3 105.577 105.577
1 4 3 105.638 105.638
1 3 3 105.699 105.699
1 1 3 105.759 105.759
1 4 3 105.82 105.82
1 2 3 105.88 105.88
1 1 3 105.941 105.941
1 3 3 106.002 106.002
1 4 3 106.002 106.002
1 2 3 106.138 106.138
1 2 3 106.274 106.274
1 3 3 106.291 106.291
1 1 3 106.411 106.411
1 2 3 106.428 106.428
1 1 3 106.547 106.547
1 3 3 106.547 106.547
1 4 3 106.547 106.547
1 4 3 106.684 106.684
1 3 3 106.82 106.82
1 4 3 106.837 106.837
1 2 3 106.956 106.956
1 3 3 106.973 106.973
1 1 3 107.093 107.093
1 4 3 107.093 107.093
1 2 3 107.153 107.153
1 3 3 107.214 107.214
1 1 3 107.274 107.274
1 4 3 107.335 107.335
1 2 3 107.396 107.396
1 3 3 107.456 107.456
1 2 3 107.547 107.547
1 4 3 107.638 107.638
1 1 3 107.638 107.638
1 3 3 107.638 107.638
1 2 3 107.699 107.699
1 4 3 107.759 107.759
1 3 3 107.82 107.82
1 1 3 107.88 107.88
1 4 3 107.941 107.941
1 2 3 108.002 108.002
1 1 3 108.062 108.062
1 3 3 108.123 108.123
1 4 3 108.184 108.184
1 2 3 108.184 108.184
1 3 3 108.32 108.32
1 3 3 108.456 108.456
1 2 3 108.473 108.473
1 4 3 108.593 108.593
1 3 3 108.61 108.61
1 1 3 108.729 108.729
1 2 3 108.729 108.729
1 4 3 108.729 108.729
1 1 3 108.865 108.865
1 2 3 109.002 109.002
1 1 3 109.019 109.019
1 3 3 109.138 109.138
1 2 3 109.155 109.155
1 1 3 109.274 109.274
1 4 3 109.274 109.274
1 3 3 109.335 109.335
1 2 3 109.396 109.396
1 4 3 109.456 109.456
1 3 3 109.517 109.517
1 4 3 109.577 109.577
1 2 3 109.638 109.638
1 3 3 109.729 109.729
1 1 3 109.82 109.82
1 2 3 109.82 109.82
1 4 3 109.82 109.82
1 3 3 109.88 109.88
1 2 3 109.941 109.941
1 1 3 110.002 110.002
1 3 3 110.062 110.062
1 2 3 110.123 110.123
1 4 3 110.184 110.184
1 3 3 110.244 110.244
1 2 3 110.305 110.305
1 3 3 110.365 110.365
1 4 3 110.365 110.365
1 2 3 110.502 110.502
1 2 3 110.638 110.638
1 3 3 110.655 110.655
1 1 3 110.774 110.774
1 2 3 110.791 110.791
1 1 3 110.911 110.911
1 3 3 110.911 110.911
1 4 3 110.911 110.911
1 4 3 111.047 111.047
1 3 3 111.184 111.184
1 4 3 111.2 111.2
1 2 3 111.32 111.32
1 3 3 111.337 111.337
1 1 3 111.456 111.456
1 2 3 111.456 111.456
1 4 3 111.517 111.517
1 3 3 111.577 111.577
1 4 3 111.729 111.729
1 1 3 111.774 111.774
1 2 3 111.82 111.82
1 3 3 111.865 111.865
1 1 3 111.911 111.911
1 4 3 112.002 112.002
1 2 3 112.002 112.002
1 3 3 112.002 112.002
1 1 3 112.062 112.062
1 4 3 112.123 112.123
1 1 3 112.274 112.274
1 3 3 112.32 112.32
1 2 3 112.365 112.365
1 1 3 112.411 112.411
1 3 3 112.456 112.456
1 4 3 112.547 112.547
1 2 3 112.547 112.547
1 1 3 112.608 112.608
1 3 3 112.668 112.668
1 4 3 112.82 112.82
1 1 3 112.865 112.865
1 3 3 112.911 112.911
1 2 3 112.956 112.956
1 4 3 113.002 113.002
1 2 3 113.093 113.093
1 3 3 113.093 113.093
1 1 3 113.093 113.093
1 4 3 113.153 113.153
1 1 3 113.214 113.214
1 3 3 113.365 113.365
1 1 3 113.411 113.411
1 2 3 113.456 113.456
1 4 3 113.502 113.502
1 3 3 113.547 113.547
1 1 3 113.638 113.638
1 2 3 113.638 113.638
1 3 3 113.699 113.699
1 4 3 113.759 113.759
1 1 3 113.82 113.82
1 2 3 113.88 113.88
1 4 3 113.941 113.941
1 1 3 114.002 114.002
1 3 3 114.093 114.093
1 1 3 114.184 114.184
1 4 3 114.184 114.184
1 2 3 114.184 114.184
1 3 3 114.244 114.244
1 2 3 114.305 114.305
1 4 3 114.365 114.365
1 3 3 114.426 114.426
1 1 3 114.487 114.487
1 4 3 114.547 114.547
1 2 3 114.608 114.608
1 1 3 114.668 114.668
1 3 3 114.729 114.729
1 4 3 114.729 114.729
1 2 3 114.865 114.865
1 2 3 115.002 115.002
1 3 3 115.019 115.019
1 1 3 115.138 115.138
1 2 3 115.155 115.155
1 1 3 115.274 115.274
1 3 3 115.274 115.274
1 4 3 115.274 115.274
1 4 3 115.411 115.411
1 3 3 115.547 115.547
1 4 3 115.564 115.564
1 2 3 115.684 115.684
1 3 3 115.701 115.701
1 1 3 115.82 115.82
1 4 3 115.82 115.82
1 2 3 115.88 115.88
1 3 3 115.941 115.941
1 1 3 116.002 116.002
1 4 3 116.062 116.062
1 2 3 116.123 116.123
1 3 3 116.184 116.184
1 2 3 116.274 116.274
1 4 3 116.365 116.365
1 1 3 116.365 116.365
1 3 3 116.365 116.365
1 2 3 116.426 116.426
1 4 3 116.487 116.487
1 3 3 116.547 116.547
1 1 3 116.608 116.608
1 4 3 116.668 116.668
1 2 3 116.729 116.729
1 1 3 116.79 116.79
1 3 3 116.85 116.85
1 4 3 116.911 116.911
1 2 3 116.911 116.911
1 3 3 117.047 117.047
1 3 3 117.184 117.184
1 2 3 117.201 117.201
1 4 3 117.32 117.32
1 3 3 117.337 117.337
1 1 3 117.456 117.456
1 2 3 117.456 117.456
1 4 3 117.456 117.456
1 1 3 117.593 117.593
1 2 3 117.729 117.729
1 1 3 117.746 117.746
1 3 3 117.865 117.865
1 2 3 117.882 117.882
1 1 3 118.002 118.002
1 4 3 118.002 118.002
1 3 3 118.062 118.062
1 2 3 118.123 118.123
1 4 3 118.184 118.184
1 3 3 118.244 118.244
1 4 3 118.305 118.305
1 2 3 118.365 118.365
1 3 3 118.456 118.456
1 1 3 118.547 118.547
1 2 3 118.547 118.547
1 4 3 118.547 118.547
1 3 3 118.608 118.608
1 2 3 118.668 118.668
1 1 3 118.729 118.729
1 3 3 118.79 118.79
1 2 3 118.85 118.85
1 4 3 118.911 118.911
1 3 3 118.971 118.971
1 2 3 119.032 119.032
1 3 3 119.093 119.093
1 4 3 119.093 119.093
1 2 3 119.229 119.229
1 2 3 119.365 119.365
1 3 3 119.382 119.382
1 1 3 119.502 119.502
1 2 3 119.518 119.518
1 1 3 119.638 119.638
1 3 3 119.638 119.638
1 4 3 119.638 119.638
1 4 3 119.774 119.774
1 3 3 119.911 119.911
1 4 3 119.928 119.928
1 2 3 120.047 120.047
1 3 3 120.064 120.064
1 1 3 120.184 120.184
1 4 3 120.244 120.244
1 3 3 120.305 120.305
1 4 3 120.456 120.456
1 1 3 120.502 120.502
1 2 3 120.547 120.547
1 3 3 120.593 120.593
1 1 3 120.638 120.638
1 4 3 120.729 120.729
1 2 3 120.79 120.79
1 4 3 120.85 120.85
1 1 3 121.002 121.002
1 3 3 121.047 121.047
1 2 3 121.093 121.093
1 1 3 121.138 121.138
1 3 3 121.184 121.184
1 4 3 121.274 121.274
1 1 3 121.365 121.365
1 3 3 121.396 121.396
1 4 3 121.547 121.547
1 1 3 121.593 121.593
1 3 3 121.638 121.638
1 2 3 121.684 121.684
1 4 3 121.729 121.729
1 1 3 121.82 121.82
1 2 3 121.82 121.82
1 3 3 121.88 121.88
1 1 3 121.941 121.941
1 3 3 122.093 122.093
1 4 3 122.093 122.093
1 1 3 122.138 122.138
1 2 3 122.184 122.184
1 3 3 122.229 122.229
1 1 3 122.365 122.365
1 2 3 122.365 122.365
1 4 3 122.365 122.365
1 3 3 122.426 122.426
1 1 3 122.487 122.487
1 4 3 122.547 122.547
1 2 3 122.608 122.608
1 3 3 122.668 122.668
1 4 3 122.729 122.729
1 2 3 122.82 122.82
1 1 3 122.911 122.911
1 3 3 122.911 122.911
1 4 3 122.911 122.911
1 2 3 122.971 122.971
1 1 3 123.032 123.032
1 3 3 123.093 123.093
1 2 3 123.153 123.153
1 4 3 123.214 123.214
1 3 3 123.274 123.274
1 2 3 123.335 123.335
1 4 3 123.396 123.396
1 3 3 123.456 123.456
1 1 3 123.456 123.456
1 1 3 123.593 123.593
1 3 3 123.729 123.729
1 2 3 123.729 123.729
1 3 3 123.865 123.865
1 4 3 123.865 123.865
1 4 3 124.002 124.002
1 2 3 124.002 124.002
1 1 3 124.002 124.002
1 3 3 124.138 124.138
1 1 3 124.138 124.138
1 4 3 124.274 124.274
1 2 3 124.274 124.274
1 4 3 124.411 124.411
1 1 3 124.547 124.547
1 2 3 124.547 124.547
1 3 3 124.615 124.615
1 1 3 124.684 124.684
1 4 3 124.752 124.752
1 3 3 124.82 124.82
1 2 3 124.888 124.888
1 4 3 125.002 125.002
1 1 3 125.093 125.093
1 3 3 125.093 125.093
1 2 3 125.093 125.093
1 4 3 125.161 125.161
1 2 3 125.229 125.229
1 3 3 125.297 125.297
1 1 3 125.365 125.365
1 2 3 125.434 125.434
1 1 3 125.502 125.502
1 3 3 125.57 125.57
1 2 3 125.638 125.638
1 4 3 125.638 125.638
1 4 3 125.774 125.774
1 3 3 125.774 125.774
1 2 3 125.911 125.911
1 1 3 125.911 125.911
1 2 3 126.047 126.047
1 3 3 126.047 126.047
1 3 3 126.184 126.184
1 4 3 126.184 126.184
1 1 3 126.184 126.184
1 1 3 126.32 126.32
1 2 3 126.32 126.32
1 3 3 126.456 126.456
1 4 3 126.456 126.456
1 3 3 126.593 126.593
1 1 3 126.729 126.729
1 2 3 126.729 126.729
1 4 3 126.797 126.797
1 3 3 126.865 126.865
1 2 3 126.934 126.934
1 4 3 127.002 127.002
1 1 3 127.07 127.07
1 3 3 127.138 127.138
1 2 3 127.206 127.206
1 1 3 127.274 127.274
1 3 3 127.274 127.274
1 4 3 127.274 127.274
1 2 3 127.335 127.335
1 4 3 127.396 127.396
1 1 3 127.456 127.456
1 3 3 127.517 127.517
1 4 3 127.577 127.577
1 2 3 127.638 127.638
1 3 3 127.699 127.699
1 1 3 127.759 127.759
1 4 3 127.82 127.82
1 2 3 127.82 127.82
1 2 3 127.956 127.956
1 4 3 128.093 128.093
1 3 3 128.093 128.093
1 4 3 128.229 128.229
1 2 3 128.229 128.229
1 3 3 128.365 128.365
1 1 3 128.365 128.365
1 2 3 128.365 128.365
1 1 3 128.502 128.502
1 4 3 128.502 128.502
1 3 3 128.638 128.638
1 2 3 128.638 128.638
1 3 3 128.774 128.774
1 4 3 128.911 128.911
1 1 3 128.911 128.911
1 2 3 128.979 128.979
1 1 3 129.047 129.047
1 4 3 129.184 129.184
1 2 3 129.229 129.229
1 4 3 129.274 129.274
1 1 3 129.32 129.32
1 2 3 129.456 129.456
1 4 3 129.456 129.456
1 3 3 129.456 129.456
1 1 3 129.524 129.524
1 2 3 129.593 129.593
1 3 3 129.729 129.729
1 1 3 129.774 129.774
1 3 3 129.82 129.82
1 4 3 129.865 129.865
1 2 3 130.002 130.002
1 1 3 130.002 130.002
1 3 3 130.062 130.062
1 1 3 130.123 130.123
1 2 3 130.274 130.274
1 3 3 130.32 130.32
1 2 3 130.365 130.365
1 1 3 130.411 130.411
1 4 3 130.547 130.547
1 1 3 130.547 130.547
1 2 3 130.547 130.547
1 3 3 130.608 130.608
1 4 3 130.668 130.668
1 1 3 130.82 130.82
1 4 3 130.865 130.865
1 1 3 130.911 130.911
1 3 3 130.956 130.956
1 3 3 131.093 131.093
1 4 3 131.093 131.093
1 1 3 131.093 131.093
1 2 3 131.153 131.153
1 4 3 131.214 131.214
1 1 3 131.274 131.274
1 3 3 131.335 131.335
1 2 3 131.396 131.396
1 1 3 131.456 131.456
1 4 3 131.547 131.547
1 3 3 131.638 131.638
1 2 3 131.638 131.638
1 1 3 131.638 131.638
1 4 3 131.699 131.699
1 2 3 131.759 131.759
1 3 3 131.82 131.82
1 4 3 131.88 131.88
1 1 3 131.941 131.941
1 2 3 132.002 132.002
1 4 3 132.062 132.062
1 1 3 132.123 132.123
1 2 3 132.184 132.184
1 3 3 132.184 132.184
1 3 3 132.32 132.32
1 4 3 132.456 132.456
1 2 3 132.456 132.456
1 2 3 132.593 132.593
1 1 3 132.593 132.593
1 1 3 132.729 132.729
1 4 3 132.729 132.729
1 3 3 132.729 132.729
1 2 3 132.865 132.865
1 3 3 132.865 132.865
1 4 3 133.002 133.002
1 2 3 133.002 133.002
1 4 3 133.138 133.138
1 1 3 133.274 133.274
1 3 3 133.274 133.274
1 2 3 133.343 133.343
1 1 3 133.411 133.411
1 3 3 133.479 133.479
1 4 3 133.547 133.547
1 2 3 133.615 133.615
1 1 3 133.729 133.729
1 3 3 133.82 133.82
1 2 3 133.82 133.82
1 4 3 133.82 133.82
1 1 3 133.888 133.888
1 4 3 133.956 133.956
1 3 3 134.024 134.024
1 1 3 134.093 134.093
1 4 3 134.161 134.161
1 1 3 134.229 134.229
1 2 3 134.297 134.297
1 3 3 134.365 134.365
1 4 3 134.365 134.365
1 3 3 134.502 134.502
1 1 3 134.502 134.502
1 2 3 134.638 134.638
1 1 3 134.638 134.638
1 4 3 134.774 134.774
1 2 3 134.774 134.774
1 4 3 134.911 134.911
1 1 3 134.911 134.911
1 3 3 134.911 134.911
1 2 3 135.047 135.047
1 3 3 135.047 135.047
1 2 3 135.184 135.184
1 1 3 135.184 135.184
1 1 3 135.32 135.32
1 3 3 135.456 135.456
1 4 3 135.456 135.456
1 1 3 135.524 135.524
1 2 3 135.593 135.593
1 4 3 135.661 135.661
1 1 3 135.729 135.729
1 3 3 135.797 135.797
1 2 3 135.865 135.865
1 4 3 135.934 135.934
1 3 3 136.002 136.002
1 2 3 136.002 136.002
1 1 3 136.002 136.002
1 4 3 136.062 136.062
1 1 3 136.123 136.123
1 3 3 136.184 136.184
1 2 3 136.244 136.244
1 1 3 136.305 136.305
1 4 3 136.365 136.365
1 2 3 136.426 136.426
1 3 3 136.487 136.487
1 1 3 136.547 136.547
1 4 3 136.547 136.547
1 4 3 136.684 136.684
1 3 3 136.82 136.82
1 1 3 136.82 136.82
1 2 3 136.956 136.956
1 1 3 136.956 136.956
1 2 3 137.093 137.093
1 3 3 137.093 137.093
1 4 3 137.093 137.093
1 3 3 137.229 137.229
1 2 3 137.365 137.365
1 4 3 137.365 137.365
1 2 3 137.502 137.502
1 1 3 137.638 137.638
1 4 3 137.638 137.638
1 2 3 137.774 137.774
1 4 3 137.911 137.911
1 3 3 137.956 137.956
1 1 3 138.002 138.002
1 2 3 138.047 138.047
1 3 3 138.184 138.184
1 1 3 138.184 138.184
1 4 3 138.32 138.32
1 2 3 138.456 138.456
1 4 3 138.524 138.524
1 3 3 138.593 138.593
1 4 3 138.729 138.729
1 1 3 138.865 138.865
1 2 3 139.002 139.002
1 1 3 139.07 139.07
1 3 3 139.138 139.138
1 4 3 139.274 139.274
1 2 3 139.274 139.274
1 1 3 139.411 139.411
1 3 3 139.547 139.547
1 4 3 139.547 139.547
2 2 3 139.82 139.956
2 1 3 139.82 140.365
2 4 3 139.82 140.093
2 2 3 140.093 140.229
2 2 3 140.365 140.502
2 2 3 140.638 140.774
2 4 3 140.911 141.047
2 4 3 141.184 141.32
2 4 3 141.456 141.593
2 4 3 141.729 141.865
2 2 3 142.002 142.138
2 2 3 142.274 142.411
2 2 3 142.547 142.684
2 2 3 142.82 142.956
2 3 3 143.093 143.229
2 1 3 143.229 143.365
2 3 3 143.365 143.502
2 2 3 143.502 143.638
2 3 3 143.638 143.774
2 2 3 143.774 143.911
2 3 3 143.911 144.047
2 1 3 144.184 144.729
1 3 3 144.456 144.456
2 3 3 144.729 145.274
1 2 3 145.002 145.002
2 2 3 145.274 145.547
2 3 3 145.547 145.684
2 1 3 145.684 145.82
2 3 3 145.82 145.956
2 2 3 145.956 146.093
2 3 3 146.093 146.229
2 4 3 146.365 146.638
2 3 3 146.638 146.911
2 1 3 146.911 147.184
2 3 3 147.184 147.456
2 4 3 147.456 147.593
2 2 3 147.593 147.729
2 3 3 147.729 147.865
2 1 3 147.865 148.002
2 2 3 148.002 148.138
2 2 3 148.274 148.411
2 3 3 148.411 148.547
2 1 3 148.547 149.093
1 3 3 148.82 148.82
2 3 3 149.093 149.638
1 2 3 149.365 149.365
2 2 3 149.638 149.911
2 3 3 149.911 150.047
2 1 3 150.047 150.184
2 3 3 150.184 150.32
2 2 3 150.32 150.456
2 3 3 150.456 150.593
2 4 3 150.729 151.002
2 3 3 151.002 151.274
2 1 3 151.274 151.547
2 4 3 151.547 151.684
2 3 3 151.684 151.82
2 2 3 151.82 151.956
2 4 3 151.956 152.093
2 1 3 152.093 152.229
2 2 3 152.229 152.365
2 1 3 152.365 152.502
2 3 3 152.502 152.638
2 2 3 152.638 152.774
2 1 3 152.911 153.456
1 2 3 153.184 153.184
2 2 3 153.456 154.002
1 3 3 153.729 153.729
2 3 3 154.002 154.274
2 1 3 154.274 154.411
2 2 3 154.411 154.547
2 3 3 154.547 154.684
2 4 3 154.82 154.956
2 4 3 155.093 155.229
2 2 3 155.229 155.365
2 3 3 155.365 155.502
2 1 3 155.502 155.638
2 3 3 155.638 155.774
2 2 3 155.774 155.911
2 1 3 155.911 156.047
2 2 3 156.047 156.184
2 4 3 156.184 156.32
2 3 3 156.32 156.456
2 1 3 156.456 156.593
2 4 3 156.593 156.729
2 3 3 156.729 156.865
2 1 3 156.865 157.002
2 3 3 157.002 157.138
1 4 3 157.274 157.274
2 1 3 157.274 157.82
2 2 3 157.274 157.547
2 4 3 157.547 157.684
2 3 3 157.547 157.684
2 3 3 157.82 158.365
2 4 3 158.093 158.229
2 1 3 158.093 158.229
2 2 3 158.365 158.638
2 4 3 158.638 158.774
2 3 3 158.638 158.774
2 1 3 158.774 158.911
2 3 3 158.911 159.047
2 2 3 159.047 159.184
2 3 3 159.184 159.32
2 1 3 159.184 159.32
2 4 3 159.456 159.729
2 3 3 159.729 160.002
2 2 3 159.729 159.865
2 1 3 160.002 160.274
2 3 3 160.274 160.411
2 4 3 160.274 160.411
2 2 3 160.411 160.547
2 4 3 160.547 160.684
2 3 3 160.684 160.82
2 2 3 160.82 160.956
2 1 3 160.82 160.956
2 3 3 160.956 161.093
2 4 3 161.093 161.229
2 1 3 161.229 161.365
2 2 3 161.365 161.502
2 3 3 161.365 161.502
2 1 3 161.638 162.184
2 2 3 161.911 162.047
2 3 3 161.911 162.047
2 3 3 162.184 162.729
2 2 3 162.456 162.593
2 4 3 162.456 162.593
2 2 3 162.729 163.002
2 3 3 163.002 163.138
2 4 3 163.002 163.138
2 1 3 163.138 163.274
2 3 3 163.274 163.411
2 2 3 163.411 163.547
2 3 3 163.547 163.684
2 1 3 163.547 163.684
2 4 3 163.82 164.093
2 3 3 164.093 164.365
2 1 3 164.093 164.229
2 1 3 164.365 164.638
2 3 3 164.638 164.911
2 2 3 164.638 164.774
2 4 3 164.911 165.047
2 2 3 165.047 165.184
2 3 3 165.184 165.32
2 4 3 165.184 165.32
2 1 3 165.32 165.456
2 2 3 165.456 165.593
2 2 3 165.729 165.865
2 4 3 165.729 165.865
2 3 3 165.865 166.002
2 1 3 166.002 166.547
2 2 3 166.274 166.411
2 3 3 166.274 166.411
2 3 3 166.547 167.093
2 2 3 166.82 166.956
2 1 3 166.82 166.956
2 2 3 167.093 167.365
2 3 3 167.365 167.502
2 4 3 167.365 167.502
2 1 3 167.502 167.638
2 3 3 167.638 167.774
2 2 3 167.774 167.911
2 3 3 167.911 168.047
2 4 3 167.911 168.047
2 4 3 168.184 168.456
2 3 3 168.456 168.729
2 2 3 168.456 168.593
2 1 3 168.729 169.002
2 4 3 169.002 169.138
2 2 3 169.002 169.138
2 3 3 169.138 169.274
2 2 3 169.274 169.411
2 4 3 169.411 169.547
2 1 3 169.547 169.684
2 3 3 169.547 169.684
2 2 3 169.684 169.82
2 1 3 169.82 169.956
2 3 3 169.956 170.093
2 2 3 170.093 170.229
2 4 3 170.093 170.229
2 1 3 170.365 170.911
2 3 3 170.638 170.774
2 2 3 170.638 170.774
2 2 3 170.911 171.456
2 3 3 171.184 171.32
2 4 3 171.184 171.32
2 3 3 171.456 171.729
2 1 3 171.729 171.865
2 4 3 171.729 171.865
2 2 3 171.865 172.002
2 3 3 172.002 172.138
2 4 3 172.274 172.411
2 1 3 172.274 172.411
2 4 3 172.547 172.684
2 2 3 172.684 172.82
2 3 3 172.82 172.956
2 1 3 172.956 173.093
2 3 3 173.093 173.229
2 2 3 173.229 173.365
2 1 3 173.365 173.502
2 2 3 173.502 173.638
2 4 3 173.638 173.774
2 3 3 173.774 173.911
2 1 3 173.911 174.047
2 3 3 174.047 174.184
1 4 3 174.184 174.184
1 2 3 174.184 174.184
1 1 3 174.184 174.184
1 4 3 174.729 174.729
1 3 3 174.729 174.729
1 2 3 174.729 174.729
1 1 3 174.865 174.865
1 3 3 174.911 174.911
1 4 3 174.956 174.956
1 2 3 175.002 175.002
1 3 3 175.047 175.047
1 4 3 175.093 175.093
1 1 3 175.138 175.138
1 2 3 175.184 175.184
1 3 3 175.229 175.229
1 4 3 175.274 175.274
1 2 3 175.274 175.274
1 1 3 175.274 175.274
1 4 3 175.396 175.396
1 3 3 175.456 175.456
1 1 3 175.517 175.517
1 4 3 175.577 175.577
1 2 3 175.638 175.638
1 1 3 175.699 175.699
1 3 3 175.759 175.759
1 4 3 175.82 175.82
1 2 3 175.82 175.82
1 4 3 175.956 175.956
1 1 3 176.093 176.093
1 2 3 176.093 176.093
1 3 3 176.229 176.229
1 2 3 176.229 176.229
1 1 3 176.365 176.365
1 3 3 176.365 176.365
1 4 3 176.365 176.365
1 1 3 176.502 176.502
1 2 3 176.502 176.502
1 3 3 176.638 176.638
1 4 3 176.638 176.638
1 1 3 176.774 176.774
1 3 3 176.774 176.774
1 4 3 176.911 176.911
1 2 3 176.911 176.911
1 1 3 176.971 176.971
1 3 3 177.032 177.032
1 2 3 177.093 177.093
1 4 3 177.153 177.153
1 2 3 177.214 177.214
1 1 3 177.274 177.274
1 3 3 177.335 177.335
1 2 3 177.396 177.396
1 1 3 177.456 177.456
1 3 3 177.456 177.456
1 4 3 177.456 177.456
1 2 3 177.524 177.524
1 4 3 177.593 177.593
1 3 3 177.729 177.729
1 2 3 177.797 177.797
1 1 3 177.865 177.865
1 3 3 177.934 177.934
1 4 3 178.002 178.002
1 2 3 178.002 178.002
1 2 3 178.138 178.138
1 3 3 178.274 178.274
1 3 3 178.411 178.411
1 2 3 178.547 178.547
1 4 3 178.547 178.547
1 1 3 178.547 178.547
1 1 3 178.684 178.684
1 3 3 178.82 178.82
1 2 3 178.888 178.888
1 4 3 178.956 178.956
1 3 3 179.024 179.024
1 1 3 179.093 179.093
1 2 3 179.093 179.093
1 4 3 179.153 179.153
1 1 3 179.214 179.214
1 3 3 179.365 179.365
1 2 3 179.411 179.411
1 4 3 179.456 179.456
1 3 3 179.502 179.502
1 2 3 179.57 179.57
1 3 3 179.638 179.638
1 4 3 179.638 179.638
1 1 3 179.638 179.638
1 1 3 179.774 179.774
1 2 3 179.774 179.774
1 4 3 179.911 179.911
1 2 3 179.911 179.911
1 3 3 180.047 180.047
1 1 3 180.047 180.047
1 4 3 180.184 180.184
1 3 3 180.184 180.184
1 1 3 180.32 180.32
1 2 3 180.32 180.32
1 3 3 180.456 180.456
1 2 3 180.456 180.456
1 1 3 180.593 180.593
1 4 3 180.593 180.593
1 4 3 180.729 180.729
1 2 3 180.729 180.729
1 3 3 180.729 180.729
1 2 3 180.865 180.865
1 1 3 180.865 180.865
1 1 3 181.002 181.002
1 4 3 181.002 181.002
1 3 3 181.138 181.138
1 4 3 181.138 181.138
1 1 3 181.274 181.274
1 2 3 181.274 181.274
1 4 3 181.343 181.343
1 2 3 181.411 181.411
1 3 3 181.479 181.479
1 1 3 181.547 181.547
1 3 3 181.615 181.615
1 2 3 181.684 181.684
1 4 3 181.752 181.752
1 3 3 181.82 181.82
1 1 3 181.82 181.82
1 2 3 181.82 181.82
1 4 3 181.888 181.888
1 1 3 181.956 181.956
1 2 3 182.024 182.024
1 4 3 182.093 182.093
1 1 3 182.161 182.161
1 3 3 182.229 182.229
1 2 3 182.297 182.297
1 1 3 182.365 182.365
1 4 3 182.365 182.365
1 4 3 182.502 182.502
1 2 3 182.638 182.638
1 2 3 182.774 182.774
1 1 3 182.911 182.911
1 3 3 182.911 182.911
1 4 3 182.911 182.911
1 2 3 182.979 182.979
1 4 3 183.047 183.047
1 2 3 183.115 183.115
1 3 3 183.184 183.184
1 1 3 183.32 183.32
1 4 3 183.456 183.456
1 1 3 183.456 183.456
1 4 3 183.593 183.593
1 2 3 183.638 183.638
1 1 3 183.684 183.684
1 3 3 183.729 183.729
1 2 3 183.774 183.774
1 1 3 183.82 183.82
1 4 3 183.865 183.865
1 3 3 183.911 183.911
1 2 3 183.956 183.956
1 4 3 184.002 184.002
1 3 3 184.002 184.002
1 1 3 184.002 184.002
1 1 3 184.123 184.123
1 2 3 184.184 184.184
1 4 3 184.274 184.274
1 3 3 184.343 184.343
1 2 3 184.411 184.411
1 4 3 184.479 184.479
1 3 3 184.547 184.547
1 1 3 184.547 184.547
1 2 3 184.684 184.684
1 1 3 184.684 184.684
1 4 3 184.82 184.82
1 3 3 184.82 184.82
1 4 3 184.956 184.956
1 2 3 184.956 184.956
1 2 3 185.093 185.093
1 1 3 185.093 185.093
1 3 3 185.093 185.093
1 4 3 185.153 185.153
1 1 3 185.214 185.214
1 2 3 185.274 185.274
1 3 3 185.365 185.365
1 2 3 185.434 185.434
1 4 3 185.502 185.502
1 3 3 185.547 185.547
1 2 3 185.593 185.593
1 1 3 185.638 185.638
1 4 3 185.638 185.638
1 3 3 185.699 185.699
1 2 3 185.759 185.759
1 4 3 185.82 185.82
1 1 3 185.88 185.88
1 3 3 185.941 185.941
1 4 3 186.002 186.002
1 2 3 186.062 186.062
1 3 3 186.123 186.123
1 4 3 186.184 186.184
1 2 3 186.184 186.184
1 1 3 186.184 186.184
1 3 3 186.252 186.252
1 1 3 186.32 186.32
1 3 3 186.456 186.456
1 2 3 186.524 186.524
1 4 3 186.593 186.593
1 1 3 186.661 186.661
1 2 3 186.729 186.729
1 3 3 186.729 186.729
1 3 3 186.865 186.865
1 2 3 187.002 187.002
1 2 3 187.138 187.138
1 3 3 187.274 187.274
1 1 3 187.274 187.274
1 4 3 187.274 187.274
1 4 3 187.411 187.411
1 2 3 187.547 187.547
1 3 3 187.615 187.615
1 1 3 187.684 187.684
1 2 3 187.752 187.752
1 4 3 187.82 187.82
1 3 3 187.82 187.82
1 1 3 187.88 187.88
1 4 3 187.941 187.941
1 2 3 188.002 188.002
1 1 3 188.062 188.062
1 3 3 188.093 188.093
1 4 3 188.138 188.138
1 1 3 188.184 188.184
1 2 3 188.229 188.229
1 3 3 188.297 188.297
1 2 3 188.365 188.365
1 1 3 188.365 188.365
1 4 3 188.365 188.365
1 3 3 188.502 188.502
1 4 3 188.502 188.502
1 3 3 188.638 188.638
1 2 3 188.638 188.638
1 1 3 188.774 188.774
1 2 3 188.774 188.774
1 4 3 188.911 188.911
1 3 3 188.911 188.911
1 1 3 189.047 189.047
1 2 3 189.047 189.047
1 4 3 189.184 189.184
1 1 3 189.184 189.184
1 2 3 189.32 189.32
1 3 3 189.32 189.32
1 3 3 189.456 189.456
1 4 3 189.456 189.456
1 1 3 189.456 189.456
1 2 3 189.593 189.593
1 1 3 189.593 189.593
1 2 3 189.729 189.729
1 3 3 189.729 189.729
1 1 3 189.865 189.865
1 4 3 189.865 189.865
2 3 3 190.002 190.274
1 2 3 190.138 190.138
2 2 3 190.274 190.411
1 3 3 190.411 190.411
2 2 3 190.547 190.82
1 3 3 190.684 190.684
2 3 3 190.82 190.956
1 1 3 190.956 190.956
2 3 3 191.093 191.365
1 2 3 191.229 191.229
2 4 3 191.365 191.502
1 3 3 191.502 191.502
2 1 3 191.638 191.911
1 2 3 191.774 191.774
2 4 3 191.911 192.047
1 3 3 192.047 192.047
1 4 3 192.184 192.184
1 3 3 192.184 192.184
1 2 3 192.184 192.184
1 1 3 192.32 192.32
1 3 3 192.365 192.365
1 4 3 192.411 192.411
1 2 3 192.456 192.456
1 3 3 192.502 192.502
1 4 3 192.547 192.547
1 1 3 192.593 192.593
1 2 3 192.638 192.638
1 3 3 192.684 192.684
1 4 3 192.729 192.729
1 2 3 192.729 192.729
1 1 3 192.729 192.729
1 4 3 192.85 192.85
1 3 3 192.911 192.911
1 1 3 192.971 192.971
1 4 3 193.032 193.032
1 2 3 193.093 193.093
1 1 3 193.153 193.153
1 3 3 193.214 193.214
1 2 3 193.274 193.274
1 4 3 193.274 193.274
1 4 3 193.411 193.411
1 2 3 193.547 193.547
1 1 3 193.547 193.547
1 2 3 193.684 193.684
1 3 3 193.684 193.684
1 4 3 193.82 193.82
1 3 3 193.82 193.82
1 1 3 193.82 193.82
1 1 3 194.093 194.093
1 3 3 194.153 194.153
1 2 3 194.214 194.214
1 1 3 194.274 194.274
1 3 3 194.335 194.335
1 2 3 194.365 194.365
1 4 3 194.365 194.365
1 1 3 194.426 194.426
1 3 3 194.487 194.487
1 2 3 194.547 194.547
1 4 3 194.608 194.608
1 2 3 194.668 194.668
1 1 3 194.729 194.729
1 3 3 194.79 194.79
1 2 3 194.85 194.85
1 4 3 194.911 194.911
1 3 3 194.911 194.911
1 1 3 194.911 194.911
1 2 3 194.979 194.979
1 4 3 195.047 195.047
1 3 3 195.184 195.184
1 2 3 195.252 195.252
1 1 3 195.32 195.32
1 3 3 195.388 195.388
1 2 3 195.456 195.456
1 4 3 195.456 195.456
1 2 3 195.593 195.593
1 3 3 195.729 195.729
1 3 3 195.865 195.865
1 1 3 196.002 196.002
1 4 3 196.002 196.002
1 2 3 196.002 196.002
1 1 3 196.138 196.138
1 3 3 196.274 196.274
1 2 3 196.343 196.343
1 4 3 196.411 196.411
1 3 3 196.479 196.479
1 1 3 196.547 196.547
1 2 3 196.547 196.547
1 4 3 196.608 196.608
1 1 3 196.668 196.668
1 3 3 196.82 196.82
1 2 3 196.865 196.865
1 4 3 196.911 196.911
1 3 3 196.956 196.956
1 2 3 197.024 197.024
1 3 3 197.093 197.093
1 4 3 197.093 197.093
1 1 3 197.093 197.093
1 1 3 197.229 197.229
1 2 3 197.229 197.229
1 4 3 197.365 197.365
1 2 3 197.365 197.365
1 3 3 197.502 197.502
1 1 3 197.502 197.502
1 4 3 197.638 197.638
1 3 3 197.638 197.638
1 1 3 197.774 197.774
1 2 3 197.774 197.774
1 3 3 197.911 197.911
1 2 3 197.911 197.911
1 1 3 198.047 198.047
1 4 3 198.047 198.047
1 4 3 198.184 198.184
1 2 3 198.184 198.184
1 3 3 198.184 198.184
1 2 3 198.32 198.32
1 1 3 198.32 198.32
1 1 3 198.456 198.456
1 4 3 198.456 198.456
1 3 3 198.593 198.593
1 4 3 198.593 198.593
1 1 3 198.729 198.729
1 2 3 198.729 198.729
1 4 3 198.797 198.797
1 2 3 198.865 198.865
1 3 3 198.934 198.934
1 1 3 199.002 199.002
1 3 3 199.07 199.07
1 2 3 199.138 199.138
1 4 3 199.206 199.206
1 3 3 199.274 199.274
1 1 3 199.274 199.274
1 2 3 199.274 199.274
1 4 3 199.343 199.343
1 1 3 199.411 199.411
1 2 3 199.479 199.479
1 4 3 199.547 199.547
1 1 3 199.615 199.615
1 3 3 199.684 199.684
1 2 3 199.752 199.752
1 1 3 199.82 199.82
1 4 3 199.82 199.82
1 4 3 199.956 199.956
1 2 3 200.093 200.093
1 2 3 200.229 200.229
1 1 3 200.365 200.365
1 3 3 200.365 200.365
1 4 3 200.365 200.365
1 2 3 200.434 200.434
1 4 3 200.502 200.502
1 2 3 200.57 200.57
1 3 3 200.638 200.638
1 1 3 200.774 200.774
1 3 3 200.911 200.911
1 4 3 200.911 200.911
1 4 3 201.047 201.047
1 2 3 201.093 201.093
1 1 3 201.138 201.138
1 3 3 201.184 201.184
1 2 3 201.229 201.229
1 1 3 201.274 201.274
1 4 3 201.32 201.32
1 3 3 201.365 201.365
1 2 3 201.411 201.411
1 4 3 201.456 201.456
1 3 3 201.456 201.456
1 1 3 201.456 201.456
1 1 3 201.577 201.577
1 2 3 201.638 201.638
1 1 3 201.699 201.699
1 4 3 201.729 201.729
1 3 3 201.797 201.797
1 2 3 201.865 201.865
1 4 3 201.934 201.934
1 3 3 202.002 202.002
1 1 3 202.002 202.002
1 2 3 202.138 202.138
1 1 3 202.138 202.138
1 4 3 202.274 202.274
1 3 3 202.274 202.274
1 2 3 202.411 202.411
1 3 3 202.411 202.411
1 4 3 202.547 202.547
1 2 3 202.547 202.547
1 1 3 202.547 202.547
1 1 3 202.82 202.82
1 2 3 202.88 202.88
1 4 3 202.941 202.941
1 3 3 203.002 203.002
1 2 3 203.062 203.062
1 1 3 203.093 203.093
1 4 3 203.093 203.093
1 3 3 203.153 203.153
1 2 3 203.214 203.214
1 4 3 203.274 203.274
1 1 3 203.335 203.335
1 3 3 203.396 203.396
1 4 3 203.456 203.456
1 2 3 203.517 203.517
1 3 3 203.577 203.577
1 4 3 203.638 203.638
1 2 3 203.638 203.638
1 1 3 203.638 203.638
1 3 3 203.706 203.706
1 1 3 203.774 203.774
1 3 3 203.911 203.911
1 2 3 203.979 203.979
1 4 3 204.047 204.047
1 1 3 204.115 204.115
1 2 3 204.184 204.184
1 3 3 204.184 204.184
1 3 3 204.32 204.32
1 2 3 204.456 204.456
1 2 3 204.593 204.593
1 3 3 204.729 204.729
1 1 3 204.729 204.729
1 4 3 204.729 204.729
1 4 3 204.865 204.865
1 2 3 205.002 205.002
1 3 3 205.07 205.07
1 1 3 205.138 205.138
1 2 3 205.206 205.206
1 4 3 205.274 205.274
1 3 3 205.274 205.274
1 1 3 205.335 205.335
1 4 3 205.396 205.396
1 2 3 205.456 205.456
1 1 3 205.517 205.517
1 3 3 205.547 205.547
1 4 3 205.593 205.593
1 1 3 205.638 205.638
1 2 3 205.684 205.684
1 2 3 205.82 205.82
1 1 3 205.82 205.82
1 4 3 205.82 205.82
1 3 3 205.956 205.956
1 4 3 205.956 205.956
1 3 3 206.093 206.093
1 2 3 206.093 206.093
1 1 3 206.229 206.229
1 2 3 206.229 206.229
1 4 3 206.365 206.365
1 3 3 206.365 206.365
1 1 3 206.502 206.502
1 2 3 206.502 206.502
1 4 3 206.638 206.638
1 1 3 206.638 206.638
1 2 3 206.774 206.774
1 3 3 206.774 206.774
1 3 3 206.911 206.911
1 4 3 206.911 206.911
1 1 3 206.911 206.911
1 2 3 207.047 207.047
1 1 3 207.047 207.047
1 2 3 207.184 207.184
1 3 3 207.184 207.184
1 1 3 207.32 207.32
1 4 3 207.32 207.32
2 3 3 207.456 207.729
1 2 3 207.593 207.593
2 2 3 207.729 207.865
1 3 3 207.865 207.865
2 2 3 208.002 208.274
1 3 3 208.138 208.138
2 3 3 208.274 208.411
1 1 3 208.411 208.411
2 3 3 208.547 208.82
1 2 3 208.684 208.684
2 4 3 208.82 208.956
1 3 3 208.956 208.956
2 1 3 209.093 209.365
1 2 3 209.093 209.093
1 3 3 209.229 209.229
2 4 3 209.365 209.638
1 2 3 209.638 209.638
1 1 3 209.638 209.638
1 3 3 209.638 209.638
1 4 3 209.699 209.699
1 2 3 209.759 209.759
1 3 3 209.82 209.82
1 1 3 209.88 209.88
1 4 3 209.941 209.941
1 2 3 210.002 210.002
1 3 3 210.093 210.093
1 2 3 210.184 210.184
1 4 3 210.184 210.184
1 1 3 210.184 210.184
1 3 3 210.244 210.244
1 2 3 210.305 210.305
1 4 3 210.365 210.365
1 3 3 210.426 210.426
1 1 3 210.487 210.487
1 4 3 210.547 210.547
1 2 3 210.608 210.608
1 1 3 210.668 210.668
1 4 3 210.729 210.729
1 3 3 210.729 210.729
1 2 3 210.865 210.865
1 2 3 211.002 211.002
1 3 3 211.019 211.019
1 1 3 211.138 211.138
1 2 3 211.155 211.155
1 4 3 211.274 211.274
1 3 3 211.274 211.274
1 1 3 211.274 211.274
1 4 3 211.411 211.411
1 3 3 211.547 211.547
1 4 3 211.564 211.564
1 2 3 211.684 211.684
1 3 3 211.701 211.701
1 4 3 211.82 211.82
1 1 3 211.82 211.82
1 2 3 211.88 211.88
1 3 3 211.941 211.941
1 1 3 212.002 212.002
1 4 3 212.062 212.062
1 2 3 212.123 212.123
1 3 3 212.184 212.184
1 2 3 212.274 212.274
1 3 3 212.365 212.365
1 1 3 212.365 212.365
1 4 3 212.365 212.365
1 2 3 212.426 212.426
1 4 3 212.487 212.487
1 3 3 212.547 212.547
1 1 3 212.608 212.608
1 4 3 212.668 212.668
1 2 3 212.729 212.729
1 1 3 212.79 212.79
1 3 3 212.85 212.85
1 2 3 212.911 212.911
1 4 3 212.911 212.911
1 3 3 213.047 213.047
1 3 3 213.184 213.184
1 2 3 213.201 213.201
1 4 3 213.32 213.32
1 3 3 213.337 213.337
1 4 3 213.456 213.456
1 2 3 213.456 213.456
1 1 3 213.456 213.456
1 1 3 213.593 213.593
1 2 3 213.729 213.729
1 1 3 213.746 213.746
1 3 3 213.865 213.865
1 2 3 213.882 213.882
1 4 3 214.002 214.002
1 1 3 214.002 214.002
1 3 3 214.062 214.062
1 2 3 214.123 214.123
1 4 3 214.184 214.184
1 3 3 214.244 214.244
1 4 3 214.305 214.305
1 2 3 214.365 214.365
1 3 3 214.456 214.456
1 4 3 214.547 214.547
1 2 3 214.547 214.547
1 1 3 214.547 214.547
1 3 3 214.608 214.608
1 2 3 214.668 214.668
1 1 3 214.729 214.729
1 3 3 214.79 214.79
1 2 3 214.85 214.85
1 4 3 214.911 214.911
1 3 3 214.971 214.971
1 2 3 215.032 215.032
1 4 3 215.093 215.093
1 3 3 215.093 215.093
1 2 3 215.229 215.229
1 2 3 215.365 215.365
1 3 3 215.382 215.382
1 1 3 215.502 215.502
1 2 3 215.519 215.519
1 4 3 215.638 215.638
1 3 3 215.638 215.638
1 1 3 215.638 215.638
1 4 3 215.774 215.774
1 3 3 215.911 215.911
1 4 3 215.928 215.928
1 2 3 216.047 216.047
1 3 3 216.064 216.064
1 2 3 216.184 216.184
1 1 3 216.184 216.184
1 4 3 216.244 216.244
1 3 3 216.305 216.305
1 4 3 216.456 216.456
1 1 3 216.502 216.502
1 2 3 216.547 216.547
1 3 3 216.593 216.593
1 1 3 216.638 216.638
1 3 3 216.729 216.729
1 2 3 216.729 216.729
1 4 3 216.729 216.729
1 1 3 216.79 216.79
1 4 3 216.85 216.85
1 1 3 217.002 217.002
1 3 3 217.047 217.047
1 2 3 217.093 217.093
1 1 3 217.138 217.138
1 3 3 217.184 217.184
1 2 3 217.274 217.274
1 4 3 217.274 217.274
1 1 3 217.335 217.335
1 3 3 217.396 217.396
1 4 3 217.547 217.547
1 1 3 217.593 217.593
1 3 3 217.638 217.638
1 2 3 217.684 217.684
1 4 3 217.729 217.729
1 1 3 217.82 217.82
1 3 3 217.82 217.82
1 2 3 217.82 217.82
1 4 3 217.88 217.88
1 1 3 217.941 217.941
1 3 3 218.093 218.093
1 1 3 218.138 218.138
1 2 3 218.184 218.184
1 4 3 218.229 218.229
1 3 3 218.274 218.274
1 2 3 218.365 218.365
1 1 3 218.365 218.365
1 3 3 218.426 218.426
1 4 3 218.487 218.487
1 1 3 218.547 218.547
1 2 3 218.608 218.608
1 4 3 218.668 218.668
1 1 3 218.729 218.729
1 3 3 218.82 218.82
1 2 3 218.911 218.911
1 4 3 218.911 218.911
1 1 3 218.911 218.911
1 3 3 218.971 218.971
1 2 3 219.032 219.032
1 4 3 219.093 219.093
1 3 3 219.153 219.153
1 1 3 219.214 219.214
1 4 3 219.274 219.274
1 2 3 219.335 219.335
1 1 3 219.396 219.396
1 4 3 219.456 219.456
1 3 3 219.456 219.456
1 2 3 219.593 219.593
1 2 3 219.729 219.729
1 3 3 219.746 219.746
1 1 3 219.865 219.865
1 2 3 219.882 219.882
1 4 3 220.002 220.002
1 3 3 220.002 220.002
1 1 3 220.002 220.002
1 4 3 220.138 220.138
1 3 3 220.274 220.274
1 4 3 220.291 220.291
1 2 3 220.411 220.411
1 3 3 220.428 220.428
1 4 3 220.547 220.547
1 1 3 220.547 220.547
1 2 3 220.608 220.608
1 3 3 220.668 220.668
1 1 3 220.729 220.729
1 4 3 220.79 220.79
1 2 3 220.85 220.85
1 3 3 220.911 220.911
1 2 3 221.002 221.002
1 3 3 221.093 221.093
1 1 3 221.093 221.093
1 4 3 221.093 221.093
1 2 3 221.153 221.153
1 4 3 221.214 221.214
1 3 3 221.274 221.274
1 1 3 221.335 221.335
1 4 3 221.396 221.396
1 2 3 221.456 221.456
1 1 3 221.517 221.517
1 3 3 221.577 221.577
1 2 3 221.638 221.638
1 4 3 221.638 221.638
1 3 3 221.774 221.774
1 3 3 221.911 221.911
1 2 3 221.928 221.928
1 4 3 222.047 222.047
1 3 3 222.064 222.064
1 4 3 222.184 222.184
1 2 3 222.184 222.184
1 1 3 222.184 222.184
1 1 3 222.32 222.32
1 2 3 222.456 222.456
1 1 3 222.473 222.473
1 3 3 222.593 222.593
1 2 3 222.61 222.61
1 4 3 222.729 222.729
1 1 3 222.729 222.729
1 3 3 222.79 222.79
1 2 3 222.85 222.85
1 4 3 222.911 222.911
1 3 3 222.971 222.971
1 4 3 223.032 223.032
1 2 3 223.093 223.093
1 3 3 223.184 223.184
1 4 3 223.274 223.274
1 2 3 223.274 223.274
1 1 3 223.274 223.274
1 3 3 223.335 223.335
1 2 3 223.396 223.396
1 1 3 223.456 223.456
1 3 3 223.517 223.517
1 2 3 223.577 223.577
1 4 3 223.638 223.638
1 3 3 223.699 223.699
1 2 3 223.759 223.759
1 4 3 223.82 223.82
1 3 3 223.82 223.82
1 2 3 223.956 223.956
1 2 3 224.093 224.093
1 3 3 224.11 224.11
1 1 3 224.229 224.229
1 2 3 224.246 224.246
1 4 3 224.365 224.365
1 3 3 224.365 224.365
1 1 3 224.365 224.365
1 4 3 224.502 224.502
1 3 3 224.638 224.638
1 4 3 224.655 224.655
1 2 3 224.774 224.774
1 3 3 224.791 224.791
1 1 3 224.911 224.911
1 4 3 224.971 224.971
1 3 3 225.032 225.032
1 4 3 225.184 225.184
1 1 3 225.229 225.229
1 2 3 225.274 225.274
1 3 3 225.32 225.32
1 1 3 225.365 225.365
1 4 3 225.456 225.456
1 2 3 225.517 225.517
1 4 3 225.577 225.577
1 1 3 225.729 225.729
1 3 3 225.774 225.774
1 2 3 225.82 225.82
1 1 3 225.865 225.865
1 3 3 225.911 225.911
1 4 3 226.002 226.002
1 1 3 226.062 226.062
1 3 3 226.123 226.123
1 4 3 226.274 226.274
1 1 3 226.32 226.32
1 3 3 226.365 226.365
1 2 3 226.411 226.411
1 4 3 226.456 226.456
1 2 3 226.547 226.547
1 1 3 226.547 226.547
1 3 3 226.608 226.608
1 1 3 226.668 226.668
1 3 3 226.82 226.82
1 4 3 226.82 226.82
1 1 3 226.865 226.865
1 2 3 226.911 226.911
1 3 3 226.956 226.956
1 1 3 227.093 227.093
1 2 3 227.093 227.093
1 4 3 227.093 227.093
1 3 3 227.153 227.153
1 1 3 227.214 227.214
1 4 3 227.274 227.274
1 2 3 227.335 227.335
1 3 3 227.396 227.396
1 4 3 227.456 227.456
1 2 3 227.547 227.547
1 1 3 227.638 227.638
1 3 3 227.638 227.638
1 4 3 227.638 227.638
1 2 3 227.699 227.699
1 1 3 227.759 227.759
1 3 3 227.82 227.82
1 2 3 227.88 227.88
1 4 3 227.941 227.941
1 3 3 228.002 228.002
1 2 3 228.062 228.062
1 4 3 228.123 228.123
1 3 3 228.184 228.184
1 1 3 228.184 228.184
1 1 3 228.32 228.32
1 3 3 228.456 228.456
1 2 3 228.456 228.456
1 3 3 228.593 228.593
1 4 3 228.593 228.593
1 4 3 228.729 228.729
1 2 3 228.729 228.729
1 1 3 228.729 228.729
1 3 3 228.865 228.865
1 1 3 228.865 228.865
1 4 3 229.002 229.002
1 2 3 229.002 229.002
1 4 3 229.138 229.138
1 1 3 229.274 229.274
1 2 3 229.274 229.274
1 3 3 229.343 229.343
1 1 3 229.411 229.411
1 4 3 229.479 229.479
1 3 3 229.547 229.547
1 2 3 229.615 229.615
1 4 3 229.729 229.729
1 1 3 229.82 229.82
1 3 3 229.82 229.82
1 2 3 229.82 229.82
1 4 3 229.888 229.888
1 2 3 229.956 229.956
1 3 3 230.024 230.024
1 1 3 230.093 230.093
1 2 3 230.161 230.161
1 1 3 230.229 230.229
1 3 3 230.297 230.297
1 2 3 230.365 230.365
1 4 3 230.365 230.365
1 4 3 230.502 230.502
1 3 3 230.502 230.502
1 2 3 230.638 230.638
1 1 3 230.638 230.638
1 2 3 230.774 230.774
1 3 3 230.774 230.774
1 3 3 230.911 230.911
1 4 3 230.911 230.911
1 1 3 230.911 230.911
1 1 3 231.047 231.047
1 2 3 231.047 231.047
1 3 3 231.184 231.184
1 4 3 231.184 231.184
1 3 3 231.32 231.32
1 1 3 231.456 231.456
1 2 3 231.456 231.456
1 4 3 231.524 231.524
1 3 3 231.593 231.593
1 2 3 231.661 231.661
1 4 3 231.729 231.729
1 1 3 231.797 231.797
1 3 3 231.865 231.865
1 2 3 231.934 231.934
1 1 3 232.002 232.002
1 3 3 232.002 232.002
1 4 3 232.002 232.002
1 2 3 232.062 232.062
1 4 3 232.123 232.123
1 1 3 232.184 232.184
1 3 3 232.244 232.244
1 4 3 232.305 232.305
1 2 3 232.365 232.365
1 3 3 232.426 232.426
1 1 3 232.487 232.487
1 4 3 232.547 232.547
1 2 3 232.547 232.547
1 2 3 232.684 232.684
1 4 3 232.82 232.82
1 3 3 232.82 232.82
1 4 3 232.956 232.956
1 2 3 232.956 232.956
1 3 3 233.093 233.093
1 1 3 233.093 233.093
1 2 3 233.093 233.093
1 1 3 233.229 233.229
1 4 3 233.229 233.229
1 3 3 233.365 233.365
1 2 3 233.365 233.365
1 3 3 233.502 233.502
1 4 3 233.638 233.638
1 1 3 233.638 233.638
1 2 3 233.706 233.706
1 1 3 233.774 233.774
1 4 3 233.911 233.911
1 2 3 233.956 233.956
1 4 3 234.002 234.002
1 1 3 234.047 234.047
1 2 3 234.184 234.184
1 4 3 234.184 234.184
1 3 3 234.184 234.184
1 1 3 234.252 234.252
1 2 3 234.32 234.32
1 3 3 234.456 234.456
1 1 3 234.502 234.502
1 3 3 234.547 234.547
1 4 3 234.593 234.593
1 2 3 234.729 234.729
1 1 3 234.729 234.729
1 3 3 234.79 234.79
1 1 3 234.85 234.85
1 2 3 235.002 235.002
1 3 3 235.047 235.047
1 2 3 235.093 235.093
1 1 3 235.138 235.138
1 4 3 235.274 235.274
1 1 3 235.274 235.274
1 2 3 235.274 235.274
1 3 3 235.335 235.335
1 4 3 235.396 235.396
1 1 3 235.547 235.547
1 4 3 235.593 235.593
1 1 3 235.638 235.638
1 3 3 235.684 235.684
1 3 3 235.82 235.82
1 4 3 235.82 235.82
1 1 3 235.82 235.82
1 2 3 235.88 235.88
1 4 3 235.941 235.941
1 1 3 236.002 236.002
1 3 3 236.062 236.062
1 2 3 236.123 236.123
1 1 3 236.184 236.184
1 4 3 236.274 236.274
1 3 3 236.365 236.365
1 2 3 236.365 236.365
1 1 3 236.365 236.365
1 4 3 236.426 236.426
1 2 3 236.487 236.487
1 3 3 236.547 236.547
1 4 3 236.608 236.608
1 1 3 236.668 236.668
1 2 3 236.729 236.729
1 4 3 236.79 236.79
1 1 3 236.85 236.85
1 2 3 236.911 236.911
1 3 3 236.911 236.911
1 3 3 237.047 237.047
1 4 3 237.184 237.184
1 2 3 237.184 237.184
1 2 3 237.32 237.32
1 1 3 237.32 237.32
1 1 3 237.456 237.456
1 4 3 237.456 237.456
1 3 3 237.456 237.456
1 2 3 237.593 237.593
1 3 3 237.593 237.593
1 4 3 237.729 237.729
1 2 3 237.729 237.729
1 4 3 237.865 237.865
1 1 3 238.002 238.002
1 3 3 238.002 238.002
1 2 3 238.07 238.07
1 1 3 238.138 238.138
1 3 3 238.206 238.206
1 4 3 238.274 238.274
1 2 3 238.343 238.343
1 1 3 238.456 238.456
1 3 3 238.547 238.547
1 2 3 238.547 238.547
1 4 3 238.547 238.547
1 1 3 238.615 238.615
1 4 3 238.684 238.684
1 3 3 238.752 238.752
1 1 3 238.82 238.82
1 4 3 238.888 238.888
1 1 3 238.956 238.956
1 2 3 239.024 239.024
1 3 3 239.093 239.093
1 4 3 239.093 239.093
1 3 3 239.229 239.229
1 1 3 239.229 239.229
1 2 3 239.365 239.365
1 1 3 239.365 239.365
1 4 3 239.502 239.502
1 2 3 239.502 239.502
1 4 3 239.638 239.638
1 1 3 239.638 239.638
1 3 3 239.638 239.638
1 2 3 239.774 239.774
1 3 3 239.774 239.774
1 2 3 239.911 239.911
1 1 3 239.911 239.911
1 1 3 240.047 240.047
1 3 3 240.184 240.184
1 4 3 240.184 240.184
1 1 3 240.252 240.252
1 2 3 240.32 240.32
1 4 3 240.388 240.388
1 1 3 240.456 240.456
1 3 3 240.524 240.524
1 2 3 240.593 240.593
1 4 3 240.661 240.661
1 3 3 240.729 240.729
1 2 3 240.729 240.729
1 1 3 240.729 240.729
1 4 3 240.79 240.79
1 1 3 240.85 240.85
1 3 3 240.911 240.911
1 2 3 240.971 240.971
1 1 3 241.032 241.032
1 4 3 241.093 241.093
1 2 3 241.153 241.153
1 3 3 241.214 241.214
1 1 3 241.274 241.274
1 4 3 241.274 241.274
1 4 3 241.411 241.411
1 3 3 241.547 241.547
1 1 3 241.547 241.547
1 2 3 241.684 241.684
1 1 3 241.684 241.684
1 2 3 241.82 241.82
1 3 3 241.82 241.82
1 4 3 241.82 241.82
1 3 3 241.956 241.956
1 2 3 242.093 242.093
1 4 3 242.093 242.093
1 2 3 242.229 242.229
1 1 3 242.365 242.365
1 4 3 242.365 242.365
1 2 3 242.502 242.502
1 4 3 242.638 242.638
1 3 3 242.684 242.684
1 1 3 242.729 242.729
1 2 3 242.774 242.774
1 3 3 242.911 242.911
1 1 3 242.911 242.911
1 4 3 243.047 243.047
1 2 3 243.184 243.184
1 4 3 243.252 243.252
1 3 3 243.32 243.32
1 4 3 243.456 243.456
1 1 3 243.593 243.593
1 2 3 243.729 243.729
1 1 3 243.797 243.797
1 3 3 243.865 243.865
1 4 3 244.002 244.002
1 2 3 244.002 244.002
1 1 3 244.138 244.138
1 3 3 244.274 244.274
1 4 3 244.274 244.274
1 4 3 244.547 244.547
1 1 3 244.547 244.547
1 2 3 244.547 244.547
