1 4 3 4.562 4.562
1 1 3 4.562 4.562
1 3 3 5.134 5.134
1 2 3 5.705 5.705
1 4 3 6.277 6.277
1 1 3 6.848 6.848
1 2 3 7.42 7.42
1 4 3 7.991 7.991
1 2 3 8.563 8.563
1 3 3 9.134 9.134
1 1 3 9.705 9.705
1 2 3 10.277 10.277
1 3 3 10.848 10.848
1 2 3 11.42 11.42
1 1 3 11.991 11.991
2 4 3 12.563 13.134
1 3 3 12.563 12.563
1 1 3 13.134 13.134
1 2 3 13.42 13.42
1 1 3 13.705 13.705
2 4 3 13.705 14.277
1 3 3 14.277 14.277
2 2 3 14.848 15.42
1 1 3 14.848 14.848
1 4 3 15.42 15.42
1 2 3 15.705 15.705
2 3 3 15.991 16.563
1 1 3 15.991 15.991
1 4 3 16.563 16.563
2 1 3 17.134 17.705
1 2 3 17.134 17.134
1 4 3 17.705 17.705
1 3 3 17.991 17.991
2 4 3 18.277 18.848
1 1 3 18.277 18.277
1 2 3 18.848 18.848
2 3 3 19.42 19.991
1 4 3 19.42 19.42
1 1 3 19.991 19.991
1 3 3 20.277 20.277
1 4 3 20.563 20.563
2 2 3 20.563 21.134
1 3 3 21.134 21.134
2 1 3 21.42 21.705
1 4 3 21.705 21.705
1 3 3 21.705 21.705
2 4 3 21.991 22.277
1 1 3 22.277 22.277
1 2 3 22.848 22.848
1 3 3 22.848 22.848
1 2 3 23.134 23.134
1 4 3 23.42 23.42
1 4 3 23.705 23.705
1 1 3 23.991 23.991
1 1 3 24.277 24.277
1 3 3 24.563 24.563
1 4 3 24.848 24.848
1 1 3 25.134 25.134
1 1 3 25.42 25.42
1 3 3 25.705 25.705
1 3 3 25.991 25.991
1 4 3 26.277 26.277
1 3 3 26.563 26.563
1 2 3 26.848 26.848
1 2 3 27.134 27.134
1 1 3 27.42 27.42
2 4 3 27.42 27.705
2 3 3 27.705 27.991
2 2 3 27.991 28.277
2 1 3 28.277 28.563
2 3 3 28.563 28.848
2 4 3 28.848 29.134
2 2 3 29.134 29.42
2 1 3 29.42 29.705
2 4 3 29.705 30.277
1 2 3 29.991 29.991
2 1 3 30.277 30.848
1 3 3 30.563 30.563
1 2 3 30.848 30.848
1 4 3 30.848 30.848
2 3 3 31.42 31.705
2 2 3 31.705 31.991
1 4 3 31.991 31.991
1 2 3 32.277 32.277
1 1 3 32.277 32.277
1 3 3 32.563 32.563
1 3 3 32.848 32.848
1 1 3 33.134 33.134
1 1 3 33.42 33.42
1 2 3 33.705 33.705
1 2 3 33.991 33.991
1 4 3 34.277 34.277
1 4 3 34.563 34.563
1 1 3 34.848 34.848
1 1 3 35.134 35.134
1 3 3 35.42 35.42
1 3 3 35.705 35.705
2 1 3 35.991 36.277
2 4 3 36.277 36.563
1 2 3 36.563 36.563
1 3 3 36.848 36.848
1 4 3 36.848 36.848
1 1 3 37.134 37.134
1 1 3 37.42 37.42
1 3 3 37.705 37.705
1 3 3 37.991 37.991
1 2 3 38.277 38.277
1 2 3 38.563 38.563
1 4 3 38.848 38.848
1 3 3 39.134 39.134
1 2 3 39.42 39.42
1 1 3 39.705 39.705
2 4 3 39.991 40.277
1 1 3 40.277 40.277
1 3 3 40.563 40.563
1 4 3 40.563 40.563
1 1 3 40.705 40.705
1 2 3 40.848 40.848
1 3 3 40.991 40.991
1 1 3 41.134 41.134
1 2 3 41.42 41.42
1 4 3 41.42 41.42
1 3 3 41.705 41.705
1 1 3 41.991 41.991
1 2 3 41.991 41.991
1 4 3 42.277 42.277
1 3 3 42.563 42.563
1 1 3 42.563 42.563
1 2 3 42.848 42.848
1 3 3 43.134 43.134
1 4 3 43.134 43.134
1 2 3 43.277 43.277
1 1 3 43.42 43.42
1 2 3 43.705 43.705
1 3 3 43.705 43.705
1 4 3 43.991 43.991
1 3 3 44.277 44.277
1 1 3 44.277 44.277
1 2 3 44.563 44.563
1 1 3 44.848 44.848
2 4 3 44.848 45.134
1 3 3 45.134 45.134
1 2 3 45.42 45.42
1 1 3 45.42 45.42
1 4 3 45.705 45.705
1 3 3 45.991 45.991
1 2 3 45.991 45.991
1 1 3 46.277 46.277
1 2 3 46.563 46.563
1 4 3 46.563 46.563
1 3 3 46.848 46.848
1 1 3 47.134 47.134
1 4 3 47.134 47.134
1 2 3 47.42 47.42
1 3 3 47.705 47.705
1 4 3 47.705 47.705
1 2 3 47.848 47.848
1 1 3 47.991 47.991
1 2 3 48.277 48.277
1 3 3 48.277 48.277
1 4 3 48.563 48.563
1 1 3 48.848 48.848
1 2 3 48.848 48.848
2 4 3 49.134 49.42
1 2 3 49.42 49.42
1 3 3 49.563 49.563
2 1 3 49.705 49.991
2 3 3 49.991 50.277
1 2 3 50.277 50.277
1 1 3 50.277 50.277
2 4 3 50.563 50.848
1 2 3 50.848 50.848
2 3 3 51.134 51.42
1 1 3 51.42 51.42
2 2 3 51.705 51.991
1 4 3 51.991 51.991
2 1 3 52.277 52.563
1 3 3 52.563 52.563
2 4 3 52.563 53.348
1 1 3 54.848 54.848
1 4 3 54.848 54.848
1 3 3 55.277 55.277
1 2 3 55.277 55.277
1 1 3 55.705 55.705
1 4 3 55.705 55.705
1 3 3 56.134 56.134
1 4 3 56.134 56.134
1 2 3 56.348 56.348
1 4 3 56.563 56.563
1 3 3 56.563 56.563
1 2 3 56.848 56.848
1 3 3 56.991 56.991
1 1 3 57.134 57.134
1 2 3 57.134 57.134
1 1 3 57.42 57.42
1 4 3 57.705 57.705
1 4 3 57.991 57.991
1 2 3 58.134 58.134
1 3 3 58.277 58.277
1 1 3 58.42 58.42
1 4 3 58.705 58.705
2 1 3 58.848 59.134
1 3 3 59.134 59.134
1 2 3 59.277 59.277
1 4 3 59.42 59.42
1 1 3 59.42 59.42
1 4 3 59.705 59.705
1 2 3 59.991 59.991
1 2 3 60.277 60.277
1 3 3 60.563 60.563
1 3 3 60.848 60.848
1 1 3 61.134 61.134
1 1 3 61.42 61.42
1 4 3 61.705 61.705
1 3 3 61.705 61.705
1 2 3 61.991 61.991
1 4 3 62.277 62.277
1 2 3 62.563 62.563
1 3 3 62.705 62.705
1 1 3 62.848 62.848
1 2 3 63.134 63.134
1 4 3 63.277 63.277
1 3 3 63.42 63.42
1 1 3 63.563 63.563
1 2 3 63.705 63.705
2 3 3 63.991 64.277
1 1 3 64.277 64.277
1 2 3 64.277 64.277
1 4 3 64.563 64.563
1 1 3 64.991 64.991
2 1 3 65.42 65.705
1 4 3 65.705 65.705
1 2 3 65.848 65.848
1 3 3 66.277 66.277
1 4 3 66.277 66.277
1 4 3 66.563 66.563
1 1 3 66.848 66.848
1 1 3 67.134 67.134
1 2 3 67.277 67.277
1 4 3 67.42 67.42
1 3 3 67.563 67.563
1 1 3 67.848 67.848
2 3 3 67.991 68.277
2 2 3 68.277 68.563
1 1 3 68.563 68.563
1 4 3 68.563 68.563
1 3 3 68.848 68.848
1 2 3 69.134 69.134
1 1 3 69.42 69.42
1 4 3 69.705 69.705
1 2 3 69.991 69.991
1 3 3 70.277 70.277
1 4 3 70.563 70.563
1 2 3 70.848 70.848
1 3 3 71.277 71.277
1 1 3 71.705 71.705
2 2 3 71.991 72.277
2 3 3 72.563 72.848
2 1 3 72.848 73.134
1 4 3 73.134 73.134
1 2 3 73.134 73.134
1 3 3 73.42 73.42
1 2 3 73.705 73.705
1 3 3 73.848 73.848
1 1 3 74.277 74.277
1 2 3 74.563 74.563
1 3 3 74.848 74.848
1 4 3 75.134 75.134
1 2 3 75.42 75.42
1 3 3 75.848 75.848
1 1 3 76.277 76.277
1 2 3 76.563 76.563
1 4 3 77.134 77.134
1 1 3 77.42 77.42
1 3 3 77.705 77.705
1 4 3 77.705 77.705
1 2 3 77.991 77.991
1 1 3 78.277 78.277
1 3 3 78.563 78.563
1 1 3 78.848 78.848
1 2 3 79.134 79.134
1 3 3 79.42 79.42
1 4 3 79.705 79.705
1 2 3 79.991 79.991
1 3 3 80.42 80.42
1 1 3 80.848 80.848
2 4 3 81.134 81.42
1 1 3 81.705 81.705
1 2 3 81.848 81.848
1 3 3 81.991 81.991
1 4 3 82.134 82.134
1 2 3 82.277 82.277
1 1 3 82.277 82.277
1 4 3 82.563 82.563
1 1 3 82.848 82.848
1 2 3 82.991 82.991
1 3 3 83.42 83.42
1 1 3 83.705 83.705
1 2 3 83.991 83.991
1 3 3 84.277 84.277
1 4 3 84.563 84.563
1 3 3 84.991 84.991
1 1 3 85.42 85.42
1 2 3 85.705 85.705
2 4 3 86.277 86.563
2 2 3 86.563 86.848
1 1 3 86.848 86.848
1 4 3 86.848 86.848
1 1 3 87.134 87.134
1 3 3 87.42 87.42
1 3 3 87.705 87.705
1 2 3 87.991 87.991
1 2 3 88.277 88.277
1 4 3 88.563 88.563
1 4 3 88.848 88.848
1 3 3 89.134 89.134
1 3 3 89.42 89.42
1 1 3 89.705 89.705
1 1 3 89.991 89.991
1 2 3 90.277 90.277
1 2 3 90.563 90.563
2 4 3 90.848 91.134
1 1 3 91.134 91.134
1 2 3 91.277 91.277
1 3 3 91.42 91.42
1 3 3 91.705 91.705
1 2 3 91.991 91.991
1 2 3 92.277 92.277
1 4 3 92.563 92.563
1 4 3 92.848 92.848
1 1 3 93.134 93.134
1 1 3 93.42 93.42
1 3 3 93.705 93.705
1 3 3 93.991 93.991
1 2 3 94.277 94.277
1 2 3 94.563 94.563
1 3 3 94.848 94.848
1 4 3 94.991 94.991
1 1 3 95.277 95.277
2 2 3 95.42 95.705
2 3 3 95.705 95.991
1 1 3 95.991 95.991
1 1 3 96.277 96.277
1 4 3 96.563 96.563
1 4 3 96.848 96.848
1 2 3 97.134 97.134
1 2 3 97.42 97.42
1 3 3 97.705 97.705
1 3 3 97.991 97.991
1 1 3 98.277 98.277
1 1 3 98.563 98.563
1 4 3 98.848 98.848
1 4 3 99.134 99.134
1 2 3 99.42 99.42
1 2 3 99.705 99.705
2 1 3 99.991 100.277
1 4 3 100.277 100.277
1 3 3 100.42 100.42
1 2 3 100.563 100.563
1 2 3 100.848 100.848
1 3 3 101.134 101.134
1 3 3 101.42 101.42
1 1 3 101.705 101.705
1 1 3 101.991 101.991
1 2 3 102.277 102.277
1 2 3 102.563 102.563
2 4 3 102.848 103.134
2 3 3 103.134 103.42
2 2 3 103.42 103.705
2 1 3 103.705 103.991
1 4 3 103.991 103.991
1 2 3 104.134 104.134
2 3 3 104.277 104.563
1 1 3 104.563 104.563
1 4 3 104.705 104.705
2 2 3 104.848 105.134
1 1 3 105.134 105.134
2 4 3 105.134 105.42
1 3 3 105.563 105.563
2 2 3 105.705 105.991
1 1 3 106.134 106.134
2 3 3 106.277 106.563
1 2 3 106.705 106.705
2 4 3 106.848 107.134
1 3 3 107.277 107.277
2 1 3 107.42 107.705
1 2 3 107.848 107.848
2 3 3 107.991 108.277
1 1 3 108.42 108.42
2 4 3 108.563 108.848
1 2 3 108.848 108.848
2 1 3 108.991 109.277
1 3 3 109.277 109.277
2 2 3 109.42 109.705
2 4 3 109.705 109.991
1 1 3 110.134 110.134
2 2 3 110.277 110.563
1 3 3 110.705 110.705
2 1 3 110.848 111.134
1 2 3 111.277 111.277
2 4 3 111.42 111.705
1 1 3 111.848 111.848
2 3 3 111.991 112.277
2 1 3 112.563 112.848
2 4 3 112.848 113.134
2 2 3 113.134 113.42
2 4 3 113.705 113.991
2 1 3 113.991 114.277
1 3 3 114.277 114.277
1 2 3 114.277 114.277
1 4 3 114.563 114.563
1 2 3 114.848 114.848
1 4 3 115.134 115.134
1 1 3 115.42 115.42
1 3 3 115.705 115.705
1 1 3 115.991 115.991
1 3 3 116.277 116.277
1 1 3 116.563 116.563
1 2 3 116.848 116.848
1 3 3 117.134 117.134
1 4 3 117.42 117.42
1 2 3 117.705 117.705
1 1 3 117.991 117.991
1 4 3 118.277 118.277
1 3 3 118.563 118.563
1 4 3 118.848 118.848
1 1 3 118.848 118.848
1 1 3 119.134 119.134
1 3 3 119.42 119.42
1 3 3 119.705 119.705
1 1 3 119.991 119.991
1 4 3 119.991 119.991
1 4 3 120.277 120.277
1 2 3 120.563 120.563
1 2 3 120.848 120.848
1 4 3 121.134 121.134
2 1 3 121.134 122.277
2 4 3 122.277 122.848
2 2 3 122.848 123.134
2 3 3 123.134 123.42
1 1 3 123.42 123.42
1 4 3 123.42 123.42
1 2 3 123.705 123.705
1 3 3 123.705 123.705
1 1 3 123.991 123.991
1 3 3 124.277 124.277
1 4 3 124.277 124.277
1 2 3 124.563 124.563
1 1 3 124.848 124.848
1 4 3 124.848 124.848
1 2 3 125.134 125.134
1 3 3 125.42 125.42
1 1 3 125.42 125.42
1 2 3 125.563 125.563
1 4 3 125.705 125.705
1 2 3 125.991 125.991
1 1 3 125.991 125.991
1 3 3 126.134 126.134
1 1 3 126.277 126.277
1 3 3 126.563 126.563
1 2 3 126.563 126.563
1 4 3 126.705 126.705
1 1 3 126.848 126.848
1 2 3 127.134 127.134
1 4 3 127.134 127.134
1 1 3 127.277 127.277
1 3 3 127.42 127.42
1 2 3 127.705 127.705
1 1 3 127.705 127.705
1 4 3 127.991 127.991
1 3 3 127.991 127.991
1 1 3 128.277 128.277
1 2 3 128.277 128.277
1 4 3 128.563 128.563
1 3 3 128.848 128.848
1 2 3 128.848 128.848
1 1 3 129.134 129.134
1 2 3 129.42 129.42
1 4 3 129.42 129.42
1 1 3 129.705 129.705
1 3 3 129.991 129.991
1 4 3 129.991 129.991
1 2 3 130.277 130.277
1 1 3 130.563 130.563
1 3 3 130.563 130.563
1 2 3 130.848 130.848
1 3 3 131.134 131.134
1 4 3 131.134 131.134
1 2 3 131.277 131.277
1 1 3 131.42 131.42
1 2 3 131.705 131.705
1 4 3 131.705 131.705
1 1 3 131.848 131.848
1 3 3 131.991 131.991
1 2 3 132.277 132.277
1 1 3 132.277 132.277
2 4 3 132.563 132.848
1 3 3 132.563 132.563
2 2 3 132.848 133.134
2 1 3 133.134 133.42
2 3 3 133.42 133.705
2 4 3 133.705 133.991
1 1 3 133.991 133.991
2 2 3 134.134 134.42
1 1 3 134.563 134.563
1 3 3 134.705 134.705
2 4 3 134.848 135.134
1 2 3 135.134 135.134
1 3 3 135.277 135.277
2 1 3 135.42 135.705
1 4 3 135.705 135.705
1 2 3 135.848 135.848
2 3 3 135.991 136.277
1 4 3 136.277 136.277
2 1 3 136.42 136.705
1 2 3 136.705 136.705
1 3 3 136.848 136.848
1 4 3 136.991 136.991
1 1 3 137.134 137.134
1 2 3 137.134 137.134
1 1 3 137.42 137.42
1 2 3 137.563 137.563
1 4 3 137.705 137.705
1 3 3 137.705 137.705
1 4 3 137.991 137.991
1 2 3 138.134 138.134
1 1 3 138.277 138.277
1 3 3 138.277 138.277
1 3 3 138.563 138.563
1 1 3 138.705 138.705
1 4 3 138.848 138.848
1 2 3 138.848 138.848
1 2 3 139.134 139.134
1 1 3 139.42 139.42
2 4 3 139.42 139.991
1 2 3 139.705 139.705
1 3 3 139.991 139.991
2 1 3 139.991 140.563
1 4 3 140.277 140.277
1 3 3 140.563 140.563
1 2 3 140.563 140.563
2 3 3 141.134 141.42
2 4 3 141.42 141.705
1 1 3 141.705 141.705
1 2 3 141.705 141.705
1 4 3 141.991 141.991
1 2 3 142.277 142.277
1 3 3 142.563 142.563
1 1 3 142.848 142.848
1 4 3 143.134 143.134
1 2 3 143.42 143.42
1 3 3 143.705 143.705
1 1 3 143.991 143.991
1 4 3 144.277 144.277
1 1 3 144.563 144.563
1 4 3 144.848 144.848
1 2 3 144.991 144.991
1 3 3 145.134 145.134
1 2 3 145.42 145.42
1 1 3 145.705 145.705
1 2 3 145.991 145.991
1 3 3 146.277 146.277
1 4 3 146.277 146.277
1 1 3 146.563 146.563
1 2 3 146.848 146.848
1 3 3 147.134 147.134
1 4 3 147.42 147.42
1 3 3 147.705 147.705
1 2 3 147.991 147.991
1 4 3 148.277 148.277
1 1 3 148.563 148.563
1 3 3 148.848 148.848
1 2 3 149.134 149.134
1 1 3 149.42 149.42
1 3 3 149.705 149.705
1 2 3 149.991 149.991
1 4 3 150.277 150.277
1 3 3 150.42 150.42
1 2 3 150.563 150.563
1 4 3 150.848 150.848
1 1 3 150.848 150.848
1 3 3 151.134 151.134
1 2 3 151.42 151.42
1 3 3 151.705 151.705
1 1 3 151.991 151.991
1 4 3 152.277 152.277
1 2 3 152.563 152.563
1 1 3 152.848 152.848
1 4 3 153.134 153.134
1 2 3 153.42 153.42
1 4 3 153.705 153.705
1 2 3 153.991 153.991
1 3 3 154.134 154.134
1 1 3 154.277 154.277
1 2 3 154.563 154.563
1 3 3 154.848 154.848
1 4 3 155.134 155.134
1 3 3 155.277 155.277
2 1 3 155.42 155.705
1 2 3 155.42 155.42
1 3 3 155.705 155.705
1 2 3 155.991 155.991
1 3 3 156.277 156.277
1 2 3 156.42 156.42
2 4 3 156.563 156.848
1 1 3 156.563 156.563
1 3 3 156.848 156.848
1 2 3 157.134 157.134
1 3 3 157.42 157.42
2 1 3 157.705 157.991
1 4 3 157.705 157.705
1 2 3 157.991 157.991
1 3 3 158.134 158.134
2 4 3 158.277 158.563
1 1 3 158.277 158.277
1 3 3 158.563 158.563
1 2 3 158.705 158.705
2 1 3 158.848 159.134
1 4 3 158.848 158.848
2 2 3 159.134 159.42
2 3 3 159.42 159.705
1 1 3 159.705 159.705
1 4 3 159.848 159.848
2 1 3 161.134 163.42
1 2 3 161.134 161.134
