1 1 3 2.379 2.379
1 4 3 2.379 2.379
1 3 3 2.529 2.529
1 2 3 2.679 2.679
1 4 3 2.679 2.679
1 1 3 2.829 2.829
1 2 3 2.979 2.979
1 3 3 2.979 2.979
1 4 3 3.129 3.129
1 3 3 3.279 3.279
1 1 3 3.279 3.279
1 2 3 3.429 3.429
1 1 3 3.579 3.579
1 4 3 3.579 3.579
1 3 3 3.729 3.729
1 2 3 3.879 3.879
1 4 3 3.879 3.879
1 4 3 4.029 4.029
1 2 3 4.029 4.029
1 1 3 4.179 4.179
1 3 3 4.179 4.179
1 4 3 4.329 4.329
1 2 3 4.479 4.479
1 1 3 4.479 4.479
1 3 3 4.629 4.629
1 4 3 4.779 4.779
1 1 3 4.779 4.779
1 2 3 4.929 4.929
1 1 3 5.079 5.079
1 3 3 5.079 5.079
1 4 3 5.229 5.229
1 3 3 5.379 5.379
1 2 3 5.379 5.379
1 1 3 5.529 5.529
1 2 3 5.679 5.679
1 4 3 5.679 5.679
1 3 3 5.829 5.829
1 4 3 5.979 5.979
1 1 3 5.979 5.979
1 2 3 6.129 6.129
1 1 3 6.279 6.279
1 3 3 6.279 6.279
1 3 3 6.429 6.429
1 1 3 6.429 6.429
1 2 3 6.579 6.579
1 4 3 6.579 6.579
1 2 3 6.879 6.879
1 4 3 6.879 6.879
1 1 3 7.179 7.179
1 4 3 7.179 7.179
1 2 3 7.179 7.179
1 3 3 7.479 7.479
1 1 3 7.479 7.479
1 2 3 7.779 7.779
1 1 3 8.079 8.079
1 4 3 8.079 8.079
1 3 3 8.379 8.379
1 4 3 8.379 8.379
1 2 3 8.529 8.529
1 1 3 8.529 8.529
1 3 3 8.679 8.679
1 4 3 8.679 8.679
1 4 3 8.829 8.829
1 3 3 8.829 8.829
1 2 3 8.979 8.979
1 1 3 8.979 8.979
1 1 3 9.279 9.279
1 4 3 9.279 9.279
1 2 3 9.429 9.429
1 3 3 9.579 9.579
1 4 3 9.579 9.579
1 1 3 9.879 9.879
1 2 3 9.879 9.879
1 3 3 10.029 10.029
1 1 3 10.179 10.179
1 4 3 10.179 10.179
1 3 3 10.479 10.479
1 2 3 10.479 10.479
1 3 3 10.779 10.779
1 4 3 10.779 10.779
1 1 3 10.779 10.779
1 3 3 11.079 11.079
1 4 3 11.079 11.079
1 4 3 11.229 11.229
1 3 3 11.229 11.229
1 3 3 11.379 11.379
1 4 3 11.379 11.379
1 1 3 11.379 11.379
1 2 3 11.679 11.679
1 3 3 11.679 11.679
1 1 3 11.979 11.979
1 4 3 11.979 11.979
1 2 3 11.979 11.979
1 3 3 12.279 12.279
1 1 3 12.279 12.279
1 2 3 12.579 12.579
1 1 3 12.879 12.879
1 4 3 12.879 12.879
1 3 3 13.179 13.179
1 4 3 13.179 13.179
1 2 3 13.329 13.329
1 1 3 13.329 13.329
1 3 3 13.479 13.479
1 4 3 13.479 13.479
1 4 3 13.629 13.629
1 3 3 13.629 13.629
1 2 3 13.779 13.779
1 1 3 13.779 13.779
1 3 3 14.079 14.079
1 4 3 14.079 14.079
1 2 3 14.229 14.229
1 1 3 14.379 14.379
1 4 3 14.379 14.379
1 1 3 14.679 14.679
1 4 3 14.679 14.679
1 2 3 14.829 14.829
1 4 3 14.979 14.979
1 3 3 14.979 14.979
1 1 3 15.279 15.279
1 2 3 15.279 15.279
1 2 3 15.579 15.579
1 1 3 15.579 15.579
1 4 3 15.579 15.579
1 2 3 15.879 15.879
1 3 3 15.879 15.879
1 2 3 16.029 16.029
1 3 3 16.029 16.029
1 2 3 16.179 16.179
1 3 3 16.179 16.179
1 1 3 16.479 16.479
1 4 3 16.479 16.479
1 4 3 16.629 16.629
1 1 3 16.629 16.629
1 1 3 16.779 16.779
1 2 3 16.779 16.779
1 4 3 16.779 16.779
1 3 3 17.079 17.079
1 3 3 17.229 17.229
1 3 3 17.379 17.379
1 1 3 17.379 17.379
1 4 3 17.379 17.379
1 2 3 17.679 17.679
2 4 3 17.679 17.979
1 1 3 17.979 17.979
1 1 3 18.129 18.129
1 1 3 18.279 18.279
1 3 3 18.279 18.279
1 1 3 18.429 18.429
1 3 3 18.429 18.429
1 1 3 18.579 18.579
1 4 3 18.579 18.579
1 3 3 18.579 18.579
1 3 3 18.879 18.879
1 4 3 18.879 18.879
1 2 3 19.029 19.029
1 1 3 19.029 19.029
1 3 3 19.179 19.179
1 4 3 19.179 19.179
1 1 3 19.479 19.479
1 2 3 19.479 19.479
1 3 3 19.629 19.629
1 4 3 19.629 19.629
1 2 3 19.779 19.779
1 1 3 19.779 19.779
1 3 3 20.079 20.079
1 2 3 20.079 20.079
1 3 3 20.379 20.379
1 4 3 20.379 20.379
1 1 3 20.379 20.379
1 3 3 20.679 20.679
1 4 3 20.679 20.679
1 4 3 20.829 20.829
1 3 3 20.829 20.829
1 3 3 20.979 20.979
1 4 3 20.979 20.979
1 1 3 20.979 20.979
1 4 3 21.279 21.279
1 1 3 21.279 21.279
1 3 3 21.279 21.279
1 1 3 21.579 21.579
1 3 3 21.579 21.579
1 4 3 21.579 21.579
1 2 3 21.879 21.879
1 2 3 22.029 22.029
1 1 3 22.179 22.179
1 2 3 22.179 22.179
1 4 3 22.179 22.179
1 3 3 22.479 22.479
2 1 3 22.479 22.779
1 4 3 22.779 22.779
1 4 3 22.929 22.929
1 4 3 23.079 23.079
1 2 3 23.079 23.079
1 4 3 23.229 23.229
1 2 3 23.229 23.229
1 4 3 23.379 23.379
1 1 3 23.379 23.379
1 2 3 23.379 23.379
1 1 3 23.679 23.679
1 2 3 23.679 23.679
1 4 3 23.829 23.829
1 3 3 23.829 23.829
1 1 3 23.979 23.979
1 2 3 23.979 23.979
1 3 3 24.279 24.279
1 4 3 24.279 24.279
1 2 3 24.429 24.429
1 1 3 24.429 24.429
1 3 3 24.579 24.579
1 4 3 24.579 24.579
1 3 3 24.879 24.879
1 2 3 24.879 24.879
1 1 3 25.179 25.179
1 2 3 25.179 25.179
1 4 3 25.179 25.179
1 2 3 25.479 25.479
1 4 3 25.479 25.479
1 3 3 25.479 25.479
1 2 3 25.779 25.779
1 3 3 25.779 25.779
2 4 3 25.779 26.079
1 1 3 26.079 26.079
1 2 3 26.079 26.079
1 2 3 26.229 26.229
1 1 3 26.229 26.229
1 1 3 26.379 26.379
1 2 3 26.379 26.379
1 4 3 26.379 26.379
1 3 3 26.679 26.679
1 3 3 26.829 26.829
1 1 3 26.979 26.979
1 2 3 26.979 26.979
1 4 3 26.979 26.979
1 1 3 27.279 27.279
1 2 3 27.279 27.279
1 3 3 27.279 27.279
1 4 3 27.579 27.579
1 3 3 27.579 27.579
1 3 3 27.729 27.729
1 4 3 27.729 27.729
1 3 3 27.879 27.879
1 2 3 27.879 27.879
1 3 3 28.029 28.029
1 2 3 28.029 28.029
1 2 3 28.179 28.179
1 1 3 28.179 28.179
1 4 3 28.179 28.179
1 1 3 28.479 28.479
1 2 3 28.479 28.479
1 3 3 28.479 28.479
1 4 3 28.629 28.629
1 1 3 28.779 28.779
1 3 3 28.779 28.779
1 4 3 29.079 29.079
1 1 3 29.079 29.079
1 2 3 29.079 29.079
1 3 3 29.229 29.229
1 1 3 29.379 29.379
1 4 3 29.379 29.379
1 2 3 29.679 29.679
1 3 3 29.679 29.679
1 1 3 29.979 29.979
1 4 3 29.979 29.979
1 3 3 29.979 29.979
1 3 3 30.279 30.279
1 2 3 30.279 30.279
1 4 3 30.279 30.279
1 2 3 30.429 30.429
1 3 3 30.429 30.429
1 4 3 30.429 30.429
1 4 3 30.579 30.579
1 2 3 30.579 30.579
1 3 3 30.579 30.579
1 2 3 30.879 30.879
1 3 3 30.879 30.879
1 4 3 30.879 30.879
1 1 3 31.179 31.179
1 4 3 31.179 31.179
1 3 3 31.179 31.179
1 2 3 31.479 31.479
1 2 3 31.629 31.629
1 1 3 31.779 31.779
1 3 3 31.779 31.779
1 4 3 31.779 31.779
1 2 3 32.079 32.079
1 3 3 32.079 32.079
1 4 3 32.079 32.079
1 2 3 32.379 32.379
1 1 3 32.379 32.379
1 1 3 32.529 32.529
1 2 3 32.529 32.529
1 2 3 32.679 32.679
1 3 3 32.679 32.679
1 3 3 32.829 32.829
1 2 3 32.829 32.829
1 3 3 32.979 32.979
1 4 3 32.979 32.979
1 1 3 32.979 32.979
1 2 3 33.279 33.279
1 3 3 33.279 33.279
1 4 3 33.279 33.279
1 1 3 33.429 33.429
1 2 3 33.579 33.579
1 4 3 33.579 33.579
1 3 3 33.879 33.879
1 4 3 33.879 33.879
1 1 3 33.879 33.879
1 2 3 34.029 34.029
1 1 3 34.179 34.179
1 4 3 34.179 34.179
1 2 3 34.479 34.479
1 3 3 34.479 34.479
1 1 3 34.779 34.779
1 4 3 34.779 34.779
1 2 3 34.779 34.779
1 2 3 34.929 34.929
1 3 3 34.929 34.929
1 3 3 35.079 35.079
1 2 3 35.079 35.079
1 2 3 35.229 35.229
1 3 3 35.229 35.229
1 1 3 35.379 35.379
1 4 3 35.379 35.379
1 3 3 35.379 35.379
1 1 3 35.679 35.679
1 3 3 35.679 35.679
1 4 3 35.679 35.679
1 4 3 35.829 35.829
1 3 3 35.829 35.829
1 1 3 35.829 35.829
1 1 3 35.979 35.979
1 4 3 35.979 35.979
1 3 3 35.979 35.979
1 2 3 36.129 36.129
1 3 3 36.279 36.279
1 1 3 36.279 36.279
1 2 3 36.429 36.429
1 1 3 36.579 36.579
1 4 3 36.579 36.579
1 2 3 36.579 36.579
1 3 3 36.729 36.729
1 2 3 36.879 36.879
1 4 3 36.879 36.879
1 3 3 37.029 37.029
1 4 3 37.179 37.179
1 1 3 37.179 37.179
1 3 3 37.179 37.179
1 2 3 37.329 37.329
1 1 3 37.479 37.479
1 3 3 37.479 37.479
1 4 3 37.479 37.479
1 1 3 37.629 37.629
1 3 3 37.629 37.629
1 4 3 37.629 37.629
1 1 3 37.779 37.779
1 3 3 37.779 37.779
1 4 3 37.779 37.779
1 2 3 37.929 37.929
1 3 3 38.079 38.079
1 4 3 38.079 38.079
1 2 3 38.229 38.229
1 1 3 38.229 38.229
1 1 3 38.379 38.379
1 4 3 38.379 38.379
1 2 3 38.379 38.379
1 3 3 38.529 38.529
1 2 3 38.679 38.679
1 4 3 38.679 38.679
1 3 3 38.829 38.829
1 4 3 38.979 38.979
1 1 3 38.979 38.979
1 3 3 38.979 38.979
1 2 3 39.129 39.129
1 3 3 39.279 39.279
1 1 3 39.279 39.279
1 2 3 39.429 39.429
1 1 3 39.579 39.579
1 4 3 39.579 39.579
1 2 3 39.579 39.579
1 3 3 39.729 39.729
1 2 3 39.879 39.879
1 1 3 39.879 39.879
1 4 3 39.879 39.879
1 4 3 40.029 40.029
1 2 3 40.029 40.029
1 1 3 40.029 40.029
1 2 3 40.179 40.179
1 3 3 40.179 40.179
1 1 3 40.329 40.329
1 3 3 40.329 40.329
1 4 3 40.329 40.329
1 1 3 40.479 40.479
1 3 3 40.479 40.479
1 4 3 40.479 40.479
1 4 3 40.629 40.629
1 3 3 40.629 40.629
1 1 3 40.629 40.629
1 4 3 40.779 40.779
1 1 3 40.779 40.779
1 3 3 40.779 40.779
1 2 3 40.929 40.929
1 3 3 41.079 41.079
1 1 3 41.079 41.079
1 4 3 41.079 41.079
1 4 3 41.229 41.229
1 3 3 41.379 41.379
1 2 3 41.379 41.379
1 1 3 41.379 41.379
1 1 3 41.529 41.529
1 3 3 41.679 41.679
1 4 3 41.679 41.679
1 2 3 41.679 41.679
1 2 3 41.829 41.829
1 1 3 41.979 41.979
1 4 3 41.979 41.979
1 3 3 41.979 41.979
1 3 3 42.129 42.129
1 4 3 42.279 42.279
1 2 3 42.279 42.279
1 1 3 42.279 42.279
1 1 3 42.429 42.429
1 2 3 42.579 42.579
1 3 3 42.579 42.579
1 4 3 42.579 42.579
1 4 3 42.729 42.729
1 2 3 42.879 42.879
1 1 3 42.879 42.879
1 3 3 42.879 42.879
1 3 3 43.029 43.029
1 4 3 43.179 43.179
1 1 3 43.179 43.179
1 2 3 43.179 43.179
1 1 3 43.329 43.329
1 4 3 43.329 43.329
1 2 3 43.329 43.329
1 2 3 43.629 43.629
1 3 3 43.629 43.629
1 3 3 43.779 43.779
1 2 3 43.779 43.779
1 3 3 44.079 44.079
1 4 3 44.079 44.079
1 1 3 44.079 44.079
2 1 3 44.379 44.679
2 3 3 44.379 44.679
2 4 3 44.379 44.679
1 2 3 44.679 44.679
1 2 3 44.829 44.829
1 2 3 44.979 44.979
1 1 3 45.579 45.579
1 4 3 45.579 45.579
1 1 3 45.654 45.654
1 4 3 45.654 45.654
1 2 3 45.954 45.954
1 3 3 45.954 45.954
1 2 3 46.179 46.179
1 3 3 46.179 46.179
1 4 3 46.179 46.179
2 1 3 46.179 46.741
2 2 3 46.779 47.341
2 3 3 47.379 47.941
2 4 3 47.979 48.541
2 3 3 48.579 49.141
2 2 3 49.179 49.741
2 1 3 49.779 50.641
2 4 3 50.379 50.641
1 2 3 50.679 50.679
1 3 3 50.679 50.679
1 4 3 50.679 50.679
1 1 3 50.679 50.679
1 1 3 50.979 50.979
1 2 3 50.979 50.979
1 4 3 50.979 50.979
1 3 3 51.279 51.279
1 1 3 51.279 51.279
1 1 3 51.429 51.429
1 3 3 51.429 51.429
1 2 3 51.579 51.579
1 4 3 51.579 51.579
1 1 3 51.879 51.879
1 3 3 51.879 51.879
1 4 3 51.879 51.879
1 1 3 52.179 52.179
1 2 3 52.179 52.179
1 3 3 52.329 52.329
1 4 3 52.329 52.329
1 2 3 52.479 52.479
1 1 3 52.479 52.479
1 1 3 52.629 52.629
1 2 3 52.629 52.629
1 3 3 52.779 52.779
1 4 3 52.779 52.779
1 1 3 53.079 53.079
1 2 3 53.079 53.079
1 4 3 53.079 53.079
1 3 3 53.229 53.229
1 4 3 53.379 53.379
1 1 3 53.379 53.379
1 2 3 53.679 53.679
1 3 3 53.679 53.679
1 4 3 53.679 53.679
1 1 3 53.829 53.829
1 2 3 53.979 53.979
1 4 3 53.979 53.979
1 1 3 54.279 54.279
1 3 3 54.279 54.279
1 1 3 54.579 54.579
1 2 3 54.579 54.579
1 4 3 54.579 54.579
1 2 3 54.879 54.879
1 3 3 54.879 54.879
1 4 3 54.879 54.879
1 2 3 55.029 55.029
1 3 3 55.029 55.029
1 4 3 55.029 55.029
1 2 3 55.179 55.179
1 3 3 55.179 55.179
1 4 3 55.179 55.179
1 2 3 55.479 55.479
1 3 3 55.479 55.479
1 4 3 55.479 55.479
1 1 3 55.779 55.779
1 2 3 55.779 55.779
1 4 3 55.779 55.779
1 3 3 56.079 56.079
1 1 3 56.079 56.079
1 2 3 56.379 56.379
2 4 3 56.379 56.679
1 1 3 56.679 56.679
1 1 3 56.979 56.979
1 2 3 57.129 57.129
1 4 3 57.279 57.279
1 3 3 57.429 57.429
1 2 3 57.579 57.579
1 1 3 57.879 57.879
1 2 3 58.029 58.029
1 3 3 58.179 58.179
1 4 3 58.479 58.479
1 3 3 58.629 58.629
1 2 3 58.779 58.779
1 4 3 59.079 59.079
1 1 3 59.079 59.079
1 2 3 59.379 59.379
1 3 3 59.379 59.379
1 1 3 59.679 59.679
1 4 3 59.679 59.679
1 2 3 59.979 59.979
1 1 3 59.979 59.979
1 3 3 59.979 59.979
1 4 3 59.979 59.979
1 1 3 60.579 60.579
1 4 3 60.579 60.579
1 2 3 61.179 61.179
2 3 3 61.179 61.779
1 1 3 61.779 61.779
2 4 3 61.779 62.379
1 3 3 62.379 62.379
2 2 3 62.379 62.979
1 1 3 62.979 62.979
1 4 3 62.979 62.979
1 3 3 63.579 63.579
1 2 3 64.179 64.179
2 1 3 64.179 65.304
2 4 3 64.179 65.304
1 1 3 65.379 65.379
1 4 3 65.379 65.379
1 2 3 65.979 65.979
1 3 3 66.579 66.579
2 4 3 66.579 67.179
2 1 3 66.579 67.179
2 2 3 67.179 67.779
2 3 3 67.179 67.779
1 1 3 67.779 67.779
1 4 3 67.779 67.779
1 3 3 68.379 68.379
1 2 3 68.979 68.979
2 1 3 68.979 70.104
2 4 3 68.979 70.104
1 1 3 70.179 70.179
1 4 3 70.179 70.179
1 2 3 70.254 70.254
1 4 3 70.329 70.329
1 3 3 70.329 70.329
1 1 3 70.329 70.329
1 3 3 70.404 70.404
1 4 3 70.404 70.404
1 2 3 70.479 70.479
1 1 3 70.554 70.554
1 4 3 70.554 70.554
1 1 3 70.629 70.629
1 3 3 70.629 70.629
1 2 3 70.704 70.704
1 1 3 70.779 70.779
1 4 3 70.779 70.779
1 3 3 70.816 70.816
1 2 3 70.854 70.854
1 4 3 70.929 70.929
1 2 3 71.004 71.004
1 4 3 71.079 71.079
1 1 3 71.079 71.079
1 3 3 71.116 71.116
1 2 3 71.154 71.154
1 4 3 71.229 71.229
1 2 3 71.304 71.304
1 1 3 71.379 71.379
1 3 3 71.379 71.379
1 4 3 71.379 71.379
1 3 3 71.454 71.454
1 4 3 71.454 71.454
1 2 3 71.529 71.529
1 1 3 71.529 71.529
1 3 3 71.604 71.604
1 4 3 71.604 71.604
1 1 3 71.679 71.679
1 3 3 71.754 71.754
1 1 3 71.829 71.829
1 2 3 71.866 71.866
1 3 3 71.904 71.904
1 4 3 71.941 71.941
1 1 3 71.979 71.979
1 3 3 72.016 72.016
1 2 3 72.054 72.054
1 1 3 72.129 72.129
1 4 3 72.129 72.129
1 3 3 72.204 72.204
1 2 3 72.204 72.204
1 1 3 72.279 72.279
1 4 3 72.279 72.279
1 3 3 72.316 72.316
1 2 3 72.354 72.354
1 1 3 72.429 72.429
1 4 3 72.429 72.429
1 2 3 72.579 72.579
1 4 3 72.579 72.579
1 3 3 72.654 72.654
1 1 3 72.654 72.654
1 2 3 72.729 72.729
1 4 3 72.729 72.729
1 3 3 72.804 72.804
1 1 3 72.804 72.804
1 2 3 72.879 72.879
1 4 3 72.879 72.879
1 3 3 72.954 72.954
1 1 3 72.954 72.954
1 2 3 73.029 73.029
1 4 3 73.029 73.029
1 1 3 73.066 73.066
1 3 3 73.104 73.104
1 4 3 73.179 73.179
1 2 3 73.179 73.179
1 1 3 73.216 73.216
1 3 3 73.254 73.254
1 2 3 73.329 73.329
1 1 3 73.366 73.366
1 3 3 73.404 73.404
1 2 3 73.479 73.479
1 1 3 73.516 73.516
1 3 3 73.554 73.554
1 2 3 73.629 73.629
1 1 3 73.666 73.666
1 3 3 73.704 73.704
1 2 3 73.779 73.779
1 4 3 73.779 73.779
1 1 3 73.816 73.816
1 3 3 73.854 73.854
1 4 3 73.929 73.929
1 1 3 73.929 73.929
1 2 3 74.004 74.004
1 3 3 74.079 74.079
1 4 3 74.079 74.079
1 1 3 74.079 74.079
1 2 3 74.229 74.229
1 4 3 74.229 74.229
1 1 3 74.304 74.304
1 3 3 74.304 74.304
1 4 3 74.379 74.379
1 2 3 74.379 74.379
1 3 3 74.454 74.454
1 4 3 74.529 74.529
1 1 3 74.529 74.529
1 2 3 74.604 74.604
1 3 3 74.679 74.679
1 4 3 74.679 74.679
1 2 3 74.754 74.754
1 1 3 74.754 74.754
1 3 3 74.829 74.829
1 4 3 74.829 74.829
1 2 3 74.904 74.904
1 1 3 74.904 74.904
1 3 3 74.979 74.979
1 4 3 74.979 74.979
1 1 3 74.979 74.979
1 1 3 75.129 75.129
1 4 3 75.129 75.129
1 2 3 75.204 75.204
1 3 3 75.279 75.279
1 4 3 75.279 75.279
1 2 3 75.354 75.354
1 1 3 75.354 75.354
1 4 3 75.429 75.429
1 3 3 75.429 75.429
1 2 3 75.504 75.504
1 1 3 75.504 75.504
1 1 3 75.579 75.579
1 2 3 75.579 75.579
1 4 3 75.579 75.579
1 4 3 75.729 75.729
1 1 3 75.729 75.729
1 3 3 75.804 75.804
1 2 3 75.879 75.879
1 1 3 75.879 75.879
1 4 3 75.954 75.954
1 3 3 75.954 75.954
1 2 3 76.029 76.029
1 1 3 76.029 76.029
1 3 3 76.104 76.104
1 4 3 76.104 76.104
1 3 3 76.179 76.179
1 4 3 76.179 76.179
1 1 3 76.179 76.179
1 2 3 76.329 76.329
1 4 3 76.329 76.329
1 3 3 76.404 76.404
1 4 3 76.479 76.479
1 1 3 76.479 76.479
1 2 3 76.554 76.554
1 3 3 76.591 76.591
1 1 3 76.629 76.629
1 4 3 76.629 76.629
1 4 3 76.779 76.779
1 3 3 76.779 76.779
1 2 3 76.854 76.854
1 1 3 76.854 76.854
1 4 3 76.929 76.929
1 3 3 76.929 76.929
1 2 3 77.004 77.004
1 1 3 77.004 77.004
1 4 3 77.079 77.079
1 3 3 77.116 77.116
1 2 3 77.154 77.154
1 1 3 77.191 77.191
1 4 3 77.229 77.229
1 3 3 77.266 77.266
1 2 3 77.304 77.304
1 1 3 77.341 77.341
1 3 3 77.379 77.379
1 4 3 77.379 77.379
1 2 3 77.454 77.454
1 1 3 77.454 77.454
1 1 3 77.529 77.529
1 2 3 77.529 77.529
1 3 3 77.604 77.604
1 4 3 77.604 77.604
1 2 3 77.679 77.679
1 1 3 77.679 77.679
1 3 3 77.754 77.754
1 4 3 77.829 77.829
1 2 3 77.829 77.829
1 1 3 77.904 77.904
1 3 3 77.979 77.979
1 4 3 77.979 77.979
1 3 3 78.054 78.054
1 4 3 78.054 78.054
1 4 3 78.129 78.129
1 3 3 78.129 78.129
1 2 3 78.204 78.204
1 1 3 78.204 78.204
1 3 3 78.279 78.279
1 4 3 78.279 78.279
1 2 3 78.354 78.354
1 1 3 78.429 78.429
1 3 3 78.429 78.429
1 4 3 78.504 78.504
1 2 3 78.579 78.579
1 1 3 78.579 78.579
1 4 3 78.654 78.654
1 3 3 78.654 78.654
1 2 3 78.729 78.729
1 1 3 78.729 78.729
1 3 3 78.804 78.804
1 4 3 78.804 78.804
1 2 3 78.879 78.879
1 1 3 78.879 78.879
1 4 3 78.954 78.954
1 3 3 78.954 78.954
1 2 3 79.029 79.029
1 1 3 79.029 79.029
1 3 3 79.104 79.104
1 4 3 79.104 79.104
1 2 3 79.179 79.179
1 1 3 79.179 79.179
1 3 3 79.254 79.254
1 4 3 79.254 79.254
1 2 3 79.329 79.329
1 1 3 79.329 79.329
1 3 3 79.404 79.404
1 4 3 79.404 79.404
1 2 3 79.479 79.479
1 1 3 79.479 79.479
1 4 3 79.554 79.554
1 3 3 79.554 79.554
1 2 3 79.629 79.629
1 1 3 79.629 79.629
1 3 3 79.704 79.704
1 4 3 79.704 79.704
2 1 3 79.779 80.304
1 2 3 79.779 79.779
1 4 3 79.779 79.779
1 3 3 79.779 79.779
1 2 3 80.079 80.079
1 4 3 80.079 80.079
1 3 3 80.079 80.079
2 2 3 80.379 80.904
1 1 3 80.379 80.379
1 3 3 80.379 80.379
1 4 3 80.379 80.379
1 1 3 80.679 80.679
1 3 3 80.679 80.679
1 4 3 80.679 80.679
2 3 3 80.979 81.504
1 1 3 80.979 80.979
1 2 3 80.979 80.979
1 4 3 80.979 80.979
1 4 3 81.279 81.279
1 2 3 81.279 81.279
1 1 3 81.279 81.279
2 4 3 81.579 82.104
1 1 3 81.579 81.579
1 2 3 81.579 81.579
1 3 3 81.579 81.579
1 1 3 81.879 81.879
1 2 3 81.879 81.879
1 3 3 81.879 81.879
2 1 3 82.179 82.704
1 2 3 82.179 82.179
1 3 3 82.179 82.179
1 4 3 82.179 82.179
1 2 3 82.479 82.479
1 3 3 82.479 82.479
1 4 3 82.479 82.479
2 2 3 82.779 83.304
1 1 3 82.779 82.779
1 3 3 82.779 82.779
1 4 3 82.779 82.779
1 1 3 83.079 83.079
1 3 3 83.079 83.079
1 4 3 83.079 83.079
2 1 3 83.379 83.904
1 2 3 83.379 83.379
1 3 3 83.379 83.379
1 4 3 83.379 83.379
1 2 3 83.679 83.679
1 3 3 83.679 83.679
1 4 3 83.679 83.679
2 2 3 83.979 84.504
1 1 3 83.979 83.979
1 3 3 83.979 83.979
1 4 3 83.979 83.979
1 3 3 84.279 84.279
1 4 3 84.279 84.279
1 1 3 84.279 84.279
2 4 3 84.579 85.104
1 1 3 84.579 84.579
1 2 3 84.579 84.579
1 3 3 84.579 84.579
1 2 3 84.879 84.879
1 1 3 84.879 84.879
1 3 3 84.879 84.879
2 3 3 85.179 85.704
1 1 3 85.179 85.179
1 2 3 85.179 85.179
1 4 3 85.179 85.179
1 1 3 85.479 85.479
1 2 3 85.479 85.479
1 4 3 85.479 85.479
2 2 3 85.779 86.304
1 1 3 85.779 85.779
1 3 3 85.779 85.779
1 4 3 85.779 85.779
1 4 3 86.079 86.079
1 3 3 86.079 86.079
1 1 3 86.079 86.079
2 1 3 86.379 86.904
1 3 3 86.379 86.379
1 2 3 86.379 86.379
1 4 3 86.379 86.379
1 2 3 86.679 86.679
1 3 3 86.679 86.679
1 4 3 86.679 86.679
2 4 3 86.979 87.504
1 1 3 86.979 86.979
1 2 3 86.979 86.979
1 3 3 86.979 86.979
1 1 3 87.279 87.279
1 2 3 87.279 87.279
1 3 3 87.279 87.279
2 3 3 87.579 88.104
1 1 3 87.579 87.579
1 2 3 87.579 87.579
1 4 3 87.579 87.579
1 1 3 87.879 87.879
1 2 3 87.879 87.879
1 4 3 87.879 87.879
2 4 3 88.179 88.704
1 1 3 88.179 88.179
1 2 3 88.179 88.179
1 3 3 88.179 88.179
1 1 3 88.479 88.479
1 2 3 88.479 88.479
1 3 3 88.479 88.479
2 3 3 88.779 89.304
1 1 3 88.779 88.779
1 2 3 88.779 88.779
1 4 3 88.779 88.779
1 4 3 89.079 89.079
1 1 3 89.079 89.079
1 2 3 89.079 89.079
1 2 3 89.379 89.379
1 4 3 89.379 89.379
1 3 3 89.379 89.379
2 1 3 89.379 89.979
1 2 3 89.979 89.979
1 4 3 89.979 89.979
2 3 3 89.979 90.579
1 2 3 90.579 90.579
1 4 3 90.579 90.579
2 1 3 90.579 91.179
1 2 3 91.179 91.179
1 3 3 91.179 91.179
2 4 3 91.179 91.779
1 3 3 91.779 91.779
1 1 3 91.779 91.779
2 2 3 91.779 92.379
1 1 3 92.379 92.379
1 3 3 92.379 92.379
2 4 3 92.379 92.979
1 3 3 92.979 92.979
1 2 3 92.979 92.979
2 1 3 92.979 94.179
1 2 3 93.579 93.579
1 4 3 93.579 93.579
1 3 3 94.179 94.179
1 2 3 94.179 94.179
2 4 3 94.179 94.779
1 3 3 94.779 94.779
1 1 3 94.779 94.779
2 2 3 94.779 95.379
1 1 3 95.379 95.379
1 3 3 95.379 95.379
2 4 3 95.379 95.979
1 3 3 95.979 95.979
1 2 3 95.979 95.979
2 1 3 95.979 96.579
1 2 3 96.579 96.579
1 4 3 96.579 96.579
2 3 3 96.579 97.179
1 2 3 97.179 97.179
1 4 3 97.179 97.179
2 1 3 97.179 97.779
1 2 3 97.779 97.779
1 3 3 97.779 97.779
2 4 3 97.779 98.904
2 1 3 98.379 98.904
1 3 3 98.379 98.379
1 1 3 98.979 98.979
1 4 3 98.979 98.979
1 3 3 99.279 99.279
1 1 3 99.279 99.279
1 4 3 99.579 99.579
1 2 3 99.579 99.579
1 1 3 99.879 99.879
1 4 3 99.879 99.879
1 4 3 100.179 100.179
1 3 3 100.179 100.179
1 2 3 100.329 100.329
1 1 3 100.329 100.329
1 3 3 100.479 100.479
1 4 3 100.479 100.479
1 4 3 100.629 100.629
1 3 3 100.629 100.629
1 2 3 100.779 100.779
1 1 3 100.779 100.779
1 4 3 101.079 101.079
1 1 3 101.079 101.079
1 3 3 101.229 101.229
1 2 3 101.379 101.379
1 1 3 101.379 101.379
1 3 3 101.679 101.679
1 4 3 101.679 101.679
1 2 3 101.829 101.829
1 1 3 101.979 101.979
1 4 3 101.979 101.979
1 3 3 102.279 102.279
1 2 3 102.279 102.279
1 1 3 102.579 102.579
1 2 3 102.579 102.579
1 4 3 102.579 102.579
1 2 3 102.879 102.879
1 1 3 102.879 102.879
1 1 3 103.029 103.029
1 2 3 103.029 103.029
1 2 3 103.179 103.179
1 1 3 103.179 103.179
1 4 3 103.179 103.179
1 2 3 103.479 103.479
1 1 3 103.479 103.479
1 4 3 103.479 103.479
1 1 3 103.779 103.779
1 4 3 103.779 103.779
1 2 3 104.079 104.079
1 4 3 104.079 104.079
1 1 3 104.379 104.379
1 3 3 104.379 104.379
1 1 3 104.679 104.679
1 4 3 104.679 104.679
1 1 3 104.979 104.979
1 2 3 104.979 104.979
1 3 3 105.129 105.129
1 4 3 105.129 105.129
1 2 3 105.279 105.279
1 1 3 105.279 105.279
1 1 3 105.429 105.429
1 2 3 105.429 105.429
1 3 3 105.579 105.579
1 4 3 105.579 105.579
1 1 3 105.879 105.879
1 2 3 105.879 105.879
1 3 3 106.029 106.029
1 4 3 106.179 106.179
1 1 3 106.179 106.179
1 1 3 106.479 106.479
1 4 3 106.479 106.479
1 2 3 106.629 106.629
1 4 3 106.779 106.779
1 3 3 106.779 106.779
1 2 3 107.079 107.079
1 1 3 107.079 107.079
1 3 3 107.379 107.379
1 4 3 107.379 107.379
1 2 3 107.979 107.979
1 2 3 108.279 108.279
1 2 3 108.579 108.579
1 2 3 109.404 109.404
2 1 3 109.629 110.154
2 4 3 109.629 110.154
2 3 3 109.629 110.154
