1 4 3 0.543 0.543
1 1 3 0.543 0.543
1 3 3 0.543 0.543
1 2 3 0.993 0.993
1 3 3 1.293 1.293
1 4 3 1.443 1.443
1 1 3 1.743 1.743
1 3 3 1.818 1.818
1 2 3 1.893 1.893
1 3 3 2.043 2.043
1 1 3 2.343 2.343
1 2 3 2.343 2.343
1 4 3 2.343 2.343
1 3 3 2.793 2.793
1 2 3 3.093 3.093
1 4 3 3.243 3.243
1 1 3 3.543 3.543
1 2 3 3.618 3.618
1 4 3 3.693 3.693
1 3 3 3.843 3.843
1 2 3 4.143 4.143
1 3 3 4.143 4.143
1 4 3 4.143 4.143
1 1 3 4.593 4.593
1 1 3 4.893 4.893
1 2 3 5.043 5.043
1 4 3 5.043 5.043
1 3 3 5.193 5.193
1 2 3 5.268 5.268
1 1 3 5.343 5.343
1 4 3 5.418 5.418
1 3 3 5.493 5.493
1 2 3 5.643 5.643
1 1 3 5.793 5.793
1 2 3 5.943 5.943
1 3 3 5.943 5.943
1 4 3 5.943 5.943
1 1 3 6.243 6.243
1 2 3 6.393 6.393
1 4 3 6.393 6.393
1 3 3 6.543 6.543
1 4 3 6.543 6.543
1 1 3 6.693 6.693
1 2 3 6.693 6.693
1 3 3 6.843 6.843
1 4 3 6.843 6.843
1 1 3 6.993 6.993
1 3 3 6.993 6.993
1 1 3 7.143 7.143
1 2 3 7.143 7.143
1 3 3 7.293 7.293
1 4 3 7.293 7.293
1 2 3 7.443 7.443
1 4 3 7.443 7.443
1 3 3 7.518 7.518
1 1 3 7.593 7.593
1 2 3 7.593 7.593
1 4 3 7.668 7.668
1 1 3 7.743 7.743
1 2 3 7.743 7.743
1 3 3 7.743 7.743
1 3 3 7.893 7.893
1 1 3 8.043 8.043
1 1 3 8.193 8.193
1 4 3 8.193 8.193
1 4 3 8.343 8.343
1 2 3 8.343 8.343
1 1 3 8.493 8.493
1 3 3 8.493 8.493
1 1 3 8.643 8.643
1 2 3 8.643 8.643
1 4 3 8.643 8.643
1 3 3 8.793 8.793
1 4 3 8.793 8.793
1 3 3 8.943 8.943
1 2 3 8.943 8.943
1 1 3 9.093 9.093
1 2 3 9.093 9.093
1 1 3 9.243 9.243
1 4 3 9.243 9.243
1 2 3 9.318 9.318
1 1 3 9.393 9.393
1 3 3 9.393 9.393
1 2 3 9.543 9.543
1 3 3 9.543 9.543
1 4 3 9.543 9.543
1 1 3 9.693 9.693
1 2 3 9.843 9.843
1 3 3 9.993 9.993
1 4 3 9.993 9.993
1 4 3 10.143 10.143
1 1 3 10.143 10.143
1 1 3 10.293 10.293
1 3 3 10.293 10.293
1 4 3 10.368 10.368
1 2 3 10.443 10.443
1 3 3 10.443 10.443
1 1 3 10.443 10.443
1 4 3 10.593 10.593
1 2 3 10.593 10.593
1 3 3 10.743 10.743
1 4 3 10.743 10.743
1 4 3 10.893 10.893
1 1 3 10.893 10.893
1 1 3 11.043 11.043
1 2 3 11.043 11.043
1 3 3 11.193 11.193
1 4 3 11.193 11.193
1 3 3 11.343 11.343
1 4 3 11.343 11.343
1 1 3 11.343 11.343
1 2 3 11.493 11.493
1 1 3 11.643 11.643
1 2 3 11.793 11.793
1 4 3 11.793 11.793
1 3 3 11.943 11.943
1 4 3 11.943 11.943
1 3 3 12.093 12.093
1 1 3 12.093 12.093
1 1 3 12.243 12.243
1 2 3 12.243 12.243
1 4 3 12.243 12.243
1 2 3 12.393 12.393
1 3 3 12.393 12.393
1 1 3 12.543 12.543
1 4 3 12.543 12.543
1 2 3 12.693 12.693
1 4 3 12.693 12.693
1 2 3 12.843 12.843
1 3 3 12.843 12.843
1 1 3 12.993 12.993
1 4 3 12.993 12.993
1 1 3 13.143 13.143
1 2 3 13.143 13.143
1 4 3 13.143 13.143
1 3 3 13.293 13.293
1 1 3 13.443 13.443
1 4 3 13.443 13.443
1 3 3 13.593 13.593
1 1 3 13.593 13.593
1 2 3 13.743 13.743
1 3 3 13.743 13.743
1 4 3 13.743 13.743
1 1 3 13.893 13.893
1 2 3 14.043 14.043
1 4 3 14.043 14.043
1 4 3 14.193 14.193
1 1 3 14.193 14.193
1 1 3 14.343 14.343
1 3 3 14.343 14.343
1 2 3 14.493 14.493
1 3 3 14.493 14.493
1 2 3 14.643 14.643
1 4 3 14.643 14.643
1 1 3 14.718 14.718
1 3 3 14.793 14.793
1 4 3 14.793 14.793
1 2 3 14.868 14.868
1 1 3 14.943 14.943
1 3 3 14.943 14.943
1 4 3 14.943 14.943
1 2 3 15.093 15.093
1 3 3 15.243 15.243
1 3 3 15.393 15.393
1 1 3 15.393 15.393
1 1 3 15.543 15.543
1 4 3 15.543 15.543
1 2 3 15.693 15.693
1 3 3 15.693 15.693
1 4 3 15.843 15.843
1 3 3 15.843 15.843
1 1 3 15.843 15.843
1 4 3 15.993 15.993
1 2 3 15.993 15.993
1 1 3 16.143 16.143
1 3 3 16.143 16.143
1 1 3 16.293 16.293
1 2 3 16.293 16.293
1 3 3 16.443 16.443
1 4 3 16.443 16.443
1 2 3 16.518 16.518
1 1 3 16.593 16.593
1 4 3 16.593 16.593
1 1 3 16.743 16.743
1 2 3 16.743 16.743
1 3 3 16.743 16.743
1 3 3 16.893 16.893
1 1 3 17.043 17.043
1 2 3 17.043 17.043
1 3 3 17.193 17.193
1 4 3 17.193 17.193
1 1 3 17.343 17.343
1 3 3 17.343 17.343
1 1 3 17.493 17.493
1 2 3 17.493 17.493
1 2 3 17.643 17.643
1 3 3 17.643 17.643
1 4 3 17.643 17.643
1 4 3 17.793 17.793
1 1 3 17.793 17.793
1 1 3 17.943 17.943
1 2 3 17.943 17.943
1 2 3 18.093 18.093
1 3 3 18.093 18.093
1 3 3 18.243 18.243
1 4 3 18.243 18.243
1 4 3 18.393 18.393
1 1 3 18.543 18.543
1 2 3 18.543 18.543
1 3 3 18.543 18.543
1 1 3 18.693 18.693
1 3 3 18.843 18.843
1 3 3 18.993 18.993
1 1 3 18.993 18.993
1 1 3 19.143 19.143
1 4 3 19.143 19.143
1 3 3 19.293 19.293
1 2 3 19.293 19.293
1 1 3 19.443 19.443
1 3 3 19.443 19.443
1 4 3 19.443 19.443
1 1 3 19.593 19.593
1 2 3 19.593 19.593
1 3 3 19.743 19.743
1 4 3 19.743 19.743
1 3 3 19.893 19.893
1 1 3 19.893 19.893
1 1 3 20.043 20.043
1 4 3 20.043 20.043
1 2 3 20.118 20.118
1 3 3 20.193 20.193
1 1 3 20.343 20.343
1 2 3 20.343 20.343
1 4 3 20.343 20.343
1 2 3 20.493 20.493
1 4 3 20.493 20.493
1 1 3 20.643 20.643
1 3 3 20.643 20.643
1 1 3 20.793 20.793
1 3 3 20.793 20.793
1 2 3 20.943 20.943
1 4 3 20.943 20.943
1 4 3 21.093 21.093
1 1 3 21.093 21.093
1 1 3 21.243 21.243
1 3 3 21.243 21.243
1 2 3 21.393 21.393
1 4 3 21.393 21.393
1 3 3 21.543 21.543
1 4 3 21.543 21.543
1 2 3 21.693 21.693
1 1 3 21.693 21.693
1 1 3 21.843 21.843
1 3 3 21.843 21.843
1 4 3 21.993 21.993
1 2 3 21.993 21.993
1 2 3 22.143 22.143
1 4 3 22.143 22.143
1 3 3 22.143 22.143
1 1 3 22.593 22.593
1 3 3 22.893 22.893
1 2 3 23.043 23.043
1 3 3 23.343 23.343
1 2 3 23.418 23.418
1 3 3 23.493 23.493
1 2 3 23.643 23.643
1 1 3 23.793 23.793
1 4 3 23.943 23.943
1 3 3 23.943 23.943
1 1 3 23.943 23.943
1 4 3 24.093 24.093
1 2 3 24.243 24.243
1 1 3 24.243 24.243
1 1 3 24.393 24.393
1 3 3 24.393 24.393
1 2 3 24.543 24.543
1 4 3 24.543 24.543
1 3 3 24.693 24.693
1 1 3 24.693 24.693
1 2 3 24.843 24.843
1 4 3 24.843 24.843
1 3 3 24.843 24.843
1 2 3 24.993 24.993
1 1 3 25.143 25.143
1 4 3 25.143 25.143
1 1 3 25.293 25.293
1 3 3 25.443 25.443
1 4 3 25.443 25.443
1 2 3 25.593 25.593
1 3 3 25.743 25.743
1 1 3 25.743 25.743
1 3 3 25.893 25.893
1 4 3 26.043 26.043
1 1 3 26.043 26.043
1 2 3 26.193 26.193
1 3 3 26.193 26.193
1 1 3 26.343 26.343
1 2 3 26.343 26.343
1 4 3 26.493 26.493
1 1 3 26.493 26.493
1 3 3 26.643 26.643
1 4 3 26.643 26.643
1 2 3 26.643 26.643
1 3 3 26.793 26.793
1 1 3 26.943 26.943
1 2 3 26.943 26.943
1 3 3 27.093 27.093
1 2 3 27.168 27.168
1 3 3 27.243 27.243
1 4 3 27.243 27.243
1 1 3 27.393 27.393
1 1 3 27.543 27.543
1 2 3 27.543 27.543
1 3 3 27.693 27.693
1 2 3 27.843 27.843
1 4 3 27.843 27.843
1 3 3 27.993 27.993
1 4 3 27.993 27.993
1 3 3 28.143 28.143
1 1 3 28.143 28.143
1 1 3 28.293 28.293
1 2 3 28.443 28.443
1 3 3 28.443 28.443
1 4 3 28.443 28.443
1 3 3 28.593 28.593
1 1 3 28.743 28.743
1 1 3 28.893 28.893
1 3 3 29.043 29.043
1 4 3 29.043 29.043
1 4 3 29.193 29.193
1 2 3 29.193 29.193
1 1 3 29.343 29.343
1 3 3 29.343 29.343
1 2 3 29.343 29.343
1 1 3 29.493 29.493
1 3 3 29.643 29.643
1 4 3 29.643 29.643
1 2 3 29.793 29.793
1 1 3 29.793 29.793
1 2 3 29.943 29.943
1 3 3 29.943 29.943
1 4 3 30.093 30.093
1 1 3 30.093 30.093
1 1 3 30.243 30.243
1 3 3 30.243 30.243
1 2 3 30.243 30.243
1 4 3 30.393 30.393
1 3 3 30.543 30.543
1 2 3 30.543 30.543
1 1 3 30.693 30.693
1 1 3 30.843 30.843
1 3 3 30.843 30.843
1 3 3 30.993 30.993
1 4 3 31.143 31.143
1 2 3 31.143 31.143
1 1 3 31.143 31.143
1 3 3 31.293 31.293
1 1 3 31.443 31.443
1 4 3 31.443 31.443
1 1 3 31.593 31.593
1 3 3 31.593 31.593
1 2 3 31.743 31.743
1 4 3 31.743 31.743
1 3 3 31.893 31.893
1 4 3 31.893 31.893
1 2 3 32.043 32.043
1 3 3 32.043 32.043
1 1 3 32.043 32.043
1 1 3 32.193 32.193
1 3 3 32.343 32.343
1 3 3 32.493 32.493
1 2 3 32.643 32.643
1 4 3 32.643 32.643
1 4 3 32.793 32.793
1 1 3 32.793 32.793
1 3 3 32.943 32.943
1 2 3 32.943 32.943
1 1 3 32.943 32.943
1 2 3 33.093 33.093
1 4 3 33.243 33.243
1 1 3 33.243 33.243
1 3 3 33.393 33.393
1 4 3 33.393 33.393
1 3 3 33.543 33.543
1 2 3 33.543 33.543
1 2 3 33.693 33.693
1 3 3 33.843 33.843
1 4 3 33.843 33.843
1 1 3 33.843 33.843
1 2 3 33.993 33.993
1 3 3 34.143 34.143
1 1 3 34.143 34.143
1 1 3 34.293 34.293
1 4 3 34.293 34.293
1 2 3 34.368 34.368
1 4 3 34.443 34.443
1 3 3 34.443 34.443
1 1 3 34.593 34.593
1 2 3 34.593 34.593
1 1 3 34.743 34.743
1 3 3 34.743 34.743
1 4 3 34.743 34.743
1 3 3 34.893 34.893
1 4 3 35.043 35.043
1 1 3 35.043 35.043
1 2 3 35.193 35.193
1 4 3 35.193 35.193
1 2 3 35.343 35.343
1 3 3 35.343 35.343
1 1 3 35.493 35.493
1 3 3 35.643 35.643
1 4 3 35.643 35.643
1 2 3 35.643 35.643
1 3 3 35.793 35.793
1 2 3 35.943 35.943
1 1 3 35.943 35.943
1 2 3 36.093 36.093
1 1 3 36.243 36.243
1 4 3 36.243 36.243
1 4 3 36.393 36.393
1 3 3 36.543 36.543
1 2 3 36.543 36.543
1 2 3 36.693 36.693
1 3 3 36.843 36.843
1 1 3 36.843 36.843
1 1 3 36.993 36.993
1 4 3 36.993 36.993
1 2 3 37.143 37.143
1 4 3 37.143 37.143
1 3 3 37.293 37.293
1 4 3 37.293 37.293
1 3 3 37.443 37.443
1 2 3 37.443 37.443
1 1 3 37.443 37.443
1 1 3 37.593 37.593
1 4 3 37.593 37.593
1 2 3 37.743 37.743
1 4 3 37.743 37.743
1 4 3 37.893 37.893
1 2 3 37.893 37.893
1 3 3 38.043 38.043
1 1 3 38.043 38.043
1 1 3 38.193 38.193
1 3 3 38.193 38.193
1 2 3 38.343 38.343
1 1 3 38.343 38.343
1 4 3 38.343 38.343
1 3 3 38.793 38.793
1 2 3 39.093 39.093
1 1 3 39.243 39.243
1 4 3 39.543 39.543
1 3 3 39.543 39.543
1 1 3 39.618 39.618
1 2 3 39.693 39.693
1 3 3 39.843 39.843
1 2 3 39.993 39.993
1 4 3 40.143 40.143
1 1 3 40.143 40.143
1 2 3 40.143 40.143
1 3 3 40.293 40.293
1 1 3 40.443 40.443
1 4 3 40.443 40.443
1 1 3 40.593 40.593
1 3 3 40.593 40.593
1 2 3 40.743 40.743
1 4 3 40.743 40.743
1 4 3 40.893 40.893
1 1 3 40.893 40.893
1 3 3 41.043 41.043
1 2 3 41.043 41.043
1 1 3 41.043 41.043
1 2 3 41.193 41.193
1 2 3 41.343 41.343
1 4 3 41.343 41.343
1 4 3 41.493 41.493
1 1 3 41.493 41.493
1 1 3 41.643 41.643
1 3 3 41.643 41.643
1 3 3 41.793 41.793
1 4 3 41.793 41.793
1 3 3 41.943 41.943
1 2 3 41.943 41.943
1 1 3 41.943 41.943
1 1 3 42.093 42.093
1 4 3 42.093 42.093
1 1 3 42.243 42.243
1 3 3 42.243 42.243
1 2 3 42.393 42.393
1 4 3 42.393 42.393
1 4 3 42.543 42.543
1 1 3 42.543 42.543
1 3 3 42.693 42.693
1 2 3 42.693 42.693
1 2 3 42.843 42.843
1 4 3 42.843 42.843
1 1 3 42.843 42.843
1 3 3 42.993 42.993
1 4 3 43.143 43.143
1 3 3 43.143 43.143
1 1 3 43.293 43.293
1 2 3 43.293 43.293
1 1 3 43.443 43.443
1 3 3 43.443 43.443
1 3 3 43.593 43.593
1 2 3 43.593 43.593
1 3 3 43.743 43.743
1 4 3 43.743 43.743
1 1 3 43.743 43.743
1 1 3 43.893 43.893
1 2 3 44.043 44.043
1 3 3 44.043 44.043
1 4 3 44.193 44.193
1 3 3 44.193 44.193
1 4 3 44.343 44.343
1 1 3 44.343 44.343
1 2 3 44.493 44.493
1 1 3 44.493 44.493
1 2 3 44.643 44.643
1 3 3 44.643 44.643
1 4 3 44.643 44.643
1 4 3 44.793 44.793
1 3 3 44.943 44.943
1 1 3 44.943 44.943
1 1 3 45.093 45.093
1 3 3 45.093 45.093
1 2 3 45.243 45.243
1 4 3 45.243 45.243
1 2 3 45.393 45.393
1 4 3 45.393 45.393
1 4 3 45.543 45.543
1 2 3 45.543 45.543
1 1 3 45.543 45.543
1 3 3 45.693 45.693
1 3 3 45.843 45.843
1 2 3 45.843 45.843
1 1 3 45.993 45.993
1 4 3 45.993 45.993
1 4 3 46.143 46.143
1 3 3 46.143 46.143
1 3 3 46.293 46.293
1 2 3 46.293 46.293
1 2 3 46.443 46.443
1 1 3 46.443 46.443
1 4 3 46.443 46.443
1 1 3 46.593 46.593
1 3 3 46.743 46.743
1 4 3 46.743 46.743
1 4 3 46.893 46.893
1 3 3 47.043 47.043
1 2 3 47.043 47.043
1 1 3 47.043 47.043
1 1 3 47.193 47.193
1 3 3 47.193 47.193
1 4 3 47.343 47.343
1 2 3 47.343 47.343
1 1 3 47.343 47.343
1 4 3 47.493 47.493
1 3 3 47.643 47.643
1 1 3 47.643 47.643
1 1 3 47.793 47.793
1 4 3 47.793 47.793
1 2 3 47.943 47.943
1 4 3 47.943 47.943
1 3 3 48.093 48.093
1 1 3 48.093 48.093
1 1 3 48.243 48.243
1 4 3 48.243 48.243
1 2 3 48.243 48.243
1 4 3 48.393 48.393
1 3 3 48.543 48.543
1 2 3 48.543 48.543
1 1 3 48.693 48.693
1 2 3 48.843 48.843
1 3 3 48.843 48.843
1 3 3 48.993 48.993
1 4 3 48.993 48.993
1 4 3 49.143 49.143
1 1 3 49.143 49.143
1 2 3 49.293 49.293
1 1 3 49.293 49.293
1 4 3 49.443 49.443
1 3 3 49.443 49.443
1 4 3 49.593 49.593
1 2 3 49.593 49.593
1 3 3 49.743 49.743
1 1 3 49.743 49.743
1 1 3 49.893 49.893
1 3 3 49.893 49.893
1 2 3 50.043 50.043
1 4 3 50.043 50.043
1 1 3 50.043 50.043
1 2 3 50.193 50.193
1 3 3 50.193 50.193
1 3 3 50.343 50.343
1 4 3 50.343 50.343
1 4 3 50.493 50.493
1 1 3 50.493 50.493
1 1 3 50.643 50.643
1 2 3 50.643 50.643
1 2 3 50.793 50.793
1 3 3 50.793 50.793
1 4 3 50.943 50.943
1 3 3 50.943 50.943
1 1 3 50.943 50.943
1 3 3 51.093 51.093
1 1 3 51.243 51.243
1 2 3 51.243 51.243
1 2 3 51.393 51.393
1 4 3 51.393 51.393
1 4 3 51.543 51.543
1 1 3 51.543 51.543
1 4 3 51.693 51.693
1 2 3 51.693 51.693
1 3 3 51.843 51.843
1 2 3 51.843 51.843
1 1 3 51.843 51.843
1 1 3 51.993 51.993
1 3 3 52.143 52.143
1 4 3 52.143 52.143
1 3 3 52.293 52.293
1 1 3 52.293 52.293
1 1 3 52.443 52.443
1 3 3 52.443 52.443
1 2 3 52.593 52.593
1 4 3 52.593 52.593
1 2 3 52.743 52.743
1 4 3 52.743 52.743
1 1 3 52.743 52.743
1 3 3 52.893 52.893
1 1 3 52.893 52.893
1 2 3 53.043 53.043
1 4 3 53.043 53.043
1 3 3 53.193 53.193
1 1 3 53.193 53.193
1 2 3 53.343 53.343
1 4 3 53.343 53.343
1 4 3 53.493 53.493
1 1 3 53.493 53.493
1 1 3 53.643 53.643
1 2 3 53.643 53.643
1 3 3 53.643 53.643
1 2 3 53.793 53.793
1 4 3 53.793 53.793
1 4 3 53.943 53.943
1 3 3 53.943 53.943
1 1 3 53.943 53.943
1 1 3 54.093 54.093
1 3 3 54.093 54.093
1 2 3 54.243 54.243
1 4 3 54.243 54.243
1 4 3 54.393 54.393
1 2 3 54.393 54.393
1 2 3 54.543 54.543
1 1 3 54.543 54.543
1 4 3 54.543 54.543
1 4 3 56.043 56.043
1 4 3 56.343 56.343
1 4 3 56.943 56.943
1 1 3 57.093 57.093
1 2 3 57.168 57.168
1 1 3 57.243 57.243
1 3 3 57.243 57.243
1 4 3 57.393 57.393
1 2 3 57.543 57.543
1 3 3 57.543 57.543
1 2 3 57.693 57.693
1 1 3 57.843 57.843
1 3 3 57.843 57.843
1 3 3 57.993 57.993
1 4 3 58.143 58.143
1 2 3 58.143 58.143
1 1 3 58.143 58.143
1 2 3 58.293 58.293
1 3 3 58.443 58.443
1 1 3 58.443 58.443
1 1 3 58.593 58.593
1 3 3 58.593 58.593
1 4 3 58.593 58.593
1 2 3 58.743 58.743
1 3 3 58.893 58.893
1 4 3 58.893 58.893
1 1 3 59.043 59.043
1 2 3 59.043 59.043
1 4 3 59.043 59.043
1 3 3 59.193 59.193
1 2 3 59.343 59.343
1 1 3 59.343 59.343
1 4 3 59.418 59.418
1 3 3 59.493 59.493
1 2 3 59.493 59.493
1 1 3 59.643 59.643
1 4 3 59.643 59.643
1 2 3 59.793 59.793
1 4 3 59.793 59.793
1 1 3 59.943 59.943
1 2 3 59.943 59.943
1 3 3 59.943 59.943
1 4 3 60.093 60.093
1 3 3 60.243 60.243
1 2 3 60.393 60.393
1 3 3 60.393 60.393
1 4 3 60.393 60.393
1 1 3 60.543 60.543
1 3 3 60.693 60.693
1 4 3 60.693 60.693
1 1 3 60.843 60.843
1 2 3 60.843 60.843
1 4 3 60.843 60.843
1 3 3 60.993 60.993
1 2 3 61.143 61.143
1 1 3 61.143 61.143
1 3 3 61.218 61.218
1 4 3 61.293 61.293
1 1 3 61.293 61.293
1 2 3 61.443 61.443
1 4 3 61.443 61.443
1 1 3 61.593 61.593
1 3 3 61.593 61.593
1 2 3 61.668 61.668
1 1 3 61.743 61.743
1 4 3 61.743 61.743
1 3 3 61.743 61.743
1 2 3 63.243 63.243
1 2 3 63.543 63.543
1 2 3 63.843 63.843
1 2 3 64.143 64.143
1 3 3 64.293 64.293
1 2 3 64.443 64.443
1 3 3 64.443 64.443
1 1 3 64.593 64.593
1 1 3 64.743 64.743
1 4 3 64.743 64.743
1 2 3 64.893 64.893
1 2 3 65.043 65.043
1 4 3 65.043 65.043
1 3 3 65.193 65.193
1 1 3 65.343 65.343
1 3 3 65.343 65.343
1 4 3 65.343 65.343
1 2 3 65.493 65.493
1 4 3 65.643 65.643
1 3 3 65.793 65.793
1 4 3 65.793 65.793
1 1 3 65.943 65.943
1 2 3 65.943 65.943
1 1 3 66.093 66.093
1 2 3 66.243 66.243
1 3 3 66.243 66.243
1 4 3 66.243 66.243
1 3 3 66.393 66.393
1 2 3 66.543 66.543
1 4 3 66.543 66.543
1 1 3 66.693 66.693
1 1 3 66.843 66.843
1 3 3 66.843 66.843
1 4 3 66.993 66.993
1 1 3 67.143 67.143
1 2 3 67.143 67.143
1 4 3 67.143 67.143
1 3 3 67.293 67.293
1 2 3 67.443 67.443
1 3 3 67.443 67.443
1 2 3 67.593 67.593
1 4 3 67.593 67.593
1 1 3 67.743 67.743
1 3 3 67.743 67.743
1 4 3 67.743 67.743
1 2 3 67.893 67.893
1 1 3 68.043 68.043
1 2 3 68.043 68.043
1 3 3 68.043 68.043
1 4 3 68.193 68.193
1 3 3 68.268 68.268
1 1 3 68.343 68.343
1 2 3 68.343 68.343
1 3 3 68.493 68.493
1 4 3 68.493 68.493
1 1 3 68.643 68.643
1 3 3 68.643 68.643
1 2 3 68.793 68.793
1 4 3 68.793 68.793
1 1 3 68.943 68.943
1 2 3 68.943 68.943
1 4 3 68.943 68.943
1 1 3 69.093 69.093
1 3 3 69.093 69.093
1 4 3 69.243 69.243
1 2 3 69.243 69.243
1 2 3 69.393 69.393
1 3 3 69.393 69.393
1 1 3 69.543 69.543
1 4 3 69.543 69.543
1 3 3 69.543 69.543
1 1 3 69.693 69.693
1 4 3 69.693 69.693
1 2 3 69.693 69.693
1 2 3 69.843 69.843
1 3 3 69.843 69.843
1 1 3 69.843 69.843
1 3 3 69.993 69.993
1 4 3 69.993 69.993
1 1 3 70.143 70.143
1 2 3 70.143 70.143
1 2 3 70.293 70.293
1 4 3 70.293 70.293
1 1 3 70.443 70.443
1 2 3 70.443 70.443
1 3 3 70.443 70.443
1 1 3 70.593 70.593
1 4 3 70.593 70.593
1 3 3 70.593 70.593
1 2 3 70.743 70.743
1 3 3 70.743 70.743
1 4 3 70.743 70.743
1 1 3 70.893 70.893
1 1 3 71.043 71.043
1 3 3 71.043 71.043
1 4 3 71.043 71.043
1 2 3 71.193 71.193
1 3 3 71.193 71.193
1 4 3 71.193 71.193
1 2 3 71.343 71.343
1 3 3 71.343 71.343
1 1 3 71.493 71.493
1 2 3 71.493 71.493
1 4 3 71.493 71.493
1 1 3 71.643 71.643
1 2 3 71.643 71.643
1 3 3 71.643 71.643
1 1 3 71.793 71.793
1 2 3 71.793 71.793
1 3 3 71.943 71.943
1 4 3 71.943 71.943
1 2 3 72.093 72.093
1 3 3 72.093 72.093
1 1 3 72.243 72.243
1 2 3 72.243 72.243
1 4 3 72.243 72.243
1 1 3 72.393 72.393
1 4 3 72.393 72.393
1 3 3 72.393 72.393
1 2 3 72.543 72.543
1 3 3 72.543 72.543
1 4 3 72.543 72.543
1 2 3 72.693 72.693
1 1 3 72.693 72.693
1 1 3 72.843 72.843
1 3 3 72.843 72.843
1 4 3 72.843 72.843
1 2 3 72.993 72.993
1 3 3 72.993 72.993
1 1 3 73.143 73.143
1 2 3 73.143 73.143
1 4 3 73.143 73.143
1 3 3 73.293 73.293
1 4 3 73.293 73.293
1 1 3 73.443 73.443
1 2 3 73.443 73.443
1 3 3 73.443 73.443
1 2 3 73.593 73.593
1 1 3 73.593 73.593
1 1 3 73.743 73.743
1 3 3 73.743 73.743
1 4 3 73.743 73.743
1 2 3 73.893 73.893
1 4 3 73.893 73.893
1 1 3 74.043 74.043
1 2 3 74.043 74.043
1 3 3 74.043 74.043
1 1 3 74.193 74.193
1 2 3 74.193 74.193
1 4 3 74.193 74.193
1 3 3 74.343 74.343
1 1 3 74.343 74.343
1 4 3 74.343 74.343
1 2 3 74.493 74.493
1 3 3 74.493 74.493
1 1 3 74.643 74.643
1 2 3 74.643 74.643
1 1 3 74.793 74.793
1 2 3 74.793 74.793
1 3 3 74.943 74.943
1 4 3 74.943 74.943
1 1 3 75.093 75.093
1 3 3 75.093 75.093
1 2 3 75.243 75.243
1 4 3 75.243 75.243
1 1 3 75.393 75.393
1 2 3 75.393 75.393
1 3 3 75.543 75.543
1 4 3 75.543 75.543
1 2 3 75.693 75.693
1 3 3 75.693 75.693
1 1 3 75.843 75.843
1 4 3 75.843 75.843
1 2 3 75.843 75.843
1 1 3 75.993 75.993
1 3 3 75.993 75.993
1 4 3 75.993 75.993
1 2 3 76.143 76.143
1 3 3 76.143 76.143
1 1 3 76.143 76.143
1 2 3 76.293 76.293
1 4 3 76.293 76.293
1 3 3 76.443 76.443
1 4 3 76.443 76.443
1 1 3 76.593 76.593
1 2 3 76.593 76.593
1 2 3 76.743 76.743
1 3 3 76.743 76.743
1 4 3 76.743 76.743
1 1 3 76.893 76.893
1 3 3 76.893 76.893
1 1 3 77.043 77.043
1 2 3 77.043 77.043
1 4 3 77.043 77.043
1 3 3 77.193 77.193
1 2 3 77.193 77.193
1 3 3 77.343 77.343
1 4 3 77.343 77.343
1 1 3 77.493 77.493
1 2 3 77.493 77.493
1 4 3 77.493 77.493
1 1 3 77.643 77.643
1 2 3 77.643 77.643
1 3 3 77.643 77.643
1 4 3 77.793 77.793
1 2 3 77.793 77.793
1 1 3 77.943 77.943
1 3 3 77.943 77.943
1 4 3 77.943 77.943
1 2 3 78.093 78.093
1 3 3 78.093 78.093
1 1 3 78.243 78.243
1 2 3 78.243 78.243
1 4 3 78.243 78.243
1 1 3 78.393 78.393
1 2 3 78.393 78.393
1 1 3 78.543 78.543
1 2 3 78.543 78.543
1 3 3 78.543 78.543
1 3 3 78.693 78.693
1 4 3 78.693 78.693
1 1 3 78.843 78.843
1 2 3 78.843 78.843
1 4 3 78.843 78.843
1 3 3 78.993 78.993
1 4 3 78.993 78.993
1 2 3 79.143 79.143
1 3 3 79.143 79.143
1 1 3 79.293 79.293
1 2 3 79.293 79.293
1 1 3 79.443 79.443
1 3 3 79.443 79.443
1 4 3 79.443 79.443
1 2 3 79.593 79.593
1 3 3 79.593 79.593
1 4 3 79.593 79.593
1 1 3 79.743 79.743
1 2 3 79.743 79.743
1 4 3 79.743 79.743
1 1 3 79.893 79.893
1 3 3 79.893 79.893
1 2 3 80.043 80.043
1 3 3 80.043 80.043
1 4 3 80.043 80.043
1 3 3 80.193 80.193
1 4 3 80.193 80.193
1 2 3 80.343 80.343
1 3 3 80.343 80.343
1 1 3 80.343 80.343
1 2 3 80.493 80.493
1 4 3 80.493 80.493
1 1 3 80.643 80.643
1 2 3 80.643 80.643
1 3 3 80.643 80.643
1 3 3 80.793 80.793
1 4 3 80.793 80.793
1 1 3 80.943 80.943
1 2 3 80.943 80.943
1 4 3 80.943 80.943
1 2 3 81.093 81.093
1 3 3 81.093 81.093
1 1 3 81.243 81.243
1 3 3 81.243 81.243
1 4 3 81.243 81.243
1 1 3 81.393 81.393
1 2 3 81.393 81.393
1 2 3 81.543 81.543
1 4 3 81.543 81.543
1 3 3 81.543 81.543
1 1 3 81.693 81.693
1 4 3 81.693 81.693
1 1 3 81.843 81.843
1 3 3 81.843 81.843
1 2 3 81.993 81.993
1 4 3 81.993 81.993
1 2 3 82.143 82.143
1 3 3 82.143 82.143
1 1 3 82.293 82.293
1 3 3 82.293 82.293
1 2 3 82.443 82.443
1 4 3 82.443 82.443
1 1 3 82.593 82.593
1 4 3 82.593 82.593
1 1 3 82.743 82.743
1 2 3 82.743 82.743
1 2 3 82.893 82.893
1 3 3 82.893 82.893
1 3 3 83.043 83.043
1 4 3 83.043 83.043
1 1 3 83.043 83.043
1 1 3 83.193 83.193
1 4 3 83.193 83.193
1 2 3 83.193 83.193
1 1 3 83.343 83.343
1 2 3 83.343 83.343
1 3 3 83.343 83.343
1 3 3 83.493 83.493
1 4 3 83.493 83.493
1 2 3 83.643 83.643
1 4 3 83.643 83.643
1 1 3 83.793 83.793
1 3 3 83.793 83.793
1 2 3 83.943 83.943
1 3 3 83.943 83.943
1 4 3 83.943 83.943
1 1 3 84.093 84.093
1 2 3 84.093 84.093
1 3 3 84.093 84.093
1 1 3 84.243 84.243
1 2 3 84.243 84.243
1 4 3 84.243 84.243
1 3 3 84.393 84.393
1 1 3 84.393 84.393
1 2 3 84.543 84.543
1 4 3 84.543 84.543
1 1 3 84.693 84.693
1 3 3 84.693 84.693
1 2 3 84.843 84.843
1 3 3 84.843 84.843
1 4 3 84.843 84.843
1 1 3 84.993 84.993
1 2 3 84.993 84.993
1 4 3 84.993 84.993
1 1 3 85.143 85.143
1 2 3 85.143 85.143
1 3 3 85.143 85.143
1 1 3 85.293 85.293
1 4 3 85.293 85.293
1 2 3 85.443 85.443
1 3 3 85.443 85.443
1 4 3 85.443 85.443
1 1 3 85.593 85.593
1 3 3 85.593 85.593
1 4 3 85.593 85.593
1 2 3 85.743 85.743
1 3 3 85.743 85.743
1 1 3 85.893 85.893
1 2 3 85.893 85.893
1 4 3 85.893 85.893
1 1 3 86.043 86.043
1 2 3 86.043 86.043
1 3 3 86.043 86.043
1 4 3 86.193 86.193
1 3 3 86.193 86.193
1 1 3 86.343 86.343
1 2 3 86.343 86.343
1 1 3 86.493 86.493
1 3 3 86.493 86.493
1 2 3 86.643 86.643
1 3 3 86.643 86.643
1 4 3 86.643 86.643
1 1 3 86.793 86.793
1 2 3 86.793 86.793
1 4 3 86.793 86.793
1 1 3 86.943 86.943
1 2 3 86.943 86.943
1 3 3 86.943 86.943
1 3 3 87.093 87.093
1 1 3 87.093 87.093
1 2 3 87.243 87.243
1 3 3 87.243 87.243
1 4 3 87.243 87.243
1 1 3 87.393 87.393
1 4 3 87.393 87.393
1 1 3 87.543 87.543
1 2 3 87.543 87.543
1 3 3 87.543 87.543
1 2 3 87.693 87.693
1 3 3 87.693 87.693
1 1 3 87.843 87.843
1 3 3 87.843 87.843
1 4 3 87.843 87.843
1 2 3 87.993 87.993
1 1 3 87.993 87.993
1 1 3 88.143 88.143
1 2 3 88.143 88.143
1 4 3 88.143 88.143
1 3 3 88.293 88.293
1 4 3 88.293 88.293
1 2 3 88.443 88.443
1 3 3 88.443 88.443
1 4 3 88.443 88.443
1 1 3 88.593 88.593
1 2 3 88.593 88.593
1 3 3 88.593 88.593
1 1 3 88.743 88.743
1 4 3 88.743 88.743
1 2 3 88.743 88.743
1 3 3 88.893 88.893
1 1 3 88.893 88.893
1 2 3 89.043 89.043
1 4 3 89.043 89.043
1 2 3 89.193 89.193
1 3 3 89.193 89.193
1 1 3 89.343 89.343
1 3 3 89.343 89.343
1 2 3 89.493 89.493
1 4 3 89.493 89.493
1 1 3 89.643 89.643
1 2 3 89.643 89.643
1 3 3 89.793 89.793
1 4 3 89.793 89.793
1 2 3 89.943 89.943
1 3 3 89.943 89.943
1 1 3 90.093 90.093
1 2 3 90.093 90.093
1 1 3 90.243 90.243
1 3 3 90.243 90.243
1 4 3 90.243 90.243
1 2 3 90.393 90.393
1 3 3 90.393 90.393
1 4 3 90.393 90.393
1 1 3 90.543 90.543
1 2 3 90.543 90.543
1 4 3 90.543 90.543
1 3 3 90.693 90.693
1 1 3 90.693 90.693
1 2 3 90.843 90.843
1 4 3 90.843 90.843
1 2 3 90.993 90.993
1 3 3 90.993 90.993
1 1 3 91.143 91.143
1 4 3 91.143 91.143
1 3 3 91.143 91.143
1 2 3 91.293 91.293
1 4 3 91.293 91.293
1 1 3 91.443 91.443
1 2 3 91.443 91.443
1 3 3 91.443 91.443
1 3 3 91.593 91.593
1 4 3 91.593 91.593
1 1 3 91.743 91.743
1 2 3 91.743 91.743
1 1 3 91.893 91.893
1 2 3 91.893 91.893
1 3 3 91.893 91.893
1 2 3 92.043 92.043
1 3 3 92.043 92.043
1 4 3 92.043 92.043
1 1 3 92.193 92.193
1 4 3 92.193 92.193
1 2 3 92.343 92.343
1 3 3 92.343 92.343
1 1 3 92.343 92.343
1 4 3 92.493 92.493
1 2 3 92.493 92.493
1 1 3 92.643 92.643
1 3 3 92.643 92.643
1 4 3 92.643 92.643
1 2 3 92.793 92.793
1 3 3 92.793 92.793
1 1 3 92.943 92.943
1 2 3 92.943 92.943
1 4 3 92.943 92.943
1 3 3 93.093 93.093
1 4 3 93.093 93.093
1 1 3 93.243 93.243
1 2 3 93.243 93.243
1 3 3 93.243 93.243
1 1 3 93.393 93.393
1 2 3 93.393 93.393
1 4 3 93.543 93.543
1 1 3 93.543 93.543
1 2 3 93.693 93.693
1 3 3 93.693 93.693
1 3 3 93.843 93.843
1 4 3 93.843 93.843
1 1 3 93.843 93.843
1 1 3 93.993 93.993
1 4 3 93.993 93.993
1 2 3 93.993 93.993
1 1 3 94.143 94.143
1 2 3 94.143 94.143
1 3 3 94.143 94.143
1 3 3 94.293 94.293
1 4 3 94.293 94.293
1 1 3 94.443 94.443
1 2 3 94.443 94.443
1 4 3 94.443 94.443
1 2 3 94.593 94.593
1 3 3 94.593 94.593
1 1 3 94.743 94.743
1 3 3 94.743 94.743
1 4 3 94.743 94.743
1 4 3 94.893 94.893
1 2 3 94.893 94.893
1 1 3 95.043 95.043
1 2 3 95.043 95.043
1 3 3 95.043 95.043
1 1 3 95.193 95.193
1 4 3 95.193 95.193
1 2 3 95.343 95.343
1 3 3 95.343 95.343
1 4 3 95.343 95.343
1 1 3 95.493 95.493
1 3 3 95.493 95.493
1 2 3 95.643 95.643
1 1 3 95.643 95.643
1 4 3 95.643 95.643
1 3 3 95.793 95.793
1 4 3 95.793 95.793
1 1 3 95.943 95.943
1 2 3 95.943 95.943
1 3 3 95.943 95.943
1 1 3 96.093 96.093
1 2 3 96.093 96.093
1 3 3 96.243 96.243
1 4 3 96.243 96.243
1 2 3 96.393 96.393
1 3 3 96.393 96.393
1 1 3 96.543 96.543
1 2 3 96.543 96.543
1 3 3 96.693 96.693
1 4 3 96.693 96.693
1 1 3 96.843 96.843
1 3 3 96.843 96.843
1 2 3 96.993 96.993
1 4 3 96.993 96.993
1 3 3 97.068 97.068
1 1 3 97.143 97.143
1 2 3 97.143 97.143
1 3 3 97.293 97.293
1 4 3 97.293 97.293
1 2 3 97.443 97.443
1 1 3 97.443 97.443
1 4 3 97.443 97.443
1 2 3 97.593 97.593
1 1 3 97.593 97.593
1 3 3 97.593 97.593
1 1 3 97.743 97.743
1 3 3 97.743 97.743
1 4 3 97.743 97.743
1 2 3 98.043 98.043
1 1 3 98.043 98.043
1 1 3 98.343 98.343
1 3 3 98.343 98.343
1 2 3 98.643 98.643
1 3 3 98.643 98.643
1 4 3 98.643 98.643
1 1 3 98.943 98.943
1 4 3 98.943 98.943
1 2 3 99.093 99.093
1 4 3 99.093 99.093
1 1 3 99.243 99.243
1 3 3 99.243 99.243
1 1 3 99.393 99.393
1 4 3 99.393 99.393
1 2 3 99.543 99.543
1 3 3 99.543 99.543
1 4 3 99.543 99.543
1 1 3 99.693 99.693
1 3 3 99.693 99.693
1 2 3 99.843 99.843
1 4 3 99.843 99.843
1 1 3 99.993 99.993
1 2 3 99.993 99.993
1 3 3 100.143 100.143
1 4 3 100.143 100.143
1 1 3 100.293 100.293
1 3 3 100.293 100.293
1 1 3 100.443 100.443
1 2 3 100.443 100.443
1 4 3 100.443 100.443
1 3 3 100.593 100.593
1 4 3 100.593 100.593
1 1 3 100.743 100.743
1 2 3 100.743 100.743
1 3 3 100.893 100.893
1 1 3 100.893 100.893
1 2 3 101.043 101.043
1 3 3 101.043 101.043
1 4 3 101.043 101.043
1 1 3 101.193 101.193
1 4 3 101.193 101.193
1 1 3 101.343 101.343
1 2 3 101.343 101.343
1 3 3 101.343 101.343
1 2 3 101.493 101.493
1 3 3 101.493 101.493
1 1 3 101.643 101.643
1 2 3 101.643 101.643
1 4 3 101.643 101.643
1 3 3 101.793 101.793
1 1 3 101.793 101.793
1 2 3 101.943 101.943
1 3 3 101.943 101.943
1 4 3 101.943 101.943
1 3 3 102.093 102.093
1 4 3 102.093 102.093
1 1 3 102.243 102.243
1 2 3 102.243 102.243
1 4 3 102.243 102.243
1 1 3 102.393 102.393
1 2 3 102.393 102.393
1 3 3 102.393 102.393
1 1 3 102.543 102.543
1 3 3 102.543 102.543
1 4 3 102.543 102.543
1 2 3 102.693 102.693
1 3 3 102.693 102.693
1 4 3 102.693 102.693
1 1 3 102.843 102.843
1 2 3 102.843 102.843
1 1 3 102.993 102.993
1 4 3 102.993 102.993
1 2 3 103.143 103.143
1 3 3 103.143 103.143
1 4 3 103.143 103.143
1 1 3 103.593 103.593
1 3 3 103.593 103.593
1 2 3 103.893 103.893
1 2 3 104.043 104.043
1 4 3 104.043 104.043
1 3 3 104.343 104.343
1 4 3 104.418 104.418
1 3 3 104.493 104.493
1 2 3 104.643 104.643
1 1 3 104.943 104.943
1 2 3 104.943 104.943
1 4 3 104.943 104.943
1 3 3 105.393 105.393
1 4 3 105.393 105.393
1 2 3 105.693 105.693
1 1 3 105.843 105.843
1 2 3 105.843 105.843
1 2 3 106.143 106.143
1 3 3 106.218 106.218
1 2 3 106.293 106.293
1 1 3 106.443 106.443
1 1 3 106.743 106.743
1 3 3 106.743 106.743
1 4 3 106.743 106.743
1 2 3 107.193 107.193
1 3 3 107.493 107.493
1 4 3 107.643 107.643
1 1 3 107.643 107.643
1 2 3 107.743 107.743
1 1 3 107.843 107.843
1 3 3 107.943 107.943
1 4 3 107.943 107.943
1 2 3 108.043 108.043
1 3 3 108.143 108.143
1 1 3 108.243 108.243
1 2 3 108.243 108.243
1 4 3 108.343 108.343
1 1 3 108.443 108.443
1 2 3 108.543 108.543
1 3 3 108.543 108.543
1 4 3 108.543 108.543
1 3 3 108.693 108.693
1 1 3 108.843 108.843
1 2 3 108.843 108.843
1 4 3 108.843 108.843
1 1 3 108.993 108.993
1 2 3 108.993 108.993
1 3 3 108.993 108.993
1 1 3 109.143 109.143
1 3 3 109.143 109.143
1 4 3 109.143 109.143
1 2 3 109.293 109.293
1 1 3 109.443 109.443
1 2 3 109.443 109.443
1 4 3 109.443 109.443
1 3 3 110.043 110.043
1 4 3 110.193 110.193
1 1 3 110.343 110.343
1 2 3 110.343 110.343
1 4 3 110.343 110.343
1 1 3 110.493 110.493
1 3 3 110.643 110.643
1 4 3 110.643 110.643
1 4 3 110.793 110.793
1 2 3 110.793 110.793
1 3 3 110.943 110.943
1 1 3 110.943 110.943
1 2 3 111.093 111.093
1 4 3 111.093 111.093
1 3 3 111.243 111.243
1 1 3 111.243 111.243
1 2 3 111.243 111.243
1 3 3 111.393 111.393
1 4 3 111.543 111.543
1 1 3 111.543 111.543
1 4 3 111.693 111.693
1 2 3 111.843 111.843
1 1 3 111.843 111.843
1 3 3 111.993 111.993
1 2 3 112.143 112.143
1 4 3 112.143 112.143
1 2 3 112.293 112.293
1 1 3 112.443 112.443
1 4 3 112.443 112.443
1 3 3 112.593 112.593
1 2 3 112.593 112.593
1 4 3 112.743 112.743
1 3 3 112.743 112.743
1 1 3 112.893 112.893
1 4 3 112.893 112.893
1 2 3 113.043 113.043
1 1 3 113.043 113.043
1 3 3 113.043 113.043
1 2 3 113.193 113.193
1 4 3 113.343 113.343
1 3 3 113.343 113.343
1 2 3 113.493 113.493
1 3 3 113.568 113.568
1 2 3 113.643 113.643
1 1 3 113.643 113.643
1 4 3 113.793 113.793
1 4 3 113.943 113.943
1 3 3 113.943 113.943
1 2 3 114.093 114.093
1 3 3 114.243 114.243
1 1 3 114.243 114.243
1 2 3 114.393 114.393
1 1 3 114.393 114.393
1 2 3 114.543 114.543
1 4 3 114.543 114.543
1 4 3 114.693 114.693
1 3 3 114.843 114.843
1 2 3 114.843 114.843
1 1 3 114.843 114.843
1 2 3 114.993 114.993
1 4 3 115.143 115.143
1 4 3 115.293 115.293
1 2 3 115.443 115.443
1 1 3 115.443 115.443
1 1 3 115.593 115.593
1 3 3 115.593 115.593
1 4 3 115.743 115.743
1 2 3 115.743 115.743
1 3 3 115.743 115.743
1 4 3 115.893 115.893
1 2 3 116.043 116.043
1 1 3 116.043 116.043
1 3 3 116.193 116.193
1 4 3 116.193 116.193
1 3 3 116.343 116.343
1 2 3 116.343 116.343
1 1 3 116.493 116.493
1 4 3 116.493 116.493
1 4 3 116.643 116.643
1 2 3 116.643 116.643
1 3 3 116.643 116.643
1 1 3 116.793 116.793
1 2 3 116.943 116.943
1 3 3 116.943 116.943
1 4 3 117.093 117.093
1 4 3 117.243 117.243
1 2 3 117.243 117.243
1 2 3 117.393 117.393
1 1 3 117.543 117.543
1 3 3 117.543 117.543
1 4 3 117.543 117.543
1 2 3 117.693 117.693
1 4 3 117.843 117.843
1 1 3 117.843 117.843
1 4 3 117.993 117.993
1 2 3 117.993 117.993
1 3 3 118.143 118.143
1 1 3 118.143 118.143
1 2 3 118.293 118.293
1 1 3 118.293 118.293
1 3 3 118.443 118.443
1 2 3 118.443 118.443
1 4 3 118.443 118.443
1 4 3 118.593 118.593
1 2 3 118.743 118.743
1 2 3 118.893 118.893
1 3 3 119.043 119.043
1 1 3 119.043 119.043
1 1 3 119.193 119.193
1 4 3 119.193 119.193
1 2 3 119.343 119.343
1 3 3 119.343 119.343
1 4 3 119.343 119.343
1 3 3 119.493 119.493
1 1 3 119.643 119.643
1 4 3 119.643 119.643
1 2 3 119.793 119.793
1 1 3 119.793 119.793
1 2 3 119.943 119.943
1 3 3 119.943 119.943
1 3 3 120.093 120.093
1 2 3 120.243 120.243
1 1 3 120.243 120.243
1 4 3 120.243 120.243
1 3 3 120.393 120.393
1 2 3 120.543 120.543
1 4 3 120.543 120.543
1 4 3 120.693 120.693
1 1 3 120.693 120.693
1 1 3 120.843 120.843
1 2 3 120.843 120.843
1 4 3 120.993 120.993
1 3 3 120.993 120.993
1 4 3 121.143 121.143
1 2 3 121.143 121.143
1 1 3 121.143 121.143
1 2 3 121.293 121.293
1 1 3 121.443 121.443
1 4 3 121.443 121.443
1 3 3 121.593 121.593
1 1 3 121.593 121.593
1 3 3 121.743 121.743
1 2 3 121.743 121.743
1 4 3 121.893 121.893
1 2 3 122.043 122.043
1 1 3 122.043 122.043
1 3 3 122.043 122.043
1 2 3 122.193 122.193
1 3 3 122.343 122.343
1 4 3 122.343 122.343
1 3 3 122.493 122.493
1 4 3 122.643 122.643
1 1 3 122.643 122.643
1 1 3 122.793 122.793
1 2 3 122.943 122.943
1 3 3 122.943 122.943
1 3 3 123.093 123.093
1 2 3 123.243 123.243
1 4 3 123.243 123.243
1 4 3 123.393 123.393
1 1 3 123.393 123.393
1 3 3 123.543 123.543
1 1 3 123.543 123.543
1 2 3 123.693 123.693
1 1 3 123.693 123.693
1 2 3 123.843 123.843
1 3 3 123.843 123.843
1 4 3 123.843 123.843
1 4 3 123.993 123.993
1 1 3 123.993 123.993
1 3 3 124.143 124.143
1 1 3 124.143 124.143
1 1 3 124.293 124.293
1 3 3 124.293 124.293
1 2 3 124.443 124.443
1 4 3 124.443 124.443
1 4 3 124.593 124.593
1 2 3 124.593 124.593
1 3 3 124.743 124.743
1 4 3 124.743 124.743
1 1 3 124.743 124.743
1 2 3 125.193 125.193
1 3 3 125.193 125.193
1 1 3 125.343 125.343
1 3 3 125.343 125.343
1 4 3 125.343 125.343
1 2 3 125.643 125.643
1 4 3 125.643 125.643
1 1 3 125.643 125.643
1 2 3 125.943 125.943
1 2 3 126.243 126.243
1 3 3 126.243 126.243
1 4 3 126.243 126.243
1 4 3 126.393 126.393
1 3 3 126.468 126.468
1 1 3 126.543 126.543
1 2 3 126.543 126.543
1 4 3 126.543 126.543
1 3 3 126.993 126.993
1 1 3 126.993 126.993
1 3 3 127.143 127.143
1 4 3 127.143 127.143
1 2 3 127.293 127.293
1 1 3 127.293 127.293
1 2 3 127.443 127.443
1 3 3 127.443 127.443
1 4 3 127.443 127.443
1 1 3 127.743 127.743
1 3 3 127.743 127.743
1 2 3 128.043 128.043
1 4 3 128.043 128.043
1 2 3 128.193 128.193
1 3 3 128.193 128.193
1 1 3 128.343 128.343
1 3 3 128.343 128.343
1 4 3 128.343 128.343
1 2 3 128.643 128.643
1 3 3 128.793 128.793
1 1 3 128.793 128.793
1 1 3 128.943 128.943
1 2 3 128.943 128.943
1 4 3 128.943 128.943
1 3 3 129.093 129.093
1 2 3 129.243 129.243
1 3 3 129.243 129.243
1 4 3 129.243 129.243
1 2 3 129.543 129.543
1 1 3 129.843 129.843
1 3 3 129.843 129.843
1 2 3 129.993 129.993
1 4 3 129.993 129.993
1 1 3 130.143 130.143
1 3 3 130.143 130.143
1 4 3 130.143 130.143
1 2 3 130.293 130.293
1 3 3 130.443 130.443
1 1 3 130.593 130.593
1 3 3 130.593 130.593
1 4 3 130.593 130.593
1 1 3 130.743 130.743
1 2 3 130.743 130.743
1 3 3 130.893 130.893
1 4 3 130.893 130.893
1 2 3 131.043 131.043
1 4 3 131.043 131.043
1 1 3 131.043 131.043
1 1 3 131.343 131.343
1 2 3 131.343 131.343
1 1 3 131.493 131.493
1 2 3 131.493 131.493
1 3 3 131.643 131.643
1 4 3 131.643 131.643
1 2 3 131.643 131.643
1 3 3 131.793 131.793
1 4 3 131.793 131.793
1 1 3 131.793 131.793
1 1 3 131.943 131.943
1 2 3 131.943 131.943
1 3 3 131.943 131.943
1 3 3 132.393 132.393
1 2 3 132.393 132.393
1 4 3 132.543 132.543
1 2 3 132.543 132.543
1 1 3 132.543 132.543
1 3 3 132.693 132.693
1 3 3 132.843 132.843
1 1 3 132.843 132.843
1 4 3 132.843 132.843
1 2 3 133.143 133.143
1 3 3 133.443 133.443
1 2 3 133.443 133.443
1 1 3 133.443 133.443
1 4 3 133.743 133.743
1 3 3 133.743 133.743
1 1 3 133.743 133.743
1 2 3 134.193 134.193
1 4 3 134.193 134.193
1 2 3 134.343 134.343
1 1 3 134.343 134.343
1 3 3 134.493 134.493
1 4 3 134.493 134.493
1 3 3 134.643 134.643
1 2 3 134.643 134.643
1 1 3 134.643 134.643
1 4 3 134.943 134.943
1 2 3 134.943 134.943
1 3 3 135.243 135.243
1 1 3 135.243 135.243
1 3 3 135.393 135.393
1 2 3 135.393 135.393
1 4 3 135.543 135.543
1 2 3 135.543 135.543
1 1 3 135.543 135.543
1 3 3 135.843 135.843
1 2 3 135.993 135.993
1 4 3 135.993 135.993
1 4 3 136.143 136.143
1 3 3 136.143 136.143
1 1 3 136.143 136.143
1 2 3 136.293 136.293
1 3 3 136.443 136.443
1 2 3 136.443 136.443
1 1 3 136.443 136.443
1 3 3 136.743 136.743
1 4 3 136.743 136.743
1 4 3 137.043 137.043
1 2 3 137.043 137.043
1 1 3 137.043 137.043
1 3 3 137.193 137.193
1 1 3 137.193 137.193
1 4 3 137.343 137.343
1 2 3 137.343 137.343
1 3 3 137.343 137.343
1 1 3 137.493 137.493
1 2 3 137.493 137.493
1 3 3 137.643 137.643
1 4 3 137.643 137.643
1 4 3 137.793 137.793
1 2 3 137.793 137.793
1 1 3 137.793 137.793
1 3 3 137.943 137.943
1 2 3 137.943 137.943
1 1 3 138.093 138.093
1 4 3 138.093 138.093
1 3 3 138.243 138.243
1 1 3 138.243 138.243
1 4 3 138.243 138.243
1 2 3 138.393 138.393
1 3 3 138.393 138.393
1 2 3 138.543 138.543
1 4 3 138.543 138.543
1 1 3 138.543 138.543
1 2 3 138.693 138.693
1 4 3 138.693 138.693
1 1 3 138.843 138.843
1 3 3 138.843 138.843
1 4 3 138.843 138.843
1 1 3 138.993 138.993
1 3 3 138.993 138.993
1 2 3 139.143 139.143
1 3 3 139.143 139.143
1 4 3 139.143 139.143
1 1 3 140.643 140.643
1 1 3 140.943 140.943
1 1 3 141.543 141.543
1 4 3 141.693 141.693
1 3 3 141.768 141.768
1 4 3 141.843 141.843
1 2 3 141.843 141.843
1 1 3 141.993 141.993
1 3 3 142.143 142.143
1 2 3 142.143 142.143
1 3 3 142.293 142.293
1 4 3 142.443 142.443
1 2 3 142.443 142.443
1 2 3 142.593 142.593
1 1 3 142.743 142.743
1 3 3 142.743 142.743
1 4 3 142.743 142.743
1 3 3 142.893 142.893
1 2 3 143.043 143.043
1 4 3 143.043 143.043
1 4 3 143.193 143.193
1 2 3 143.193 143.193
1 1 3 143.193 143.193
1 3 3 143.343 143.343
1 2 3 143.493 143.493
1 1 3 143.493 143.493
1 4 3 143.643 143.643
1 3 3 143.643 143.643
1 1 3 143.643 143.643
1 2 3 143.793 143.793
1 3 3 143.943 143.943
1 4 3 143.943 143.943
1 1 3 144.018 144.018
1 2 3 144.093 144.093
1 3 3 144.093 144.093
1 4 3 144.243 144.243
1 1 3 144.243 144.243
1 3 3 144.393 144.393
1 1 3 144.393 144.393
1 4 3 144.543 144.543
1 3 3 144.543 144.543
1 2 3 144.543 144.543
1 1 3 144.693 144.693
1 2 3 144.843 144.843
1 3 3 144.993 144.993
1 2 3 144.993 144.993
1 1 3 144.993 144.993
1 4 3 145.143 145.143
1 2 3 145.293 145.293
1 1 3 145.293 145.293
1 4 3 145.443 145.443
1 3 3 145.443 145.443
1 1 3 145.443 145.443
1 2 3 145.593 145.593
1 3 3 145.743 145.743
1 4 3 145.743 145.743
1 2 3 145.818 145.818
1 1 3 145.893 145.893
1 4 3 145.893 145.893
1 3 3 146.043 146.043
1 1 3 146.043 146.043
1 4 3 146.193 146.193
1 2 3 146.193 146.193
1 3 3 146.268 146.268
1 4 3 146.343 146.343
1 1 3 146.343 146.343
1 2 3 146.343 146.343
1 3 3 147.843 147.843
1 3 3 148.143 148.143
1 3 3 148.443 148.443
1 3 3 148.743 148.743
1 2 3 148.893 148.893
1 3 3 149.043 149.043
1 2 3 149.043 149.043
1 4 3 149.193 149.193
1 4 3 149.343 149.343
1 1 3 149.343 149.343
1 3 3 149.493 149.493
1 3 3 149.643 149.643
1 1 3 149.643 149.643
1 2 3 149.793 149.793
1 4 3 149.943 149.943
1 2 3 149.943 149.943
1 1 3 149.943 149.943
1 3 3 150.093 150.093
1 1 3 150.243 150.243
1 2 3 150.393 150.393
1 1 3 150.393 150.393
1 4 3 150.543 150.543
1 3 3 150.543 150.543
1 4 3 150.693 150.693
1 3 3 150.843 150.843
1 2 3 150.843 150.843
1 1 3 150.843 150.843
1 2 3 150.993 150.993
1 3 3 151.143 151.143
1 1 3 151.143 151.143
1 4 3 151.293 151.293
1 4 3 151.443 151.443
1 2 3 151.443 151.443
1 1 3 151.593 151.593
1 4 3 151.743 151.743
1 3 3 151.743 151.743
1 1 3 151.743 151.743
1 2 3 151.893 151.893
1 3 3 152.043 152.043
1 2 3 152.043 152.043
1 3 3 152.193 152.193
1 1 3 152.193 152.193
1 4 3 152.343 152.343
1 2 3 152.343 152.343
1 1 3 152.343 152.343
1 3 3 152.493 152.493
1 4 3 152.643 152.643
1 3 3 152.643 152.643
1 2 3 152.643 152.643
1 1 3 152.793 152.793
1 2 3 152.868 152.868
1 4 3 152.943 152.943
1 3 3 152.943 152.943
1 2 3 153.093 153.093
1 1 3 153.093 153.093
1 4 3 153.243 153.243
1 2 3 153.243 153.243
1 3 3 153.393 153.393
1 1 3 153.393 153.393
1 4 3 153.543 153.543
1 3 3 153.543 153.543
1 1 3 153.543 153.543
1 4 3 153.693 153.693
1 2 3 153.693 153.693
1 1 3 153.843 153.843
1 3 3 153.843 153.843
1 3 3 153.993 153.993
1 2 3 153.993 153.993
1 4 3 154.143 154.143
1 1 3 154.143 154.143
1 2 3 154.143 154.143
1 4 3 154.293 154.293
1 1 3 154.293 154.293
1 3 3 154.293 154.293
1 3 3 154.443 154.443
1 2 3 154.443 154.443
1 4 3 154.443 154.443
1 2 3 154.593 154.593
1 1 3 154.593 154.593
1 4 3 154.743 154.743
1 3 3 154.743 154.743
1 3 3 154.893 154.893
1 1 3 154.893 154.893
1 4 3 155.043 155.043
1 3 3 155.043 155.043
1 2 3 155.043 155.043
1 4 3 155.193 155.193
1 1 3 155.193 155.193
1 2 3 155.193 155.193
1 3 3 155.343 155.343
1 2 3 155.343 155.343
1 1 3 155.343 155.343
1 4 3 155.493 155.493
1 4 3 155.643 155.643
1 2 3 155.643 155.643
1 1 3 155.643 155.643
1 3 3 155.793 155.793
1 2 3 155.793 155.793
1 1 3 155.793 155.793
1 3 3 155.943 155.943
1 2 3 155.943 155.943
1 4 3 156.093 156.093
1 3 3 156.093 156.093
1 1 3 156.093 156.093
1 4 3 156.243 156.243
1 3 3 156.243 156.243
1 2 3 156.243 156.243
1 4 3 156.393 156.393
1 3 3 156.393 156.393
1 2 3 156.543 156.543
1 1 3 156.543 156.543
1 3 3 156.693 156.693
1 2 3 156.693 156.693
1 4 3 156.843 156.843
1 3 3 156.843 156.843
1 1 3 156.843 156.843
1 4 3 156.993 156.993
1 1 3 156.993 156.993
1 2 3 156.993 156.993
1 3 3 157.143 157.143
1 2 3 157.143 157.143
1 1 3 157.143 157.143
1 3 3 157.293 157.293
1 4 3 157.293 157.293
1 4 3 157.443 157.443
1 2 3 157.443 157.443
1 1 3 157.443 157.443
1 3 3 157.593 157.593
1 2 3 157.593 157.593
1 4 3 157.743 157.743
1 3 3 157.743 157.743
1 1 3 157.743 157.743
1 2 3 157.893 157.893
1 1 3 157.893 157.893
1 4 3 158.043 158.043
1 3 3 158.043 158.043
1 2 3 158.043 158.043
1 3 3 158.193 158.193
1 4 3 158.193 158.193
1 4 3 158.343 158.343
1 2 3 158.343 158.343
1 1 3 158.343 158.343
1 3 3 158.493 158.493
1 1 3 158.493 158.493
1 4 3 158.643 158.643
1 3 3 158.643 158.643
1 2 3 158.643 158.643
1 4 3 158.793 158.793
1 3 3 158.793 158.793
1 1 3 158.793 158.793
1 2 3 158.943 158.943
1 4 3 158.943 158.943
1 1 3 158.943 158.943
1 3 3 159.093 159.093
1 2 3 159.093 159.093
1 4 3 159.243 159.243
1 3 3 159.243 159.243
1 4 3 159.393 159.393
1 3 3 159.393 159.393
1 2 3 159.543 159.543
1 1 3 159.543 159.543
1 4 3 159.693 159.693
1 2 3 159.693 159.693
1 3 3 159.843 159.843
1 1 3 159.843 159.843
1 4 3 159.993 159.993
1 3 3 159.993 159.993
1 2 3 160.143 160.143
1 1 3 160.143 160.143
1 3 3 160.293 160.293
1 2 3 160.293 160.293
1 4 3 160.443 160.443
1 1 3 160.443 160.443
1 3 3 160.443 160.443
1 4 3 160.593 160.593
1 2 3 160.593 160.593
1 1 3 160.593 160.593
1 3 3 160.743 160.743
1 2 3 160.743 160.743
1 4 3 160.743 160.743
1 3 3 160.893 160.893
1 1 3 160.893 160.893
1 2 3 161.043 161.043
1 1 3 161.043 161.043
1 4 3 161.193 161.193
1 3 3 161.193 161.193
1 3 3 161.343 161.343
1 2 3 161.343 161.343
1 1 3 161.343 161.343
1 4 3 161.493 161.493
1 2 3 161.493 161.493
1 4 3 161.643 161.643
1 3 3 161.643 161.643
1 1 3 161.643 161.643
1 2 3 161.793 161.793
1 3 3 161.793 161.793
1 2 3 161.943 161.943
1 1 3 161.943 161.943
1 4 3 162.093 162.093
1 3 3 162.093 162.093
1 1 3 162.093 162.093
1 4 3 162.243 162.243
1 3 3 162.243 162.243
1 2 3 162.243 162.243
1 1 3 162.393 162.393
1 3 3 162.393 162.393
1 4 3 162.543 162.543
1 2 3 162.543 162.543
1 1 3 162.543 162.543
1 3 3 162.693 162.693
1 2 3 162.693 162.693
1 4 3 162.843 162.843
1 3 3 162.843 162.843
1 1 3 162.843 162.843
1 4 3 162.993 162.993
1 3 3 162.993 162.993
1 4 3 163.143 163.143
1 3 3 163.143 163.143
1 2 3 163.143 163.143
1 2 3 163.293 163.293
1 1 3 163.293 163.293
1 4 3 163.443 163.443
1 3 3 163.443 163.443
1 1 3 163.443 163.443
1 2 3 163.593 163.593
1 1 3 163.593 163.593
1 3 3 163.743 163.743
1 2 3 163.743 163.743
1 4 3 163.893 163.893
1 3 3 163.893 163.893
1 4 3 164.043 164.043
1 2 3 164.043 164.043
1 1 3 164.043 164.043
1 3 3 164.193 164.193
1 2 3 164.193 164.193
1 1 3 164.193 164.193
1 4 3 164.343 164.343
1 3 3 164.343 164.343
1 1 3 164.343 164.343
1 4 3 164.493 164.493
1 2 3 164.493 164.493
1 3 3 164.643 164.643
1 2 3 164.643 164.643
1 1 3 164.643 164.643
1 2 3 164.793 164.793
1 1 3 164.793 164.793
1 3 3 164.943 164.943
1 2 3 164.943 164.943
1 4 3 164.943 164.943
1 3 3 165.093 165.093
1 1 3 165.093 165.093
1 4 3 165.243 165.243
1 3 3 165.243 165.243
1 2 3 165.243 165.243
1 2 3 165.393 165.393
1 1 3 165.393 165.393
1 4 3 165.543 165.543
1 3 3 165.543 165.543
1 1 3 165.543 165.543
1 3 3 165.693 165.693
1 2 3 165.693 165.693
1 4 3 165.843 165.843
1 2 3 165.843 165.843
1 1 3 165.843 165.843
1 4 3 165.993 165.993
1 3 3 165.993 165.993
1 3 3 166.143 166.143
1 1 3 166.143 166.143
1 2 3 166.143 166.143
1 4 3 166.293 166.293
1 1 3 166.293 166.293
1 4 3 166.443 166.443
1 2 3 166.443 166.443
1 3 3 166.593 166.593
1 1 3 166.593 166.593
1 3 3 166.743 166.743
1 2 3 166.743 166.743
1 4 3 166.893 166.893
1 2 3 166.893 166.893
1 3 3 167.043 167.043
1 1 3 167.043 167.043
1 4 3 167.193 167.193
1 1 3 167.193 167.193
1 4 3 167.343 167.343
1 3 3 167.343 167.343
1 3 3 167.493 167.493
1 2 3 167.493 167.493
1 2 3 167.643 167.643
1 1 3 167.643 167.643
1 4 3 167.643 167.643
1 4 3 167.793 167.793
1 1 3 167.793 167.793
1 3 3 167.793 167.793
1 4 3 167.943 167.943
1 3 3 167.943 167.943
1 2 3 167.943 167.943
1 2 3 168.093 168.093
1 1 3 168.093 168.093
1 3 3 168.243 168.243
1 1 3 168.243 168.243
1 4 3 168.393 168.393
1 2 3 168.393 168.393
1 3 3 168.543 168.543
1 2 3 168.543 168.543
1 1 3 168.543 168.543
1 4 3 168.693 168.693
1 3 3 168.693 168.693
1 2 3 168.693 168.693
1 4 3 168.843 168.843
1 3 3 168.843 168.843
1 1 3 168.843 168.843
1 2 3 168.993 168.993
1 4 3 168.993 168.993
1 3 3 169.143 169.143
1 1 3 169.143 169.143
1 4 3 169.293 169.293
1 2 3 169.293 169.293
1 3 3 169.443 169.443
1 2 3 169.443 169.443
1 1 3 169.443 169.443
1 4 3 169.593 169.593
1 3 3 169.593 169.593
1 1 3 169.593 169.593
1 4 3 169.743 169.743
1 3 3 169.743 169.743
1 2 3 169.743 169.743
1 4 3 169.893 169.893
1 1 3 169.893 169.893
1 3 3 170.043 170.043
1 2 3 170.043 170.043
1 1 3 170.043 170.043
1 4 3 170.193 170.193
1 2 3 170.193 170.193
1 1 3 170.193 170.193
1 3 3 170.343 170.343
1 2 3 170.343 170.343
1 4 3 170.493 170.493
1 3 3 170.493 170.493
1 1 3 170.493 170.493
1 4 3 170.643 170.643
1 3 3 170.643 170.643
1 2 3 170.643 170.643
1 1 3 170.793 170.793
1 2 3 170.793 170.793
1 4 3 170.943 170.943
1 3 3 170.943 170.943
1 4 3 171.093 171.093
1 2 3 171.093 171.093
1 3 3 171.243 171.243
1 2 3 171.243 171.243
1 1 3 171.243 171.243
1 4 3 171.393 171.393
1 3 3 171.393 171.393
1 1 3 171.393 171.393
1 4 3 171.543 171.543
1 3 3 171.543 171.543
1 2 3 171.543 171.543
1 2 3 171.693 171.693
1 4 3 171.693 171.693
1 3 3 171.843 171.843
1 2 3 171.843 171.843
1 1 3 171.843 171.843
1 4 3 171.993 171.993
1 1 3 171.993 171.993
1 4 3 172.143 172.143
1 3 3 172.143 172.143
1 2 3 172.143 172.143
1 3 3 172.293 172.293
1 2 3 172.293 172.293
1 4 3 172.443 172.443
1 2 3 172.443 172.443
1 1 3 172.443 172.443
1 3 3 172.593 172.593
1 4 3 172.593 172.593
1 4 3 172.743 172.743
1 3 3 172.743 172.743
1 1 3 172.743 172.743
1 2 3 172.893 172.893
1 1 3 172.893 172.893
1 3 3 173.043 173.043
1 2 3 173.043 173.043
1 1 3 173.043 173.043
1 4 3 173.193 173.193
1 3 3 173.193 173.193
1 2 3 173.193 173.193
1 4 3 173.343 173.343
1 1 3 173.343 173.343
1 3 3 173.343 173.343
1 2 3 173.493 173.493
1 4 3 173.493 173.493
1 3 3 173.643 173.643
1 1 3 173.643 173.643
1 3 3 173.793 173.793
1 2 3 173.793 173.793
1 4 3 173.943 173.943
1 2 3 173.943 173.943
1 3 3 174.093 174.093
1 1 3 174.093 174.093
1 4 3 174.243 174.243
1 3 3 174.243 174.243
1 2 3 174.393 174.393
1 1 3 174.393 174.393
1 3 3 174.543 174.543
1 2 3 174.543 174.543
1 4 3 174.693 174.693
1 3 3 174.693 174.693
1 4 3 174.843 174.843
1 2 3 174.843 174.843
1 1 3 174.843 174.843
1 3 3 174.993 174.993
1 2 3 174.993 174.993
1 1 3 174.993 174.993
1 4 3 175.143 175.143
1 3 3 175.143 175.143
1 1 3 175.143 175.143
1 2 3 175.293 175.293
1 4 3 175.293 175.293
1 3 3 175.443 175.443
1 1 3 175.443 175.443
1 3 3 175.593 175.593
1 2 3 175.593 175.593
1 4 3 175.743 175.743
1 1 3 175.743 175.743
1 2 3 175.743 175.743
1 3 3 175.893 175.893
1 1 3 175.893 175.893
1 4 3 176.043 176.043
1 3 3 176.043 176.043
1 2 3 176.043 176.043
1 2 3 176.193 176.193
1 1 3 176.193 176.193
1 4 3 176.343 176.343
1 3 3 176.343 176.343
1 4 3 176.493 176.493
1 3 3 176.493 176.493
1 2 3 176.493 176.493
1 3 3 176.643 176.643
1 2 3 176.643 176.643
1 1 3 176.643 176.643
1 4 3 176.793 176.793
1 1 3 176.793 176.793
1 3 3 176.943 176.943
1 2 3 176.943 176.943
1 4 3 176.943 176.943
1 1 3 177.093 177.093
1 3 3 177.093 177.093
1 4 3 177.243 177.243
1 2 3 177.243 177.243
1 1 3 177.243 177.243
1 3 3 177.393 177.393
1 2 3 177.393 177.393
1 4 3 177.543 177.543
1 3 3 177.543 177.543
1 1 3 177.543 177.543
1 2 3 177.693 177.693
1 1 3 177.693 177.693
1 4 3 177.843 177.843
1 3 3 177.843 177.843
1 2 3 177.843 177.843
1 4 3 177.993 177.993
1 3 3 177.993 177.993
1 1 3 178.143 178.143
1 4 3 178.143 178.143
1 3 3 178.293 178.293
1 2 3 178.293 178.293
1 2 3 178.443 178.443
1 1 3 178.443 178.443
1 4 3 178.443 178.443
1 4 3 178.593 178.593
1 1 3 178.593 178.593
1 3 3 178.593 178.593
1 4 3 178.743 178.743
1 3 3 178.743 178.743
1 2 3 178.743 178.743
1 2 3 178.893 178.893
1 1 3 178.893 178.893
1 4 3 179.043 179.043
1 3 3 179.043 179.043
1 1 3 179.043 179.043
1 3 3 179.193 179.193
1 2 3 179.193 179.193
1 4 3 179.343 179.343
1 2 3 179.343 179.343
1 1 3 179.343 179.343
1 1 3 179.493 179.493
1 3 3 179.493 179.493
1 4 3 179.643 179.643
1 3 3 179.643 179.643
1 2 3 179.643 179.643
1 4 3 179.793 179.793
1 1 3 179.793 179.793
1 3 3 179.943 179.943
1 2 3 179.943 179.943
1 1 3 179.943 179.943
1 4 3 180.093 180.093
1 2 3 180.093 180.093
1 3 3 180.243 180.243
1 4 3 180.243 180.243
1 1 3 180.243 180.243
1 2 3 180.393 180.393
1 1 3 180.393 180.393
1 4 3 180.543 180.543
1 3 3 180.543 180.543
1 2 3 180.543 180.543
1 4 3 180.693 180.693
1 3 3 180.693 180.693
1 2 3 180.843 180.843
1 1 3 180.843 180.843
1 3 3 180.993 180.993
1 2 3 180.993 180.993
1 4 3 181.143 181.143
1 3 3 181.143 181.143
1 2 3 181.293 181.293
1 1 3 181.293 181.293
1 4 3 181.443 181.443
1 2 3 181.443 181.443
1 3 3 181.593 181.593
1 1 3 181.593 181.593
1 2 3 181.593 181.593
1 4 3 181.743 181.743
1 3 3 181.743 181.743
1 2 3 181.893 181.893
1 1 3 181.893 181.893
1 3 3 182.043 182.043
1 4 3 182.043 182.043
1 1 3 182.043 182.043
1 3 3 182.193 182.193
1 4 3 182.193 182.193
1 2 3 182.193 182.193
1 4 3 182.343 182.343
1 2 3 182.343 182.343
1 1 3 182.343 182.343
1 3 3 182.643 182.643
1 4 3 182.643 182.643
1 4 3 182.943 182.943
1 2 3 182.943 182.943
1 3 3 183.243 183.243
1 2 3 183.243 183.243
1 1 3 183.243 183.243
1 4 3 183.543 183.543
1 1 3 183.543 183.543
1 3 3 183.693 183.693
1 1 3 183.693 183.693
1 4 3 183.843 183.843
1 2 3 183.843 183.843
1 4 3 183.993 183.993
1 1 3 183.993 183.993
1 3 3 184.143 184.143
1 2 3 184.143 184.143
1 1 3 184.143 184.143
1 4 3 184.293 184.293
1 2 3 184.293 184.293
1 3 3 184.443 184.443
1 1 3 184.443 184.443
1 4 3 184.593 184.593
1 3 3 184.593 184.593
1 2 3 184.743 184.743
1 1 3 184.743 184.743
1 4 3 184.893 184.893
1 2 3 184.893 184.893
1 4 3 185.043 185.043
1 3 3 185.043 185.043
1 1 3 185.043 185.043
1 2 3 185.193 185.193
1 1 3 185.193 185.193
1 4 3 185.343 185.343
1 3 3 185.343 185.343
1 2 3 185.493 185.493
1 4 3 185.493 185.493
1 3 3 185.643 185.643
1 2 3 185.643 185.643
1 1 3 185.643 185.643
1 4 3 185.793 185.793
1 1 3 185.793 185.793
1 4 3 185.943 185.943
1 3 3 185.943 185.943
1 2 3 185.943 185.943
1 3 3 186.093 186.093
1 2 3 186.093 186.093
1 4 3 186.243 186.243
1 3 3 186.243 186.243
1 1 3 186.243 186.243
1 2 3 186.393 186.393
1 4 3 186.393 186.393
1 3 3 186.543 186.543
1 2 3 186.543 186.543
1 1 3 186.543 186.543
1 2 3 186.693 186.693
1 1 3 186.693 186.693
1 4 3 186.843 186.843
1 3 3 186.843 186.843
1 1 3 186.843 186.843
1 4 3 186.993 186.993
1 3 3 186.993 186.993
1 2 3 186.993 186.993
1 4 3 187.143 187.143
1 2 3 187.143 187.143
1 1 3 187.143 187.143
1 3 3 187.293 187.293
1 2 3 187.293 187.293
1 1 3 187.293 187.293
1 4 3 187.443 187.443
1 3 3 187.443 187.443
1 2 3 187.518 187.518
1 4 3 187.593 187.593
1 1 3 187.593 187.593
1 3 3 187.668 187.668
1 2 3 187.743 187.743
1 1 3 187.743 187.743
1 4 3 187.743 187.743
1 2 3 187.893 187.893
1 4 3 188.043 188.043
1 4 3 188.193 188.193
1 1 3 188.193 188.193
1 1 3 188.343 188.343
1 3 3 188.343 188.343
1 4 3 188.493 188.493
1 2 3 188.493 188.493
1 4 3 188.643 188.643
1 3 3 188.643 188.643
1 1 3 188.643 188.643
1 2 3 188.793 188.793
1 1 3 188.793 188.793
1 2 3 188.943 188.943
1 3 3 188.943 188.943
1 4 3 189.093 189.093
1 3 3 189.093 189.093
1 4 3 189.243 189.243
1 1 3 189.243 189.243
1 3 3 189.318 189.318
1 4 3 189.393 189.393
1 2 3 189.393 189.393
1 3 3 189.543 189.543
1 2 3 189.543 189.543
1 1 3 189.543 189.543
1 4 3 189.693 189.693
1 3 3 189.843 189.843
1 2 3 189.993 189.993
1 1 3 189.993 189.993
1 1 3 190.143 190.143
1 4 3 190.143 190.143
1 4 3 190.293 190.293
1 2 3 190.293 190.293
1 1 3 190.368 190.368
1 3 3 190.443 190.443
1 2 3 190.443 190.443
1 4 3 190.443 190.443
1 1 3 190.593 190.593
1 3 3 190.593 190.593
1 2 3 190.743 190.743
1 1 3 190.743 190.743
1 1 3 190.893 190.893
1 4 3 190.893 190.893
1 4 3 191.043 191.043
1 3 3 191.043 191.043
1 2 3 191.193 191.193
1 1 3 191.193 191.193
1 2 3 191.343 191.343
1 1 3 191.343 191.343
1 4 3 191.343 191.343
1 3 3 191.493 191.493
1 4 3 191.643 191.643
1 3 3 191.793 191.793
1 1 3 191.793 191.793
1 2 3 191.943 191.943
1 1 3 191.943 191.943
1 2 3 192.093 192.093
1 4 3 192.093 192.093
1 4 3 192.243 192.243
1 3 3 192.243 192.243
1 1 3 192.243 192.243
1 3 3 192.393 192.393
1 2 3 192.393 192.393
1 4 3 192.543 192.543
1 1 3 192.543 192.543
1 3 3 192.693 192.693
1 1 3 192.693 192.693
1 3 3 192.843 192.843
1 2 3 192.843 192.843
1 4 3 192.993 192.993
1 1 3 192.993 192.993
1 4 3 193.143 193.143
1 3 3 193.143 193.143
1 1 3 193.143 193.143
1 2 3 193.293 193.293
1 4 3 193.443 193.443
1 1 3 193.443 193.443
1 2 3 193.593 193.593
1 4 3 193.593 193.593
1 3 3 193.743 193.743
1 2 3 193.743 193.743
1 1 3 193.743 193.743
1 4 3 193.893 193.893
1 1 3 194.043 194.043
1 2 3 194.043 194.043
1 1 3 194.193 194.193
1 4 3 194.193 194.193
1 3 3 194.193 194.193
1 4 3 194.343 194.343
1 2 3 194.343 194.343
1 3 3 194.493 194.493
1 2 3 194.493 194.493
1 3 3 194.643 194.643
1 1 3 194.643 194.643
1 4 3 194.718 194.718
1 2 3 194.793 194.793
1 1 3 194.793 194.793
1 3 3 194.868 194.868
1 4 3 194.943 194.943
1 2 3 194.943 194.943
1 1 3 194.943 194.943
1 3 3 195.093 195.093
1 2 3 195.243 195.243
1 2 3 195.393 195.393
1 4 3 195.393 195.393
1 4 3 195.543 195.543
1 1 3 195.543 195.543
1 3 3 195.693 195.693
1 2 3 195.693 195.693
1 1 3 195.843 195.843
1 2 3 195.843 195.843
1 4 3 195.843 195.843
1 1 3 195.993 195.993
1 3 3 195.993 195.993
1 4 3 196.143 196.143
1 2 3 196.143 196.143
1 4 3 196.293 196.293
1 3 3 196.293 196.293
1 2 3 196.443 196.443
1 1 3 196.443 196.443
1 3 3 196.518 196.518
1 4 3 196.593 196.593
1 1 3 196.593 196.593
1 4 3 196.743 196.743
1 3 3 196.743 196.743
1 2 3 196.743 196.743
1 2 3 196.893 196.893
1 4 3 197.043 197.043
1 3 3 197.043 197.043
1 2 3 197.193 197.193
1 1 3 197.193 197.193
1 4 3 197.343 197.343
1 2 3 197.343 197.343
1 4 3 197.493 197.493
1 3 3 197.493 197.493
1 3 3 197.643 197.643
1 2 3 197.643 197.643
1 1 3 197.643 197.643
1 1 3 197.793 197.793
1 4 3 197.793 197.793
1 4 3 197.943 197.943
1 3 3 197.943 197.943
1 3 3 198.093 198.093
1 2 3 198.093 198.093
1 2 3 198.243 198.243
1 1 3 198.243 198.243
1 1 3 198.393 198.393
1 4 3 198.543 198.543
1 3 3 198.543 198.543
1 2 3 198.543 198.543
1 4 3 198.693 198.693
1 2 3 198.843 198.843
1 2 3 198.993 198.993
1 4 3 198.993 198.993
1 4 3 199.143 199.143
1 1 3 199.143 199.143
1 2 3 199.293 199.293
1 3 3 199.293 199.293
1 4 3 199.443 199.443
1 2 3 199.443 199.443
1 1 3 199.443 199.443
1 4 3 199.593 199.593
1 3 3 199.593 199.593
1 2 3 199.743 199.743
1 1 3 199.743 199.743
1 2 3 199.893 199.893
1 4 3 199.893 199.893
1 4 3 200.043 200.043
1 1 3 200.043 200.043
1 3 3 200.118 200.118
1 2 3 200.193 200.193
1 4 3 200.343 200.343
1 3 3 200.343 200.343
1 1 3 200.343 200.343
1 3 3 200.493 200.493
1 1 3 200.493 200.493
1 4 3 200.643 200.643
1 2 3 200.643 200.643
1 4 3 200.793 200.793
1 2 3 200.793 200.793
1 3 3 200.943 200.943
1 1 3 200.943 200.943
1 1 3 201.093 201.093
1 4 3 201.093 201.093
1 4 3 201.243 201.243
1 2 3 201.243 201.243
1 3 3 201.243 201.243
1 3 3 201.393 201.393
1 1 3 201.393 201.393
1 2 3 201.393 201.393
1 4 3 201.543 201.543
1 1 3 201.543 201.543
1 3 3 201.693 201.693
1 4 3 201.693 201.693
1 4 3 201.843 201.843
1 2 3 201.843 201.843
1 1 3 201.843 201.843
1 3 3 201.993 201.993
1 2 3 201.993 201.993
1 3 3 202.143 202.143
1 2 3 202.143 202.143
1 1 3 202.143 202.143
1 4 3 202.593 202.593
1 2 3 202.593 202.593
1 3 3 202.893 202.893
1 3 3 203.043 203.043
1 1 3 203.043 203.043
1 2 3 203.343 203.343
1 1 3 203.418 203.418
1 2 3 203.493 203.493
1 3 3 203.643 203.643
1 4 3 203.943 203.943
1 3 3 203.943 203.943
1 1 3 203.943 203.943
1 2 3 204.393 204.393
1 1 3 204.393 204.393
1 3 3 204.693 204.693
1 4 3 204.843 204.843
1 3 3 204.843 204.843
1 3 3 205.143 205.143
1 2 3 205.218 205.218
1 3 3 205.293 205.293
1 4 3 205.443 205.443
1 4 3 205.743 205.743
1 2 3 205.743 205.743
1 1 3 205.743 205.743
1 3 3 206.193 206.193
1 2 3 206.493 206.493
1 1 3 206.643 206.643
1 4 3 206.643 206.643
1 3 3 206.743 206.743
1 4 3 206.843 206.843
1 2 3 206.943 206.943
1 1 3 206.943 206.943
1 3 3 207.043 207.043
1 2 3 207.143 207.143
1 4 3 207.243 207.243
1 3 3 207.243 207.243
1 1 3 207.343 207.343
1 4 3 207.443 207.443
1 3 3 207.543 207.543
1 2 3 207.543 207.543
1 1 3 207.543 207.543
1 2 3 207.693 207.693
1 4 3 207.843 207.843
1 3 3 207.843 207.843
1 1 3 207.843 207.843
1 4 3 207.993 207.993
1 3 3 207.993 207.993
1 2 3 207.993 207.993
1 4 3 208.143 208.143
1 2 3 208.143 208.143
1 1 3 208.143 208.143
1 3 3 208.293 208.293
1 4 3 208.443 208.443
1 3 3 208.443 208.443
1 1 3 208.443 208.443
