2 1 3 0.607 1.911
1 4 3 1.911 1.911
1 3 3 2.237 2.237
1 1 3 2.563 2.563
1 2 3 2.563 2.563
2 3 3 3.215 3.867
1 1 3 3.867 3.867
1 4 3 4.193 4.193
2 2 3 4.52 5.172
1 3 3 5.172 5.172
1 1 3 5.498 5.498
2 4 3 5.824 6.476
1 2 3 6.476 6.476
1 3 3 6.802 6.802
2 1 3 7.128 7.454
1 4 3 7.454 7.454
2 1 3 7.78 8.433
2 4 3 8.433 9.085
1 2 3 9.085 9.085
1 3 3 9.411 9.411
2 1 3 9.737 10.389
1 3 3 10.389 10.389
1 2 3 10.715 10.715
2 4 3 11.041 11.693
2 1 3 11.693 12.346
1 3 3 12.346 12.346
1 2 3 12.672 12.672
1 3 3 12.998 12.998
1 2 3 13.324 13.324
2 4 3 13.65 14.302
1 1 3 14.302 14.302
1 2 3 14.628 14.628
2 3 3 14.954 15.606
1 1 3 15.606 15.606
1 4 3 15.933 15.933
2 2 3 16.259 16.911
1 3 3 16.911 16.911
1 1 3 17.237 17.237
2 4 3 17.563 18.052
1 2 3 18.052 18.052
2 3 3 18.215 18.867
2 1 3 18.867 19.52
1 4 3 19.52 19.52
1 3 3 19.846 19.846
2 2 3 20.172 20.824
1 4 3 20.824 20.824
1 1 3 21.15 21.15
2 3 3 21.476 22.128
1 2 3 22.128 22.128
1 4 3 22.454 22.454
2 1 3 22.78 23.27
1 3 3 23.27 23.27
2 2 3 23.433 24.085
2 4 3 24.085 25.389
1 2 3 24.737 24.737
2 1 3 25.389 26.693
1 4 3 26.041 26.041
2 2 3 26.693 27.998
1 3 3 27.346 27.346
2 4 3 27.998 29.302
1 1 3 28.65 28.65
2 3 3 29.302 30.606
1 1 3 29.954 29.954
2 2 3 30.606 31.911
1 4 3 31.259 31.259
2 1 3 31.911 33.215
1 3 3 32.563 32.563
1 4 3 33.215 33.215
1 4 3 33.541 33.541
1 2 3 33.867 33.867
1 3 3 33.867 33.867
1 4 3 34.52 34.52
2 1 3 34.52 35.172
1 3 3 35.172 35.172
1 3 3 35.498 35.498
2 4 3 35.824 36.476
1 2 3 36.476 36.476
1 2 3 36.802 36.802
2 3 3 37.128 37.78
1 1 3 37.78 37.78
1 1 3 38.106 38.106
2 4 3 38.433 38.759
2 3 3 38.759 39.085
2 2 3 39.085 39.411
2 1 3 39.411 39.737
2 3 3 39.737 40.389
1 2 3 40.389 40.389
1 2 3 40.715 40.715
2 4 3 41.041 41.693
1 1 3 41.693 41.693
1 1 3 42.02 42.02
2 2 3 42.346 42.998
1 3 3 42.998 42.998
1 3 3 43.324 43.324
2 1 3 43.65 43.976
2 2 3 43.976 44.302
2 3 3 44.302 44.628
2 4 3 44.628 44.954
1 2 3 44.954 44.954
2 1 3 44.954 45.606
1 3 3 45.606 45.606
1 4 3 45.606 45.606
1 2 3 45.933 45.933
2 4 3 46.259 46.911
1 1 3 46.911 46.911
1 2 3 46.911 46.911
1 3 3 47.237 47.237
2 2 3 47.563 48.215
1 3 3 48.215 48.215
1 4 3 48.215 48.215
1 1 3 48.541 48.541
2 4 3 48.867 49.52
2 1 3 49.52 50.172
1 2 3 49.52 49.52
2 3 3 50.172 50.824
1 1 3 50.824 50.824
1 2 3 50.824 50.824
1 4 3 51.15 51.15
2 2 3 51.476 52.128
1 3 3 52.128 52.128
1 4 3 52.128 52.128
1 1 3 52.454 52.454
2 4 3 52.78 53.433
1 2 3 53.433 53.433
1 1 3 53.433 53.433
1 3 3 53.759 53.759
1 1 3 54.085 54.085
1 4 3 54.411 54.411
1 1 3 54.737 54.737
1 4 3 55.063 55.063
1 2 3 55.389 55.389
1 2 3 56.041 56.041
1 3 3 56.693 56.693
1 3 3 57.346 57.346
1 1 3 57.998 57.998
1 1 3 58.65 58.65
1 4 3 59.302 59.302
1 4 3 59.954 59.954
1 1 3 60.606 60.606
1 1 3 61.259 61.259
1 3 3 61.911 61.911
1 3 3 62.563 62.563
1 1 3 63.215 63.215
1 4 3 63.541 63.541
1 2 3 63.867 63.867
1 2 3 64.193 64.193
2 4 3 64.52 65.172
2 1 3 65.172 65.824
2 3 3 65.824 67.128
1 1 3 66.476 66.476
2 2 3 67.128 68.433
1 4 3 67.78 67.78
2 1 3 68.433 69.737
1 3 3 69.085 69.085
2 4 3 69.737 71.041
1 2 3 70.389 70.389
2 1 3 71.041 72.346
1 4 3 71.693 71.693
2 3 3 72.346 73.65
1 1 3 72.998 72.998
2 2 3 73.65 74.954
1 4 3 74.302 74.302
1 3 3 74.954 74.954
1 3 3 75.28 75.28
1 1 3 75.606 75.606
1 4 3 75.606 75.606
1 2 3 76.259 76.259
2 3 3 76.259 76.911
1 1 3 76.911 76.911
1 1 3 77.237 77.237
2 4 3 77.563 78.215
1 2 3 78.215 78.215
1 2 3 78.541 78.541
2 3 3 78.867 79.52
1 1 3 79.52 79.52
1 1 3 79.846 79.846
2 4 3 80.172 80.498
2 2 3 80.498 80.824
2 3 3 80.824 81.15
2 1 3 81.15 81.476
2 4 3 81.476 82.128
1 1 3 82.128 82.128
1 1 3 82.454 82.454
2 3 3 82.78 83.433
1 2 3 83.433 83.433
1 2 3 83.759 83.759
2 1 3 84.085 84.737
1 4 3 84.737 84.737
1 4 3 85.063 85.063
2 2 3 85.389 85.715
2 1 3 85.715 86.041
2 3 3 86.041 86.367
2 2 3 86.367 86.693
2 4 3 86.693 87.346
1 1 3 86.693 86.693
1 2 3 87.346 87.346
1 1 3 87.346 87.346
1 3 3 87.672 87.672
2 2 3 87.998 88.65
1 4 3 88.65 88.65
1 3 3 88.65 88.65
1 1 3 88.976 88.976
2 3 3 89.302 89.954
1 2 3 89.954 89.954
1 1 3 89.954 89.954
1 4 3 90.28 90.28
2 1 3 90.606 91.259
2 4 3 91.259 91.911
1 3 3 91.259 91.259
2 2 3 91.911 92.563
1 4 3 92.563 92.563
1 3 3 92.563 92.563
1 1 3 92.889 92.889
2 3 3 93.215 93.867
1 2 3 93.867 93.867
1 1 3 93.867 93.867
1 4 3 94.193 94.193
2 1 3 94.52 95.172
1 3 3 95.172 95.172
1 4 3 95.172 95.172
1 2 3 95.498 95.498
1 4 3 95.824 95.824
1 1 3 96.15 96.15
1 4 3 96.476 96.476
1 1 3 96.802 96.802
2 3 3 97.128 97.78
1 2 3 97.78 97.78
1 3 3 98.106 98.106
2 1 3 98.433 99.085
1 4 3 99.085 99.085
1 1 3 99.411 99.411
2 3 3 99.737 100.389
1 1 3 100.389 100.389
1 3 3 100.715 100.715
2 2 3 101.041 101.693
2 4 3 101.693 102.346
2 1 3 102.346 102.998
1 3 3 102.998 102.998
1 1 3 103.324 103.324
2 4 3 103.65 104.302
1 2 3 104.302 104.302
1 4 3 104.628 104.628
1 2 3 104.954 104.954
2 1 3 104.954 106.259
1 4 3 106.259 106.259
2 4 3 106.585 106.911
1 1 3 106.911 106.911
2 2 3 106.911 107.563
1 4 3 107.563 107.563
2 3 3 107.563 108.215
1 2 3 108.215 108.215
2 1 3 108.541 108.867
2 4 3 108.867 109.52
1 3 3 109.52 109.52
2 2 3 109.846 110.172
2 1 3 110.172 110.824
1 4 3 110.824 110.824
2 3 3 111.15 111.476
2 1 3 111.476 111.802
2 2 3 111.802 112.128
2 3 3 112.128 112.454
2 4 3 112.454 112.78
2 1 3 112.78 113.433
1 3 3 113.433 113.433
2 4 3 113.759 114.085
2 2 3 114.085 114.737
1 4 3 114.737 114.737
2 1 3 115.063 115.389
2 3 3 115.389 116.041
1 1 3 116.041 116.041
2 2 3 116.367 116.693
2 4 3 116.693 117.02
2 3 3 117.02 117.346
2 2 3 117.346 117.672
2 1 3 117.672 117.998
2 4 3 117.998 118.65
1 3 3 117.998 117.998
1 1 3 118.65 118.65
1 2 3 118.65 118.65
1 3 3 118.976 118.976
2 1 3 119.302 119.954
1 3 3 119.954 119.954
1 4 3 119.954 119.954
1 2 3 120.28 120.28
2 3 3 120.606 121.259
1 1 3 121.259 121.259
1 4 3 121.259 121.259
1 2 3 121.585 121.585
2 4 3 121.911 122.237
1 3 3 122.237 122.237
2 1 3 122.563 122.889
1 2 3 122.889 122.889
2 3 3 123.215 123.867
1 2 3 123.867 123.867
1 1 3 123.867 123.867
1 4 3 124.193 124.193
2 2 3 124.52 125.172
1 3 3 125.172 125.172
1 4 3 125.172 125.172
1 1 3 125.498 125.498
2 4 3 125.824 126.476
1 2 3 126.476 126.476
1 3 3 126.476 126.476
1 1 3 126.802 126.802
1 3 3 127.128 127.128
1 2 3 127.454 127.454
1 3 3 127.78 127.78
1 2 3 128.106 128.106
2 4 3 128.433 129.737
1 2 3 129.737 129.737
1 2 3 130.063 130.063
1 4 3 130.226 130.226
1 1 3 130.389 130.389
1 3 3 130.715 130.715
