1 2 3 16.467 16.467
1 3 3 17.044 17.044
1 2 3 17.62 17.62
1 4 3 18.197 18.197
1 1 3 18.39 18.39
1 4 3 18.582 18.582
1 2 3 18.774 18.774
1 3 3 18.967 18.967
1 1 3 19.159 19.159
1 4 3 19.351 19.351
1 1 3 19.928 19.928
1 4 3 20.12 20.12
1 2 3 20.505 20.505
1 2 3 20.697 20.697
1 2 3 20.89 20.89
1 3 3 21.082 21.082
1 3 3 21.274 21.274
1 1 3 21.467 21.467
1 3 3 21.467 21.467
1 2 3 21.659 21.659
2 1 3 21.851 22.044
2 4 3 21.851 22.044
1 2 3 22.236 22.236
1 3 3 22.428 22.428
1 2 3 22.62 22.62
1 4 3 22.813 22.813
1 1 3 22.813 22.813
1 2 3 23.197 23.197
1 2 3 23.39 23.39
1 3 3 23.582 23.582
1 2 3 23.774 23.774
1 2 3 23.967 23.967
1 2 3 24.351 24.351
1 1 3 24.544 24.544
1 4 3 24.736 24.736
1 2 3 25.12 25.12
1 1 3 25.313 25.313
1 4 3 25.505 25.505
1 4 3 26.659 26.659
1 1 3 26.851 26.851
1 3 3 27.62 27.62
1 2 3 27.813 27.813
1 2 3 29.495 29.495
1 3 3 29.495 29.495
2 4 3 29.495 30.265
2 1 3 29.495 30.265
1 3 3 29.688 29.688
1 2 3 29.88 29.88
1 3 3 30.072 30.072
1 2 3 30.265 30.265
1 3 3 30.457 30.457
1 2 3 30.649 30.649
1 3 3 30.842 30.842
1 2 3 31.034 31.034
1 2 3 31.226 31.226
1 3 3 31.419 31.419
1 3 3 31.611 31.611
1 2 3 31.803 31.803
1 2 3 31.995 31.995
1 3 3 32.188 32.188
1 3 3 32.38 32.38
1 1 3 32.572 32.572
1 2 3 32.765 32.765
1 3 3 32.957 32.957
1 4 3 33.149 33.149
1 3 3 33.342 33.342
1 2 3 33.534 33.534
1 1 3 33.726 33.726
1 2 3 33.919 33.919
1 3 3 33.919 33.919
1 3 3 34.111 34.111
1 2 3 34.303 34.303
1 4 3 34.495 34.495
1 1 3 34.688 34.688
2 4 3 34.88 34.976
2 3 3 35.072 35.169
2 2 3 35.265 35.361
2 1 3 35.457 35.553
1 2 3 35.601 35.601
1 3 3 35.601 35.601
1 4 3 35.794 35.794
1 1 3 35.794 35.794
1 4 3 35.986 35.986
1 1 3 35.986 35.986
1 2 3 36.178 36.178
1 3 3 36.178 36.178
1 1 3 36.37 36.37
1 2 3 36.563 36.563
1 3 3 36.755 36.755
1 4 3 36.947 36.947
2 1 3 37.14 37.332
1 2 3 37.332 37.332
2 4 3 37.524 37.717
1 3 3 37.717 37.717
2 2 3 37.909 38.101
1 1 3 38.101 38.101
2 3 3 38.294 38.486
1 4 3 38.486 38.486
1 2 3 38.678 38.678
1 3 3 38.87 38.87
1 2 3 39.063 39.063
1 3 3 39.255 39.255
1 1 3 39.447 39.447
1 4 3 39.64 39.64
1 1 3 39.832 39.832
1 4 3 40.024 40.024
1 1 3 40.217 40.217
1 4 3 40.409 40.409
1 1 3 40.601 40.601
1 4 3 40.601 40.601
1 2 3 40.794 40.794
1 3 3 40.794 40.794
1 1 3 40.986 40.986
1 4 3 40.986 40.986
1 2 3 41.178 41.178
1 3 3 41.178 41.178
1 1 3 41.37 41.37
1 4 3 41.37 41.37
2 4 3 41.563 43.486
2 1 3 41.563 43.486
1 2 3 43.245 43.245
1 3 3 43.245 43.245
1 2 3 68.245 68.245
1 3 3 68.63 68.63
1 2 3 69.303 69.303
1 3 3 69.688 69.688
1 1 3 70.072 70.072
1 4 3 70.505 70.505
1 4 3 71.274 71.274
1 4 3 71.659 71.659
2 2 3 73.197 73.967
2 3 3 73.582 73.967
1 1 3 74.303 74.303
1 1 3 74.688 74.688
1 4 3 75.072 75.072
1 4 3 75.457 75.457
1 2 3 75.842 75.842
1 3 3 75.842 75.842
1 2 3 76.226 76.226
1 3 3 76.226 76.226
1 1 3 76.563 76.563
1 4 3 77.332 77.332
2 1 3 77.717 78.101
1 2 3 78.101 78.101
2 4 3 78.486 78.87
1 3 3 78.87 78.87
2 2 3 79.255 79.64
1 4 3 79.64 79.64
2 3 3 80.024 80.409
1 1 3 80.409 80.409
1 2 3 80.794 80.794
1 3 3 81.178 81.178
1 3 3 81.563 81.563
1 3 3 81.947 81.947
1 1 3 82.332 82.332
1 1 3 82.717 82.717
1 1 3 83.101 83.101
1 2 3 83.486 83.486
1 3 3 83.87 83.87
1 4 3 84.255 84.255
1 3 3 84.64 84.64
1 2 3 85.024 85.024
1 1 3 85.409 85.409
2 4 3 85.409 91.515
1 2 3 86.178 86.178
1 3 3 86.947 86.947
2 1 3 87.717 88.101
2 3 3 88.486 88.87
1 2 3 91.467 91.467
1 1 3 91.467 91.467
1 3 3 91.659 91.659
1 4 3 91.851 91.851
1 3 3 92.044 92.044
1 2 3 92.236 92.236
1 1 3 92.428 92.428
1 4 3 92.428 92.428
1 2 3 92.62 92.62
1 3 3 92.813 92.813
1 2 3 93.005 93.005
1 1 3 93.197 93.197
1 4 3 93.197 93.197
1 1 3 93.39 93.39
1 4 3 93.39 93.39
1 2 3 93.582 93.582
1 3 3 93.774 93.774
1 4 3 93.967 93.967
1 3 3 94.159 94.159
2 2 3 94.351 94.544
1 1 3 94.544 94.544
1 4 3 94.736 94.736
1 3 3 94.928 94.928
1 2 3 95.12 95.12
2 1 3 95.313 95.505
2 4 3 95.313 95.505
1 2 3 95.505 95.505
1 3 3 95.697 95.697
1 1 3 95.89 95.89
1 2 3 96.082 96.082
1 3 3 96.082 96.082
1 3 3 96.274 96.274
1 2 3 96.274 96.274
1 2 3 96.467 96.467
1 3 3 96.467 96.467
1 1 3 96.659 96.659
1 4 3 96.851 96.851
1 2 3 97.044 97.044
1 2 3 97.236 97.236
1 2 3 97.428 97.428
1 4 3 97.62 97.62
1 4 3 97.813 97.813
1 2 3 97.813 97.813
1 4 3 98.005 98.005
1 1 3 98.005 98.005
1 4 3 98.197 98.197
1 4 3 98.39 98.39
1 2 3 98.39 98.39
1 4 3 98.582 98.582
1 3 3 98.582 98.582
1 4 3 98.774 98.774
1 4 3 98.967 98.967
1 2 3 98.967 98.967
1 4 3 99.159 99.159
1 1 3 99.159 99.159
1 4 3 99.351 99.351
1 4 3 99.544 99.544
1 2 3 99.544 99.544
1 4 3 99.736 99.736
1 3 3 99.736 99.736
1 4 3 99.928 99.928
1 1 3 100.12 100.12
1 1 3 100.313 100.313
1 1 3 100.505 100.505
1 1 3 100.697 100.697
1 3 3 100.697 100.697
1 2 3 100.697 100.697
1 1 3 100.89 100.89
1 3 3 100.89 100.89
1 1 3 101.082 101.082
1 2 3 101.082 101.082
1 1 3 101.274 101.274
1 3 3 101.274 101.274
1 1 3 101.467 101.467
1 2 3 101.467 101.467
1 1 3 101.659 101.659
1 3 3 101.659 101.659
1 1 3 101.851 101.851
1 2 3 101.851 101.851
1 1 3 102.044 102.044
1 3 3 102.044 102.044
1 1 3 102.236 102.236
1 2 3 102.236 102.236
1 3 3 102.428 102.428
1 4 3 102.428 102.428
1 2 3 102.62 102.62
1 1 3 102.62 102.62
1 3 3 102.813 102.813
1 4 3 102.813 102.813
1 2 3 103.005 103.005
1 1 3 103.005 103.005
1 3 3 103.197 103.197
1 4 3 103.197 103.197
1 2 3 103.39 103.39
1 1 3 103.39 103.39
1 2 3 103.582 103.582
1 3 3 103.582 103.582
2 1 3 103.774 104.111
2 4 3 103.774 104.111
1 3 3 104.111 104.111
1 2 3 104.111 104.111
1 2 3 104.495 104.495
1 4 3 104.495 104.495
1 3 3 104.88 104.88
1 2 3 104.88 104.88
2 1 3 105.072 105.409
1 4 3 105.265 105.265
1 2 3 105.649 105.649
1 3 3 105.649 105.649
1 2 3 106.034 106.034
1 3 3 106.034 106.034
1 4 3 106.226 106.226
1 1 3 106.274 106.274
1 3 3 106.419 106.419
1 1 3 106.467 106.467
1 1 3 106.659 106.659
1 2 3 106.803 106.803
1 3 3 106.803 106.803
1 1 3 106.851 106.851
1 2 3 107.188 107.188
1 3 3 107.188 107.188
1 4 3 107.572 107.572
1 3 3 107.957 107.957
1 2 3 108.149 108.149
1 3 3 108.342 108.342
1 1 3 108.39 108.39
2 2 3 108.534 108.967
1 4 3 108.582 108.582
1 3 3 108.726 108.726
2 4 3 109.111 109.736
2 1 3 109.111 109.736
1 3 3 109.88 109.88
1 2 3 109.88 109.88
1 2 3 110.265 110.265
1 4 3 110.265 110.265
1 1 3 110.409 110.409
2 2 3 110.601 110.89
1 3 3 110.649 110.649
1 4 3 110.986 110.986
1 1 3 111.034 111.034
2 2 3 111.178 111.611
1 3 3 111.37 111.37
2 1 3 111.755 112.092
1 4 3 111.755 111.755
2 2 3 112.14 112.428
1 3 3 112.14 112.14
1 2 3 112.524 112.524
1 4 3 112.524 112.524
1 1 3 112.909 112.909
1 3 3 112.909 112.909
1 2 3 113.294 113.294
1 4 3 113.294 113.294
1 2 3 113.678 113.678
1 3 3 113.678 113.678
1 2 3 114.063 114.063
1 4 3 114.063 114.063
2 1 3 114.255 114.832
1 2 3 115.169 115.169
1 3 3 115.169 115.169
1 1 3 115.409 115.409
1 4 3 115.601 115.601
1 3 3 115.794 115.794
2 2 3 115.794 116.178
1 1 3 116.37 116.37
1 3 3 116.37 116.37
1 2 3 116.563 116.563
1 4 3 116.563 116.563
2 1 3 116.755 117.14
1 2 3 117.14 117.14
1 3 3 117.14 117.14
1 2 3 117.332 117.332
1 1 3 117.909 117.909
1 3 3 117.909 117.909
1 2 3 118.101 118.101
1 2 3 118.294 118.294
1 1 3 118.486 118.486
2 2 3 118.678 118.87
1 3 3 118.678 118.678
2 1 3 119.063 119.832
1 4 3 119.063 119.063
1 3 3 119.447 119.447
1 4 3 119.832 119.832
1 2 3 120.169 120.169
1 3 3 120.217 120.217
2 2 3 120.361 120.697
1 4 3 120.601 120.601
1 3 3 120.986 120.986
1 2 3 121.37 121.37
1 4 3 121.37 121.37
1 1 3 121.563 121.563
1 3 3 121.707 121.707
1 2 3 121.947 121.947
1 4 3 122.092 122.092
1 3 3 122.476 122.476
1 1 3 122.524 122.524
1 4 3 122.861 122.861
1 2 3 122.909 122.909
1 3 3 123.245 123.245
1 2 3 123.294 123.294
1 1 3 123.486 123.486
1 4 3 123.63 123.63
1 1 3 124.015 124.015
1 3 3 124.015 124.015
1 1 3 124.351 124.351
1 4 3 124.399 124.399
1 2 3 124.736 124.736
1 3 3 124.736 124.736
1 4 3 125.12 125.12
2 1 3 125.12 126.274
1 3 3 125.313 125.313
1 3 3 125.505 125.505
1 3 3 125.697 125.697
1 3 3 125.89 125.89
1 3 3 126.082 126.082
1 2 3 126.274 126.274
1 2 3 126.467 126.467
1 1 3 126.947 126.947
1 2 3 127.236 127.236
1 2 3 127.428 127.428
2 1 3 127.62 128.005
2 2 3 128.005 128.39
2 4 3 128.197 129.447
2 3 3 128.197 129.447
1 2 3 128.582 128.582
1 1 3 128.774 128.774
1 2 3 129.159 129.159
1 2 3 129.544 129.544
1 3 3 129.784 129.784
1 4 3 129.784 129.784
1 2 3 129.928 129.928
1 2 3 130.12 130.12
1 1 3 130.313 130.313
1 2 3 130.505 130.505
1 1 3 130.697 130.697
2 2 3 130.89 131.274
2 3 3 131.322 131.563
1 2 3 131.659 131.659
2 1 3 131.851 132.044
1 2 3 132.236 132.236
1 1 3 132.428 132.428
2 2 3 132.62 132.813
2 4 3 132.813 133.101
2 2 3 132.909 133.101
1 1 3 133.39 133.39
1 2 3 133.774 133.774
2 1 3 133.967 134.351
1 4 3 134.351 134.351
2 3 3 134.351 134.736
1 2 3 134.736 134.736
1 1 3 134.928 134.928
1 2 3 135.12 135.12
2 1 3 135.313 135.505
1 1 3 135.697 135.697
2 3 3 135.89 136.274
1 1 3 136.082 136.082
1 2 3 136.274 136.274
2 1 3 136.467 136.851
1 2 3 136.851 136.851
1 1 3 137.044 137.044
2 2 3 137.236 137.62
2 1 3 137.62 138.005
2 4 3 138.005 138.39
2 1 3 138.39 138.774
2 2 3 138.774 139.159
2 3 3 139.159 139.544
2 4 3 139.544 139.928
2 1 3 139.928 140.313
2 1 3 140.409 145.794
2 4 3 140.409 145.794
2 3 3 140.409 141.755
2 2 3 140.409 141.755
1 2 3 141.947 141.947
1 3 3 141.995 141.995
1 2 3 142.188 142.188
1 2 3 142.332 142.332
1 3 3 142.38 142.38
1 3 3 142.572 142.572
1 3 3 142.717 142.717
1 2 3 142.765 142.765
1 2 3 142.957 142.957
1 3 3 143.101 143.101
1 2 3 143.149 143.149
1 2 3 143.486 143.486
1 3 3 143.486 143.486
1 2 3 143.87 143.87
1 3 3 143.87 143.87
1 2 3 144.255 144.255
1 3 3 144.255 144.255
1 2 3 144.64 144.64
1 3 3 144.64 144.64
1 2 3 145.024 145.024
1 3 3 145.409 145.409
1 1 3 146.515 146.515
1 2 3 146.515 146.515
1 4 3 146.515 146.515
1 1 3 146.707 146.707
1 2 3 146.899 146.899
1 3 3 147.092 147.092
1 4 3 147.284 147.284
1 1 3 147.284 147.284
1 2 3 147.476 147.476
1 3 3 147.669 147.669
1 4 3 147.861 147.861
1 3 3 148.053 148.053
1 2 3 148.245 148.245
1 1 3 148.245 148.245
1 4 3 148.438 148.438
1 3 3 148.438 148.438
1 2 3 148.63 148.63
1 3 3 148.822 148.822
1 1 3 148.822 148.822
1 4 3 149.015 149.015
1 2 3 149.207 149.207
2 3 3 149.399 149.592
1 1 3 149.592 149.592
2 4 3 150.024 150.169
1 2 3 150.169 150.169
1 3 3 150.361 150.361
2 1 3 150.361 150.505
1 2 3 150.745 150.745
1 3 3 150.745 150.745
2 4 3 150.938 151.13
2 3 3 151.13 151.322
1 1 3 151.515 151.515
2 2 3 151.515 151.707
1 2 3 151.899 151.899
1 4 3 151.899 151.899
1 3 3 151.899 151.899
2 1 3 152.717 154.159
1 3 3 152.717 152.717
1 4 3 153.053 153.053
1 2 3 153.438 153.438
1 4 3 153.822 153.822
1 3 3 154.255 154.255
2 2 3 154.255 155.505
1 4 3 154.544 154.544
1 1 3 154.928 154.928
1 3 3 155.313 155.313
2 4 3 155.553 155.697
2 3 3 155.649 155.794
2 2 3 155.745 156.467
1 4 3 156.082 156.082
1 1 3 156.467 156.467
2 4 3 156.515 157.861
1 3 3 156.851 156.851
1 1 3 157.236 157.236
1 2 3 157.62 157.62
1 1 3 158.005 158.005
1 2 3 158.39 158.39
2 4 3 158.534 158.87
2 1 3 158.726 159.063
1 3 3 158.774 158.774
2 3 3 158.87 159.592
1 2 3 159.159 159.159
1 1 3 159.544 159.544
1 2 3 159.928 159.928
2 3 3 159.928 160.072
2 4 3 160.072 160.217
2 3 3 160.217 160.409
2 2 3 160.409 161.467
2 1 3 161.467 161.947
2 2 3 161.659 161.851
2 3 3 161.851 163.39
2 2 3 163.39 164.928
