2 4 3 0.607 1.911
1 3 3 1.259 1.259
1 1 3 1.911 1.911
1 2 3 2.074 2.074
1 3 3 2.237 2.237
1 4 3 2.4 2.4
1 1 3 2.563 2.563
1 2 3 2.563 2.563
2 4 3 3.215 3.541
2 1 3 3.541 3.867
1 3 3 3.867 3.867
1 3 3 4.193 4.193
2 1 3 4.52 4.846
1 4 3 4.683 4.683
2 2 3 4.846 5.172
1 3 3 5.172 5.172
1 3 3 5.498 5.498
2 4 3 5.824 6.15
2 1 3 6.15 6.476
2 3 3 6.476 6.802
1 2 3 6.802 6.802
1 1 3 7.128 7.128
2 4 3 7.128 7.454
1 3 3 7.454 7.454
1 2 3 7.617 7.617
2 4 3 7.78 8.433
1 1 3 7.78 7.78
2 3 3 8.106 8.433
2 1 3 8.433 8.759
2 4 3 8.759 9.085
1 2 3 9.085 9.085
1 2 3 9.411 9.411
2 4 3 9.737 10.063
2 1 3 10.063 10.389
1 3 3 10.389 10.389
1 3 3 10.715 10.715
2 2 3 11.041 11.367
2 4 3 11.367 11.693
2 1 3 11.693 12.346
2 2 3 12.02 12.346
1 4 3 12.346 12.346
1 3 3 12.672 12.672
1 1 3 12.998 12.998
1 2 3 13.324 13.324
2 4 3 13.65 13.976
2 1 3 13.976 14.302
1 3 3 14.302 14.302
1 3 3 14.628 14.628
2 2 3 14.954 15.28
1 3 3 15.117 15.117
2 4 3 15.28 15.606
1 1 3 15.606 15.606
1 1 3 15.933 15.933
2 3 3 16.259 16.585
1 2 3 16.422 16.422
2 1 3 16.585 16.911
2 4 3 16.911 17.237
1 3 3 17.237 17.237
2 1 3 17.563 17.889
1 2 3 17.889 17.889
1 3 3 18.052 18.052
1 4 3 18.215 18.215
2 1 3 18.215 18.867
2 2 3 18.541 18.867
2 3 3 18.867 19.193
2 1 3 19.193 19.52
1 4 3 19.52 19.52
1 4 3 19.846 19.846
2 2 3 20.172 20.498
2 4 3 20.498 20.824
1 1 3 20.824 20.824
1 1 3 21.15 21.15
2 3 3 21.476 21.802
2 2 3 21.802 22.128
2 4 3 22.128 22.454
1 1 3 22.454 22.454
2 3 3 22.78 23.106
1 4 3 23.106 23.106
1 1 3 23.27 23.27
2 3 3 23.433 24.085
2 2 3 23.759 24.085
2 4 3 24.085 25.389
1 1 3 24.411 24.411
1 3 3 24.737 24.737
1 2 3 25.063 25.063
2 1 3 25.389 26.041
1 4 3 25.715 25.715
2 3 3 26.041 26.693
1 1 3 26.367 26.367
2 2 3 26.693 27.998
1 4 3 27.02 27.02
1 1 3 27.346 27.346
1 3 3 27.672 27.672
2 4 3 27.998 28.65
1 1 3 28.324 28.324
2 3 3 28.65 29.302
1 2 3 28.976 28.976
2 1 3 29.302 30.606
1 4 3 29.628 29.628
1 2 3 29.954 29.954
1 4 3 30.28 30.28
2 3 3 30.606 31.259
1 1 3 30.933 30.933
2 2 3 31.259 31.911
1 3 3 31.585 31.585
2 4 3 31.911 32.889
1 1 3 32.237 32.237
1 2 3 32.563 32.563
1 3 3 32.889 32.889
2 1 3 33.215 33.541
2 4 3 33.541 33.867
2 2 3 33.867 34.52
1 3 3 33.867 33.867
1 1 3 34.52 34.52
2 4 3 34.52 34.846
2 3 3 34.846 35.172
1 1 3 35.172 35.172
2 2 3 35.172 35.498
2 4 3 35.498 35.824
2 1 3 35.824 36.15
2 2 3 36.15 36.476
2 3 3 36.476 36.802
1 4 3 36.476 36.476
2 1 3 36.802 37.128
2 4 3 37.128 37.454
2 2 3 37.454 37.78
2 3 3 37.78 38.106
1 1 3 37.78 37.78
2 4 3 38.106 38.433
2 1 3 38.433 38.759
1 3 3 38.759 38.759
1 2 3 38.922 38.922
1 1 3 39.085 39.085
2 4 3 39.085 39.737
2 3 3 39.411 39.737
2 1 3 39.737 40.063
2 2 3 40.063 40.389
2 3 3 40.389 40.715
1 4 3 40.389 40.389
2 1 3 40.715 41.041
2 4 3 41.041 41.367
2 3 3 41.367 41.693
2 2 3 41.693 42.02
1 1 3 41.693 41.693
2 4 3 42.02 42.346
2 1 3 42.346 42.672
2 3 3 42.672 42.998
2 2 3 42.998 43.324
1 4 3 42.998 42.998
2 1 3 43.324 43.65
2 4 3 43.65 43.976
1 2 3 43.976 43.976
1 3 3 44.139 44.139
2 1 3 44.302 44.954
1 4 3 44.302 44.302
2 2 3 44.628 44.954
2 4 3 44.954 45.606
1 3 3 44.954 44.954
2 1 3 45.28 45.606
1 3 3 45.606 45.606
1 2 3 45.606 45.606
2 3 3 45.933 46.259
2 1 3 46.259 46.911
2 2 3 46.585 46.911
1 3 3 46.911 46.911
1 4 3 46.911 46.911
2 4 3 47.237 47.563
2 2 3 47.563 48.215
2 3 3 47.889 48.215
1 4 3 48.215 48.215
2 1 3 48.215 48.541
1 2 3 48.541 48.541
2 3 3 48.867 49.193
2 4 3 48.867 49.193
1 1 3 49.193 49.193
1 2 3 49.356 49.356
2 3 3 49.52 49.846
2 4 3 49.52 49.846
2 2 3 49.846 50.172
2 4 3 50.172 50.824
2 1 3 50.498 50.824
1 3 3 50.824 50.824
1 2 3 50.824 50.824
2 3 3 51.15 51.476
2 1 3 51.476 52.128
2 4 3 51.802 52.128
1 3 3 52.128 52.128
1 2 3 52.128 52.128
2 2 3 52.454 52.78
2 4 3 52.78 53.433
2 3 3 53.106 53.433
2 1 3 53.433 53.759
1 2 3 53.433 53.433
2 4 3 53.759 54.085
1 2 3 54.085 54.085
1 1 3 54.411 54.411
1 3 3 54.737 54.737
1 4 3 55.063 55.063
2 1 3 55.389 56.041
1 2 3 55.389 55.389
1 3 3 55.715 55.715
1 2 3 56.041 56.041
1 4 3 56.367 56.367
1 1 3 56.693 56.693
2 3 3 56.693 57.346
1 2 3 57.02 57.02
1 4 3 57.346 57.346
1 1 3 57.672 57.672
2 2 3 57.998 58.65
1 3 3 57.998 57.998
1 4 3 58.324 58.324
1 1 3 58.65 58.65
1 3 3 58.976 58.976
2 4 3 59.302 59.791
1 1 3 59.302 59.302
1 2 3 59.791 59.791
2 3 3 59.954 60.606
1 4 3 60.606 60.606
2 1 3 60.606 61.259
1 2 3 60.933 60.933
1 3 3 61.259 61.259
1 4 3 61.585 61.585
2 2 3 61.911 62.563
1 3 3 61.911 61.911
1 1 3 62.237 62.237
1 4 3 62.563 62.563
1 3 3 62.889 62.889
1 1 3 63.215 63.215
1 2 3 63.378 63.378
1 3 3 63.541 63.541
1 4 3 63.704 63.704
1 1 3 63.867 63.867
1 4 3 64.193 64.193
2 2 3 64.52 65.009
1 1 3 64.52 64.52
1 4 3 65.009 65.009
2 3 3 65.172 65.824
2 1 3 65.824 67.128
1 2 3 65.824 65.824
1 4 3 66.15 66.15
1 2 3 66.476 66.476
1 3 3 66.802 66.802
2 4 3 67.128 67.78
1 1 3 67.454 67.454
2 2 3 67.78 68.433
1 4 3 68.106 68.106
2 3 3 68.433 69.737
1 1 3 68.759 68.759
1 4 3 69.085 69.085
1 2 3 69.411 69.411
2 1 3 69.737 70.389
1 4 3 70.063 70.063
2 2 3 70.389 71.041
1 3 3 70.715 70.715
2 4 3 71.041 72.346
1 1 3 71.367 71.367
1 3 3 71.693 71.693
1 1 3 72.02 72.02
2 2 3 72.346 72.998
1 4 3 72.672 72.672
2 3 3 72.998 73.65
1 2 3 73.324 73.324
2 1 3 73.65 74.628
1 4 3 73.976 73.976
1 3 3 74.302 74.302
1 2 3 74.628 74.628
2 4 3 74.954 75.28
2 1 3 75.28 75.606
2 3 3 75.606 76.259
1 2 3 75.606 75.606
1 4 3 76.259 76.259
2 1 3 76.259 76.585
2 2 3 76.585 76.911
1 4 3 76.911 76.911
2 3 3 76.911 77.237
2 1 3 77.237 77.563
2 4 3 77.563 77.889
2 3 3 77.889 78.215
2 2 3 78.215 78.541
1 1 3 78.215 78.215
2 4 3 78.541 78.867
2 1 3 78.867 79.193
2 3 3 79.193 79.52
2 2 3 79.52 79.846
1 4 3 79.52 79.52
2 1 3 79.846 80.172
2 4 3 80.172 80.498
1 2 3 80.498 80.498
1 3 3 80.661 80.661
1 4 3 80.824 80.824
2 1 3 80.824 81.476
2 2 3 81.15 81.476
2 4 3 81.476 81.802
2 3 3 81.802 82.128
2 2 3 82.128 82.454
1 1 3 82.128 82.128
2 4 3 82.454 82.78
2 1 3 82.78 83.106
2 2 3 83.106 83.433
2 3 3 83.433 83.759
1 4 3 83.433 83.433
2 1 3 83.759 84.085
2 4 3 84.085 84.411
2 2 3 84.411 84.737
2 3 3 84.737 85.063
1 1 3 84.737 84.737
2 4 3 85.063 85.389
2 1 3 85.389 85.715
1 3 3 85.715 85.715
1 2 3 85.878 85.878
2 4 3 86.041 86.693
1 1 3 86.041 86.041
2 3 3 86.367 86.693
2 1 3 86.693 87.346
1 2 3 86.693 86.693
2 4 3 87.02 87.346
1 2 3 87.346 87.346
1 3 3 87.346 87.346
2 2 3 87.672 87.998
2 4 3 87.998 88.65
2 3 3 88.324 88.65
1 2 3 88.65 88.65
1 1 3 88.65 88.65
2 1 3 88.976 89.302
2 3 3 89.302 89.954
2 2 3 89.628 89.954
1 1 3 89.954 89.954
2 4 3 89.954 90.28
1 3 3 90.28 90.28
2 2 3 90.606 90.933
2 1 3 90.606 90.933
1 4 3 90.933 90.933
1 3 3 91.096 91.096
2 2 3 91.259 91.585
2 1 3 91.259 91.585
2 3 3 91.585 91.911
2 1 3 91.911 92.563
2 4 3 92.237 92.563
1 2 3 92.563 92.563
1 3 3 92.563 92.563
2 2 3 92.889 93.215
2 4 3 93.215 93.867
2 1 3 93.541 93.867
1 2 3 93.867 93.867
1 3 3 93.867 93.867
2 3 3 94.193 94.52
2 1 3 94.52 95.172
2 2 3 94.846 95.172
2 4 3 95.172 95.498
1 3 3 95.172 95.172
2 1 3 95.498 95.824
1 3 3 95.824 95.824
1 4 3 96.15 96.15
1 2 3 96.476 96.476
1 1 3 96.802 96.802
1 3 3 97.128 97.128
2 4 3 97.128 97.78
1 2 3 97.454 97.454
1 3 3 97.78 97.78
1 1 3 97.78 97.78
1 4 3 98.106 98.106
2 1 3 98.433 99.085
1 2 3 98.759 98.759
1 3 3 99.085 99.085
1 4 3 99.085 99.085
1 2 3 99.411 99.411
2 3 3 99.737 100.389
1 4 3 100.063 100.063
1 2 3 100.389 100.389
1 1 3 100.389 100.389
1 4 3 100.715 100.715
2 1 3 101.041 101.693
1 2 3 101.367 101.367
2 4 3 101.693 102.346
1 3 3 101.693 101.693
1 1 3 102.02 102.02
2 3 3 102.346 102.998
1 2 3 102.672 102.672
1 1 3 102.998 102.998
1 4 3 102.998 102.998
1 3 3 103.324 103.324
2 2 3 103.65 104.302
1 3 3 103.976 103.976
1 1 3 104.302 104.302
1 4 3 104.302 104.302
1 2 3 104.628 104.628
1 3 3 104.954 104.954
2 4 3 104.954 106.259
1 2 3 106.259 106.259
1 3 3 106.422 106.422
1 2 3 106.585 106.585
1 3 3 106.748 106.748
2 1 3 106.911 107.563
2 4 3 106.911 107.237
2 2 3 107.237 107.563
2 4 3 107.563 107.889
1 3 3 107.563 107.563
2 1 3 107.889 108.215
2 2 3 107.889 108.215
1 3 3 108.215 108.215
1 4 3 108.215 108.215
2 3 3 108.541 108.867
1 2 3 108.867 108.867
2 1 3 108.867 109.193
2 3 3 109.193 109.52
2 4 3 109.193 109.52
1 2 3 109.52 109.52
1 1 3 109.52 109.52
2 2 3 109.846 110.172
2 4 3 110.172 110.498
2 1 3 110.498 110.824
2 2 3 110.498 110.824
1 3 3 110.824 110.824
1 4 3 110.824 110.824
2 3 3 111.15 111.476
2 1 3 111.476 111.802
2 4 3 111.802 112.128
1 3 3 111.965 111.965
1 1 3 112.128 112.128
2 2 3 112.128 112.78
2 3 3 112.454 112.78
2 1 3 112.78 113.106
2 3 3 113.106 113.433
2 4 3 113.106 113.433
1 1 3 113.433 113.433
1 2 3 113.433 113.433
2 2 3 113.759 114.085
2 4 3 114.085 114.411
2 1 3 114.411 114.737
2 2 3 114.411 114.737
1 3 3 114.737 114.737
1 4 3 114.737 114.737
2 3 3 115.063 115.389
2 1 3 115.389 115.715
2 3 3 115.715 116.041
2 4 3 115.715 116.041
1 2 3 116.041 116.041
1 1 3 116.041 116.041
2 2 3 116.367 116.693
2 4 3 116.693 117.02
2 1 3 117.02 117.346
1 2 3 117.183 117.183
2 3 3 117.346 117.998
2 2 3 117.672 117.998
1 1 3 117.998 117.998
1 4 3 117.998 117.998
1 3 3 118.161 118.161
2 2 3 118.324 118.65
1 1 3 118.65 118.65
2 4 3 118.65 119.302
2 3 3 118.976 119.302
2 2 3 119.302 119.628
2 4 3 119.628 119.954
2 1 3 119.954 120.606
1 3 3 119.954 119.954
2 2 3 120.28 120.606
2 3 3 120.606 120.933
2 1 3 120.933 121.259
1 2 3 121.259 121.259
2 4 3 121.259 121.585
1 3 3 121.585 121.585
2 1 3 121.911 122.237
2 2 3 121.911 122.237
1 4 3 122.237 122.237
1 3 3 122.4 122.4
2 1 3 122.563 122.889
2 2 3 122.563 122.889
2 4 3 122.889 123.215
2 2 3 123.215 123.541
2 3 3 123.541 123.867
1 4 3 123.867 123.867
2 1 3 123.867 124.52
2 2 3 124.193 124.52
2 4 3 124.52 124.846
2 1 3 124.846 125.172
1 4 3 125.172 125.172
2 3 3 125.172 125.824
2 2 3 125.498 125.824
2 1 3 125.824 126.15
2 4 3 126.15 126.476
2 2 3 126.476 126.802
1 3 3 126.476 126.476
2 4 3 126.802 127.128
1 1 3 127.128 127.128
1 2 3 127.454 127.454
1 4 3 127.78 127.78
1 3 3 128.106 128.106
2 1 3 128.433 129.737
1 2 3 129.085 129.085
2 4 3 129.737 130.063
1 2 3 130.063 130.063
1 3 3 130.226 130.226
2 1 3 130.389 130.715
2 4 3 130.715 131.041
