1 1 3 1.25 1.25
1 2 3 1.5 1.5
1 3 3 1.75 1.75
2 4 3 2 2.25
2 2 3 2.5 2.75
2 3 3 3 3.5
1 1 3 3.5 3.5
1 2 3 4 4
1 3 3 4.25 4.25
1 4 3 4.5 4.5
1 1 3 4.75 4.75
1 2 3 5 5
1 3 3 5.5 5.5
1 1 3 5.75 5.75
2 4 3 6 6.25
2 3 3 6.5 6.75
2 1 3 7 7.25
2 2 3 7.5 7.75
2 4 3 8 8.25
2 3 3 8.5 8.75
2 2 3 9 9.25
1 1 3 9.25 9.25
1 3 3 9.5 9.5
1 2 3 9.75 9.75
2 4 3 10 10.25
2 2 3 10.5 10.75
2 3 3 11 11.5
1 1 3 11.5 11.5
1 2 3 12 12
1 3 3 12.25 12.25
1 4 3 12.5 12.5
1 1 3 12.75 12.75
2 2 3 13 13.5
1 4 3 13.5 13.5
1 1 3 13.75 13.75
2 3 3 14 14.25
2 2 3 14.5 14.75
2 4 3 15 15.25
2 1 3 15.5 15.75
2 4 3 16 16.25
2 3 3 16.5 16.75
2 2 3 17 17.5
2 1 3 17.5 18
1 3 3 18 18
1 4 3 18 18
1 2 3 18.5 18.5
2 3 3 19 20.5
1 1 3 19.5 19.5
1 2 3 20 20
2 4 3 20.5 20.75
2 2 3 20.75 21
1 1 3 21 21
1 2 3 21.25 21.25
1 4 3 21.5 21.5
1 3 3 21.75 21.75
1 2 3 22 22
2 1 3 22.5 23.5
1 3 3 23 23
2 4 3 23.5 23.75
2 2 3 23.75 24
2 4 3 24 24.25
2 2 3 24.25 24.5
1 3 3 24.5 24.5
1 4 3 25 25
1 3 3 25.25 25.25
1 1 3 25.5 25.5
1 2 3 25.75 25.75
1 3 3 26 26
1 4 3 26 26
1 1 3 26.5 26.5
2 4 3 27 28
1 1 3 27.5 27.5
2 3 3 28 28.5
1 1 3 28.25 28.25
2 2 3 28.5 28.75
2 4 3 28.75 29
1 1 3 29 29
1 2 3 29.25 29.25
1 4 3 29.5 29.5
1 3 3 29.75 29.75
1 2 3 30 30
2 1 3 30.5 31
2 4 3 31 31.25
2 2 3 31.25 31.5
2 4 3 31.5 31.75
2 1 3 31.75 32
2 3 3 32 32.5
2 4 3 32.5 33
2 1 3 33 33.5
1 2 3 33.5 33.5
1 3 3 34 34
1 2 3 34.5 34.5
1 3 3 35 35
1 2 3 35.25 35.25
1 4 3 35.5 35.5
1 1 3 35.75 35.75
1 3 3 36 36
1 2 3 36.25 36.25
1 3 3 36.75 36.75
1 1 3 37 37
1 4 3 37.25 37.25
1 2 3 37.5 37.5
2 3 3 38 38.5
1 2 3 38.5 38.5
1 4 3 39 39
1 2 3 39.25 39.25
1 3 3 39.5 39.5
1 4 3 39.75 39.75
1 1 3 40 40
1 2 3 40.25 40.25
1 4 3 40.75 40.75
1 1 3 41 41
1 2 3 41.25 41.25
2 4 3 41.5 41.75
2 3 3 41.75 42
1 1 3 42 42
1 2 3 42.5 42.5
1 4 3 43 43
1 3 3 43.25 43.25
1 2 3 43.5 43.5
1 3 3 44 44
1 1 3 44.5 44.5
1 2 3 44.75 44.75
1 4 3 45 45
1 3 3 45.25 45.25
1 2 3 45.5 45.5
1 4 3 46 46
1 3 3 46.25 46.25
1 1 3 46.5 46.5
1 4 3 47 47
1 1 3 47.25 47.25
1 2 3 47.5 47.5
2 3 3 47.75 48.5
1 1 3 48.5 48.5
1 4 3 48.75 48.75
1 2 3 49 49
1 3 3 49.25 49.25
1 3 3 49.5 49.5
1 4 3 49.5 49.5
1 2 3 50 50
1 4 3 50.25 50.25
1 3 3 50.375 50.375
1 1 3 50.5 50.5
1 2 3 50.625 50.625
1 3 3 50.75 50.75
1 1 3 51 51
1 2 3 51.125 51.125
1 4 3 51.25 51.25
1 3 3 51.375 51.375
1 2 3 51.5 51.5
2 3 3 51.75 52
2 4 3 52 52.25
1 1 3 52.25 52.25
1 2 3 52.375 52.375
1 4 3 52.5 52.5
1 3 3 52.625 52.625
1 2 3 52.75 52.75
1 4 3 53 53
1 3 3 53.125 53.125
1 1 3 53.25 53.25
1 2 3 53.375 53.375
1 3 3 53.5 53.5
2 4 3 53.75 54
2 2 3 54 54.25
1 4 3 54.25 54.25
1 3 3 54.375 54.375
1 1 3 54.5 54.5
1 2 3 54.625 54.625
1 3 3 54.75 54.75
1 1 3 55 55
1 2 3 55.125 55.125
1 4 3 55.25 55.25
1 3 3 55.375 55.375
1 2 3 55.5 55.5
2 4 3 55.75 56
2 1 3 56 56.25
2 3 3 56.25 56.5
2 2 3 56.5 56.75
2 3 3 56.75 57
2 1 3 57 57.25
2 3 3 57.25 57.5
2 2 3 57.5 57.75
2 3 3 57.75 58
2 1 3 58 58.25
1 2 3 58.25 58.25
1 3 3 58.375 58.375
1 4 3 58.5 58.5
1 1 3 58.625 58.625
1 2 3 58.75 58.75
1 3 3 59 59
1 2 3 59.125 59.125
1 1 3 59.25 59.25
1 4 3 59.375 59.375
1 3 3 59.5 59.5
2 1 3 59.75 60
2 4 3 60 60.25
1 3 3 60.25 60.25
1 2 3 60.375 60.375
1 1 3 60.5 60.5
1 4 3 60.625 60.625
1 3 3 60.75 60.75
1 2 3 61 61
1 3 3 61.125 61.125
1 4 3 61.25 61.25
1 1 3 61.375 61.375
1 2 3 61.5 61.5
2 3 3 61.75 62
2 1 3 62 62.25
1 2 3 62.25 62.25
1 3 3 62.375 62.375
1 4 3 62.5 62.5
1 1 3 62.625 62.625
1 2 3 62.75 62.75
1 3 3 63 63
1 2 3 63.125 63.125
1 1 3 63.25 63.25
1 4 3 63.375 63.375
1 3 3 63.5 63.5
1 2 3 63.75 63.75
2 4 3 64 64.75
1 3 3 64.75 64.75
1 1 3 65.25 65.25
1 2 3 65.5 65.5
1 3 3 65.75 65.75
1 1 3 66 66
2 4 3 66 66.25
2 2 3 66.5 66.75
1 3 3 66.5 66.5
2 3 3 67 67.5
1 1 3 67.5 67.5
1 2 3 67.5 67.5
1 4 3 68 68
1 3 3 68.25 68.25
1 2 3 68.5 68.5
1 1 3 68.75 68.75
2 4 3 69 69.25
1 1 3 69.5 69.5
1 3 3 69.75 69.75
2 2 3 70 70.25
1 3 3 70.5 70.5
2 4 3 70.5 70.75
2 1 3 71 71.25
1 2 3 71.5 71.5
2 3 3 71.5 71.75
2 2 3 72 72.25
1 1 3 72.5 72.5
2 3 3 72.5 72.75
2 4 3 73 73.25
1 1 3 73.25 73.25
1 3 3 73.5 73.5
1 2 3 73.75 73.75
1 1 3 74 74
2 4 3 74 74.25
2 2 3 74.5 74.75
1 3 3 74.5 74.5
2 3 3 75 75.5
1 2 3 75.5 75.5
1 1 3 75.5 75.5
1 4 3 76 76
1 3 3 76.25 76.25
1 2 3 76.5 76.5
1 1 3 76.75 76.75
2 4 3 77 77.5
1 2 3 77.5 77.5
1 3 3 77.75 77.75
2 1 3 78 78.25
1 3 3 78.5 78.5
2 4 3 78.5 78.75
2 2 3 79 79.25
1 2 3 79.5 79.5
2 3 3 79.5 79.75
2 1 3 80 80.25
2 2 3 80.5 80.75
1 3 3 80.5 80.5
1 4 3 81 81
1 4 3 81.25 81.25
1 1 3 81.5 81.5
1 3 3 81.625 81.625
1 2 3 81.75 81.75
2 1 3 82 82.5
1 4 3 82.5 82.5
1 2 3 83 83
1 3 3 83.25 83.25
1 2 3 83.5 83.5
1 4 3 83.75 83.75
1 2 3 84 84
1 3 3 84.25 84.25
1 4 3 84.5 84.5
1 3 3 84.75 84.75
1 2 3 85 85
1 4 3 85.25 85.25
1 1 3 85.5 85.5
1 3 3 85.75 85.75
1 2 3 86 86
1 4 3 86.25 86.25
1 2 3 86.5 86.5
1 4 3 86.75 86.75
1 2 3 87 87
1 3 3 87.25 87.25
1 1 3 87.5 87.5
1 2 3 87.75 87.75
1 3 3 88 88
1 1 3 88.25 88.25
1 3 3 88.5 88.5
1 1 3 88.75 88.75
1 4 3 89 89
1 3 3 89.25 89.25
1 2 3 89.5 89.5
1 1 3 89.75 89.75
2 4 3 90 90.5
1 3 3 90.5 90.5
1 2 3 91 91
1 3 3 91.25 91.25
1 2 3 91.5 91.5
1 4 3 91.75 91.75
1 1 3 92 92
1 2 3 92.25 92.25
1 3 3 92.5 92.5
1 4 3 92.75 92.75
2 1 3 93 93.5
1 3 3 93.5 93.5
1 2 3 93.75 93.75
1 1 3 94 94
1 3 3 94.25 94.25
1 4 3 94.5 94.5
1 2 3 94.75 94.75
2 3 3 95 95.5
1 1 3 95.5 95.5
1 4 3 95.75 95.75
2 2 3 96 97
2 4 3 97.5 98
1 1 3 98 98
1 3 3 98.5 98.5
1 2 3 98.75 98.75
1 1 3 99 99
1 4 3 99.25 99.25
1 3 3 99.375 99.375
1 2 3 99.5 99.5
1 1 3 99.75 99.75
1 2 3 99.875 99.875
2 3 3 100 100.5
1 1 3 100.5 100.5
2 4 3 100.75 101.25
1 2 3 101.25 101.25
1 3 3 101.625 101.625
2 1 3 102 102.5
1 4 3 102.5 102.5
1 2 3 102.75 102.75
1 3 3 103 103
2 4 3 103.25 103.5
1 1 3 103.5 103.5
1 2 3 103.75 103.75
2 3 3 104 104.5
1 1 3 104.5 104.5
1 2 3 104.75 104.75
2 4 3 105 105.25
2 3 3 105.25 105.5
2 2 3 105.5 105.75
2 1 3 105.75 106
2 3 3 106 106.5
1 2 3 106.5 106.5
2 4 3 106.75 107.25
1 1 3 107.25 107.25
1 2 3 107.375 107.375
1 3 3 107.5 107.5
1 4 3 107.75 107.75
1 3 3 107.875 107.875
2 2 3 108 108.5
1 1 3 108.5 108.5
2 3 3 108.75 109.25
1 1 3 109.25 109.25
1 2 3 109.375 109.375
1 4 3 109.5 109.5
1 3 3 109.625 109.625
1 2 3 109.75 109.75
2 1 3 110 110.5
1 4 3 110.5 110.5
2 2 3 110.75 111.25
2 3 3 111.25 111.75
1 1 3 111.75 111.75
2 4 3 112 112.5
1 3 3 112.5 112.5
1 2 3 112.75 112.75
2 1 3 113.25 113.75
1 4 3 113.75 113.75
1 3 3 113.875 113.875
1 2 3 114 114
1 3 3 114.25 114.25
1 4 3 114.5 114.5
1 1 3 115 115
1 3 3 115.25 115.25
1 2 3 115.5 115.5
1 1 3 115.75 115.75
1 4 3 116 116
1 2 3 116.25 116.25
1 2 3 116.75 116.75
1 4 3 117 117
1 3 3 117.25 117.25
1 1 3 117.5 117.5
1 2 3 117.75 117.75
2 3 3 118 118.5
1 1 3 118.5 118.5
1 4 3 119 119
1 2 3 119.25 119.25
1 3 3 119.5 119.5
1 1 3 119.75 119.75
1 4 3 120 120
1 2 3 120.25 120.25
1 3 3 120.5 120.5
1 1 3 120.75 120.75
1 2 3 121 121
1 4 3 121.25 121.25
1 3 3 121.5 121.5
2 1 3 122 122.5
1 4 3 122.5 122.5
1 2 3 123 123
1 3 3 123.25 123.25
1 1 3 123.5 123.5
1 2 3 123.75 123.75
1 4 3 124 124
1 2 3 124.25 124.25
1 3 3 124.75 124.75
1 1 3 125 125
1 2 3 125.25 125.25
1 3 3 125.5 125.5
1 1 3 125.75 125.75
2 4 3 126 126.5
1 3 3 126.5 126.5
1 1 3 127 127
1 3 3 127.25 127.25
1 2 3 127.5 127.5
1 4 3 128 128
2 1 3 128.25 128.5
2 2 3 128.5 128.75
2 3 3 128.75 129
1 4 3 129 129
1 1 3 129.125 129.125
2 2 3 129.25 129.5
2 3 3 129.5 129.75
2 4 3 129.75 130
1 1 3 130 130
2 2 3 130 130.25
2 3 3 130.5 130.75
1 4 3 130.5 130.5
2 1 3 131 131.5
1 3 3 131.5 131.5
1 4 3 131.5 131.5
2 2 3 132 132.25
2 3 3 132.25 132.5
2 1 3 132.5 132.75
2 4 3 132.75 133
2 2 3 133 133.25
2 3 3 133.5 133.75
2 1 3 133.75 134
2 2 3 134 134.25
1 3 3 134.5 134.5
2 4 3 134.5 134.75
2 1 3 135 135.25
1 2 3 135.5 135.5
2 3 3 135.5 135.75
2 2 3 136 136.25
1 3 3 136.5 136.5
2 4 3 136.5 136.75
2 1 3 137 137.25
2 4 3 137.25 137.5
2 2 3 137.5 137.75
2 3 3 137.75 138
2 1 3 138 138.25
1 4 3 138 138
2 3 3 138.5 138.75
1 4 3 138.5 138.5
2 2 3 139 139.5
1 3 3 139.5 139.5
1 4 3 139.5 139.5
2 1 3 140 140.25
2 3 3 140.25 140.5
2 2 3 140.5 140.75
2 4 3 140.75 141
2 1 3 141 141.5
2 3 3 141.5 141.75
2 2 3 141.75 142
2 4 3 142 142.25
2 1 3 142.5 142.75
1 2 3 142.5 142.5
2 3 3 143 143.25
2 2 3 143.5 143.75
1 3 3 143.5 143.5
2 4 3 144 144.25
1 1 3 144.5 144.5
2 3 3 144.5 144.75
2 2 3 145 145.25
1 4 3 145.25 145.25
1 4 3 145.5 145.5
1 1 3 145.75 145.75
2 1 3 146 146.25
1 3 3 146 146
2 1 3 146.5 146.75
1 4 3 146.5 146.5
2 3 3 147 147.5
1 1 3 147.5 147.5
1 2 3 147.5 147.5
2 4 3 148 148.25
2 3 3 148.25 148.5
2 1 3 148.5 148.75
2 2 3 148.75 149
2 3 3 149 149.25
2 1 3 149.5 149.75
2 4 3 149.75 150
2 1 3 150 150.5
2 2 3 150 150.5
2 3 3 150.5 151
2 4 3 150.5 151
2 1 3 151 151.5
2 2 3 151 151.5
2 3 3 151.5 152
2 4 3 151.5 152
2 1 3 152 152.5
2 3 3 152.5 153
1 4 3 152.5 152.5
2 2 3 153 153.5
2 4 3 153.25 153.5
2 1 3 153.5 153.75
2 3 3 153.75 154
2 2 3 154 154.25
1 4 3 154 154
1 1 3 154.5 154.5
2 2 3 154.5 154.75
2 3 3 155 155.5
1 4 3 155.5 155.5
1 1 3 155.5 155.5
2 4 3 156 156.25
2 2 3 156.25 156.5
2 3 3 156.5 156.75
2 1 3 156.75 157
2 4 3 157 157.25
2 2 3 157.5 157.75
2 3 3 157.75 158
2 1 3 158 158.5
2 2 3 158 158.5
2 3 3 158.5 159
2 4 3 158.5 159
2 2 3 159 159.5
2 3 3 159.5 160
1 4 3 159.5 159.5
2 1 3 160 161
1 4 3 160.5 160.5
1 3 3 161 161
2 2 3 161.25 161.5
2 3 3 161.5 161.75
2 4 3 161.75 162
2 1 3 162 162.25
1 2 3 162 162
2 1 3 162.5 162.75
1 3 3 162.5 162.5
2 3 3 163 163.5
1 4 3 163.5 163.5
1 2 3 163.5 163.5
2 1 3 164 164.25
2 2 3 164.25 164.5
2 4 3 164.5 164.75
2 3 3 164.75 165
2 2 3 165 165.25
2 1 3 165.5 165.75
2 3 3 165.75 166
2 1 3 166 166.5
2 2 3 166 166.5
2 3 3 166.5 167
2 4 3 166.5 167
2 1 3 167 167.5
2 2 3 167 167.5
2 3 3 167.5 168
2 4 3 167.5 168
2 2 3 168 168.25
1 1 3 168.5 168.5
2 3 3 168.5 168.75
2 4 3 169 169.25
1 1 3 169.25 169.25
1 3 3 169.5 169.5
1 2 3 169.75 169.75
1 1 3 170 170
2 4 3 170 170.25
2 4 3 170.5 170.75
2 2 3 171 171.5
1 3 3 171.5 171.5
1 1 3 172 172
1 2 3 172.25 172.25
1 4 3 172.5 172.5
1 3 3 172.75 172.75
1 2 3 173 173
1 1 3 173.5 173.5
1 2 3 173.75 173.75
1 3 3 174 174
1 1 3 174.5 174.5
1 4 3 175 175
