1 1 3 2.134 2.134
1 4 3 2.134 2.134
1 2 3 2.301 2.301
1 3 3 2.468 2.468
1 1 3 2.634 2.634
1 4 3 2.801 2.801
1 2 3 2.968 2.968
1 3 3 3.134 3.134
1 4 3 3.134 3.134
1 1 3 3.468 3.468
1 2 3 4.134 4.134
1 4 3 4.134 4.134
1 3 3 4.301 4.301
1 1 3 4.468 4.468
1 4 3 4.634 4.634
1 2 3 4.801 4.801
1 3 3 4.968 4.968
1 1 3 5.134 5.134
1 4 3 5.134 5.134
2 3 3 5.468 6.134
2 2 3 5.801 6.134
1 1 3 6.134 6.134
1 4 3 6.134 6.134
1 4 3 6.468 6.468
1 2 3 6.634 6.634
1 3 3 6.801 6.801
1 4 3 6.968 6.968
1 1 3 7.134 7.134
1 2 3 7.134 7.134
1 4 3 7.468 7.468
1 3 3 7.634 7.634
1 1 3 7.801 7.801
1 2 3 7.968 7.968
1 3 3 8.134 8.134
1 4 3 8.134 8.134
1 1 3 8.301 8.301
1 3 3 8.468 8.468
1 2 3 8.634 8.634
1 4 3 8.801 8.801
1 2 3 8.968 8.968
1 1 3 9.134 9.134
1 3 3 9.134 9.134
1 4 3 9.301 9.301
1 2 3 9.468 9.468
1 3 3 9.634 9.634
1 2 3 9.801 9.801
1 4 3 9.968 9.968
1 1 3 10.134 10.134
2 2 3 10.134 11.134
1 3 3 10.301 10.301
1 4 3 10.468 10.468
1 1 3 10.634 10.634
1 3 3 10.801 10.801
1 4 3 10.968 10.968
2 1 3 11.134 11.468
1 3 3 11.134 11.134
2 4 3 11.134 12.134
2 2 3 11.468 12.134
2 3 3 11.801 12.134
2 1 3 12.134 13.134
1 3 3 12.301 12.301
1 4 3 12.468 12.468
1 2 3 12.634 12.634
1 4 3 12.801 12.801
1 2 3 12.968 12.968
2 3 3 13.134 13.468
2 4 3 13.134 14.134
2 2 3 13.468 14.134
2 1 3 13.801 14.134
1 3 3 14.134 14.134
1 1 3 14.468 14.468
1 4 3 14.634 14.634
1 3 3 14.801 14.801
1 2 3 14.968 14.968
1 1 3 15.134 15.134
1 4 3 15.134 15.134
1 1 3 15.468 15.468
1 4 3 15.634 15.634
1 3 3 15.801 15.801
1 2 3 15.968 15.968
1 3 3 16.134 16.134
1 4 3 16.134 16.134
1 1 3 16.301 16.301
1 3 3 16.468 16.468
1 2 3 16.634 16.634
1 3 3 16.801 16.801
1 2 3 16.968 16.968
1 4 3 17.134 17.134
1 3 3 17.301 17.301
1 1 3 17.468 17.468
1 3 3 17.634 17.634
1 1 3 17.801 17.801
2 4 3 17.801 18.134
1 3 3 17.968 17.968
2 2 3 18.134 19.134
1 1 3 18.468 18.468
1 4 3 18.634 18.634
2 1 3 18.801 19.134
1 3 3 18.801 18.801
1 3 3 19.134 19.134
2 4 3 19.134 19.801
1 2 3 19.468 19.468
2 3 3 19.468 19.801
1 1 3 19.801 19.801
1 2 3 19.801 19.801
1 2 3 19.968 19.968
1 1 3 20.134 20.134
1 4 3 20.134 20.134
1 3 3 20.468 20.468
1 4 3 20.468 20.468
1 1 3 20.634 20.634
1 2 3 20.801 20.801
2 3 3 20.801 21.468
1 1 3 21.134 21.134
2 4 3 21.134 21.468
2 2 3 21.468 22.134
2 1 3 21.801 22.134
1 3 3 21.801 21.801
1 3 3 22.134 22.134
1 4 3 22.134 22.134
2 4 3 22.801 23.468
1 2 3 23.134 23.134
2 3 3 23.134 23.468
1 1 3 23.468 23.468
1 2 3 23.634 23.634
1 4 3 23.634 23.634
1 1 3 23.801 23.801
1 4 3 23.968 23.968
1 1 3 24.134 24.134
1 2 3 24.134 24.134
1 4 3 24.301 24.301
1 3 3 24.468 24.468
1 1 3 24.634 24.634
1 3 3 24.801 24.801
1 4 3 24.801 24.801
1 2 3 24.968 24.968
1 1 3 25.134 25.134
1 3 3 25.134 25.134
1 4 3 25.301 25.301
1 2 3 25.468 25.468
1 1 3 25.634 25.634
1 2 3 25.801 25.801
1 3 3 25.801 25.801
1 4 3 25.968 25.968
1 1 3 26.134 26.134
1 2 3 26.134 26.134
1 3 3 26.301 26.301
1 1 3 26.468 26.468
1 4 3 26.468 26.468
1 3 3 26.634 26.634
1 1 3 26.801 26.801
1 2 3 26.801 26.801
1 3 3 26.968 26.968
1 1 3 27.134 27.134
2 4 3 27.134 27.801
1 2 3 27.468 27.468
2 3 3 27.468 27.801
1 1 3 27.801 27.801
1 2 3 27.801 27.801
1 4 3 27.968 27.968
1 2 3 28.134 28.134
1 3 3 28.134 28.134
1 1 3 28.468 28.468
1 2 3 28.468 28.468
1 4 3 28.634 28.634
1 2 3 28.801 28.801
1 3 3 28.801 28.801
1 1 3 28.968 28.968
2 1 3 29.134 29.801
1 3 3 29.134 29.134
2 2 3 29.468 29.801
1 3 3 29.468 29.468
1 3 3 29.801 29.801
1 4 3 29.801 29.801
1 2 3 29.968 29.968
1 3 3 30.134 30.134
2 4 3 30.134 30.801
1 2 3 30.468 30.468
2 3 3 30.468 30.801
1 1 3 30.634 30.634
1 2 3 30.801 30.801
1 1 3 30.968 30.968
2 2 3 31.134 31.801
1 3 3 31.134 31.134
2 3 3 31.468 31.801
1 4 3 31.468 31.468
1 1 3 31.634 31.634
1 4 3 31.801 31.801
1 1 3 31.968 31.968
1 3 3 32.134 32.134
1 4 3 32.134 32.134
1 2 3 32.301 32.301
1 3 3 32.468 32.468
1 4 3 32.468 32.468
1 1 3 32.634 32.634
1 1 3 32.801 32.801
1 2 3 32.801 32.801
1 3 3 32.968 32.968
1 1 3 33.134 33.134
1 2 3 33.134 33.134
1 1 3 33.301 33.301
1 2 3 33.384 33.384
1 3 3 33.468 33.468
1 4 3 33.468 33.468
1 4 3 33.634 33.634
1 3 3 33.718 33.718
1 1 3 33.801 33.801
1 2 3 33.801 33.801
1 1 3 33.968 33.968
2 3 3 34.134 35.134
1 4 3 34.134 34.134
1 2 3 34.301 34.301
1 1 3 34.468 34.468
1 2 3 34.634 34.634
1 4 3 34.801 34.801
1 2 3 34.968 34.968
1 1 3 35.051 35.051
2 2 3 35.134 36.134
1 4 3 35.134 35.134
1 3 3 35.301 35.301
1 1 3 35.468 35.468
1 3 3 35.634 35.634
1 1 3 35.801 35.801
1 4 3 35.801 35.801
1 3 3 35.968 35.968
1 4 3 36.051 36.051
1 1 3 36.134 36.134
2 3 3 36.134 37.134
1 2 3 36.301 36.301
1 1 3 36.468 36.468
1 4 3 36.468 36.468
1 2 3 36.634 36.634
1 1 3 36.801 36.801
1 4 3 36.801 36.801
1 2 3 36.968 36.968
2 1 3 37.134 38.134
1 4 3 37.134 37.134
1 3 3 37.301 37.301
1 2 3 37.468 37.468
1 4 3 37.634 37.634
1 3 3 37.718 37.718
1 2 3 37.801 37.801
1 4 3 37.968 37.968
2 2 3 38.134 39.134
1 3 3 38.134 38.134
1 1 3 38.301 38.301
1 3 3 38.384 38.384
1 4 3 38.468 38.468
1 1 3 38.634 38.634
1 3 3 38.801 38.801
1 4 3 38.968 38.968
2 1 3 39.134 40.134
1 3 3 39.134 39.134
1 4 3 39.301 39.301
1 2 3 39.468 39.468
1 3 3 39.634 39.634
1 4 3 39.801 39.801
1 2 3 39.968 39.968
1 3 3 40.134 40.134
2 4 3 40.134 41.134
1 1 3 40.301 40.301
1 2 3 40.468 40.468
1 3 3 40.634 40.634
1 1 3 40.801 40.801
1 2 3 40.884 40.884
1 1 3 40.968 40.968
1 2 3 41.051 41.051
2 1 3 41.134 42.134
1 3 3 41.134 41.134
1 2 3 41.301 41.301
1 4 3 41.468 41.468
1 2 3 41.634 41.634
1 4 3 41.801 41.801
1 2 3 41.968 41.968
1 3 3 42.051 42.051
1 2 3 42.134 42.134
1 4 3 42.134 42.134
1 3 3 42.301 42.301
1 1 3 42.468 42.468
1 4 3 42.468 42.468
1 2 3 42.551 42.551
1 3 3 42.634 42.634
1 4 3 42.718 42.718
1 1 3 42.801 42.801
1 2 3 42.801 42.801
1 1 3 42.968 42.968
1 3 3 42.968 42.968
1 2 3 43.134 43.134
1 3 3 43.134 43.134
1 4 3 43.134 43.134
1 1 3 43.301 43.301
1 4 3 43.468 43.468
1 3 3 43.551 43.551
1 1 3 43.634 43.634
1 2 3 43.718 43.718
1 3 3 43.801 43.801
1 4 3 43.801 43.801
1 1 3 43.968 43.968
1 2 3 43.968 43.968
1 2 3 44.134 44.134
1 3 3 44.134 44.134
1 4 3 44.134 44.134
1 1 3 44.301 44.301
1 2 3 44.384 44.384
1 3 3 44.468 44.468
1 4 3 44.551 44.551
1 1 3 44.634 44.634
1 2 3 44.718 44.718
1 1 3 44.801 44.801
1 4 3 44.801 44.801
1 3 3 44.884 44.884
1 2 3 44.968 44.968
1 4 3 44.968 44.968
1 1 3 45.051 45.051
1 2 3 45.134 45.134
1 4 3 45.134 45.134
1 3 3 45.218 45.218
1 2 3 45.301 45.301
1 1 3 45.384 45.384
1 3 3 45.468 45.468
1 4 3 45.468 45.468
1 2 3 45.551 45.551
1 1 3 45.634 45.634
1 3 3 45.718 45.718
1 2 3 45.801 45.801
1 4 3 45.801 45.801
1 3 3 45.884 45.884
1 2 3 45.968 45.968
1 1 3 46.051 46.051
1 2 3 46.134 46.134
1 4 3 46.134 46.134
1 3 3 46.218 46.218
1 4 3 46.301 46.301
1 3 3 46.384 46.384
1 1 3 46.468 46.468
1 2 3 46.468 46.468
1 3 3 46.551 46.551
1 4 3 46.634 46.634
1 2 3 46.718 46.718
1 1 3 46.801 46.801
1 3 3 46.801 46.801
1 4 3 46.884 46.884
1 3 3 46.968 46.968
1 2 3 47.051 47.051
1 1 3 47.134 47.134
1 3 3 47.134 47.134
1 2 3 47.218 47.218
1 3 3 47.301 47.301
1 4 3 47.384 47.384
1 1 3 47.468 47.468
1 2 3 47.468 47.468
1 3 3 47.551 47.551
1 2 3 47.634 47.634
1 3 3 47.718 47.718
1 2 3 47.801 47.801
1 4 3 47.801 47.801
1 1 3 47.968 47.968
1 3 3 47.968 47.968
1 1 3 48.134 48.134
1 2 3 48.134 48.134
1 4 3 48.134 48.134
1 3 3 48.218 48.218
1 2 3 48.301 48.301
1 3 3 48.384 48.384
1 1 3 48.468 48.468
1 4 3 48.468 48.468
1 2 3 48.551 48.551
1 3 3 48.634 48.634
1 4 3 48.718 48.718
1 2 3 48.801 48.801
1 3 3 48.801 48.801
1 1 3 48.884 48.884
1 4 3 48.968 48.968
1 3 3 49.051 49.051
1 1 3 49.134 49.134
1 2 3 49.134 49.134
1 4 3 49.218 49.218
1 3 3 49.301 49.301
1 2 3 49.384 49.384
1 3 3 49.468 49.468
1 4 3 49.468 49.468
1 1 3 49.551 49.551
1 2 3 49.634 49.634
1 3 3 49.718 49.718
1 4 3 49.718 49.718
1 1 3 49.801 49.801
1 2 3 49.801 49.801
1 3 3 49.884 49.884
1 4 3 49.884 49.884
1 1 3 49.968 49.968
1 2 3 49.968 49.968
1 3 3 50.051 50.051
1 4 3 50.051 50.051
1 1 3 50.134 50.134
1 2 3 50.134 50.134
1 1 3 50.384 50.384
1 2 3 50.468 50.468
1 3 3 50.468 50.468
1 3 3 50.718 50.718
1 4 3 50.718 50.718
1 2 3 50.801 50.801
1 1 3 51.134 51.134
1 3 3 51.134 51.134
1 4 3 51.134 51.134
1 2 3 51.384 51.384
1 1 3 51.468 51.468
1 3 3 51.468 51.468
1 2 3 51.718 51.718
1 4 3 51.718 51.718
1 3 3 51.801 51.801
1 1 3 52.134 52.134
1 2 3 52.134 52.134
1 3 3 52.384 52.384
1 4 3 52.384 52.384
1 1 3 52.468 52.468
1 2 3 52.468 52.468
1 4 3 52.718 52.718
1 2 3 52.801 52.801
1 3 3 52.801 52.801
1 2 3 53.051 53.051
1 1 3 53.134 53.134
1 3 3 53.134 53.134
1 4 3 53.134 53.134
1 3 3 53.384 53.384
1 2 3 53.468 53.468
1 4 3 53.468 53.468
1 2 3 53.718 53.718
1 3 3 53.718 53.718
1 1 3 53.801 53.801
1 4 3 53.801 53.801
1 1 3 54.051 54.051
1 2 3 54.134 54.134
1 3 3 54.134 54.134
1 4 3 54.134 54.134
1 3 3 54.384 54.384
1 4 3 54.384 54.384
1 1 3 54.468 54.468
1 2 3 54.468 54.468
1 1 3 54.718 54.718
1 4 3 54.718 54.718
1 2 3 54.801 54.801
1 3 3 54.801 54.801
1 4 3 55.051 55.051
1 1 3 55.134 55.134
1 2 3 55.134 55.134
1 3 3 55.134 55.134
1 2 3 55.384 55.384
1 4 3 55.384 55.384
1 1 3 55.468 55.468
1 3 3 55.468 55.468
1 1 3 55.718 55.718
1 3 3 55.718 55.718
1 2 3 55.801 55.801
1 4 3 55.801 55.801
1 3 3 56.051 56.051
1 1 3 56.134 56.134
1 2 3 56.134 56.134
1 4 3 56.134 56.134
1 4 3 56.384 56.384
1 2 3 56.468 56.468
1 3 3 56.468 56.468
1 1 3 56.572 56.572
1 4 3 56.676 56.676
1 2 3 56.801 56.801
1 3 3 56.801 56.801
1 4 3 56.926 56.926
1 3 3 57.03 57.03
1 1 3 57.134 57.134
1 2 3 57.134 57.134
1 4 3 57.134 57.134
1 2 3 57.364 57.364
1 3 3 57.468 57.468
1 4 3 57.468 57.468
1 1 3 57.593 57.593
1 4 3 57.697 57.697
1 2 3 57.801 57.801
1 3 3 57.801 57.801
1 1 3 57.926 57.926
1 4 3 58.03 58.03
1 2 3 58.134 58.134
1 3 3 58.134 58.134
2 4 3 58.468 58.551
2 1 3 58.801 58.884
2 2 3 59.134 59.218
1 4 3 59.134 59.134
2 3 3 59.801 59.884
2 1 3 60.134 60.218
1 2 3 60.134 60.134
2 4 3 60.468 60.551
2 3 3 60.801 60.884
2 1 3 61.134 61.218
1 4 3 61.134 61.134
2 2 3 61.801 61.884
2 3 3 62.134 62.218
2 4 3 62.134 63.134
2 3 3 62.468 63.134
2 2 3 62.801 63.968
2 1 3 63.134 63.968
2 3 3 63.468 63.968
2 4 3 63.801 63.968
1 3 3 64.134 64.134
1 4 3 64.134 64.134
1 2 3 64.218 64.218
1 1 3 64.301 64.301
1 3 3 64.384 64.384
1 4 3 64.468 64.468
1 3 3 64.551 64.551
1 2 3 64.634 64.634
1 1 3 64.718 64.718
1 2 3 64.801 64.801
1 3 3 64.801 64.801
1 4 3 64.884 64.884
1 1 3 64.968 64.968
1 2 3 65.051 65.051
1 1 3 65.134 65.134
1 4 3 65.134 65.134
1 3 3 65.218 65.218
1 2 3 65.301 65.301
1 1 3 65.384 65.384
1 3 3 65.468 65.468
1 4 3 65.551 65.551
1 1 3 65.634 65.634
1 2 3 65.718 65.718
1 3 3 65.801 65.801
1 4 3 65.801 65.801
1 1 3 65.884 65.884
1 2 3 65.968 65.968
1 3 3 66.051 66.051
1 2 3 66.134 66.134
1 4 3 66.134 66.134
1 3 3 66.218 66.218
1 1 3 66.301 66.301
1 2 3 66.384 66.384
1 4 3 66.468 66.468
1 3 3 66.551 66.551
1 4 3 66.634 66.634
1 3 3 66.718 66.718
1 2 3 66.801 66.801
1 1 3 66.884 66.884
1 2 3 66.968 66.968
1 1 3 67.051 67.051
1 3 3 67.134 67.134
1 2 3 67.218 67.218
1 3 3 67.301 67.301
1 1 3 67.384 67.384
1 2 3 67.468 67.468
1 4 3 67.551 67.551
1 3 3 67.634 67.634
1 2 3 67.718 67.718
1 1 3 67.801 67.801
1 3 3 67.884 67.884
1 4 3 67.968 67.968
1 2 3 68.051 68.051
1 1 3 68.134 68.134
1 3 3 68.134 68.134
1 2 3 68.301 68.301
1 4 3 68.301 68.301
1 3 3 68.468 68.468
1 1 3 68.634 68.634
1 2 3 68.634 68.634
1 4 3 68.801 68.801
1 2 3 68.968 68.968
1 1 3 69.134 69.134
1 3 3 69.134 69.134
1 4 3 69.468 69.468
1 1 3 70.134 70.134
1 4 3 70.134 70.134
1 2 3 70.301 70.301
1 3 3 70.468 70.468
1 1 3 70.634 70.634
1 4 3 70.801 70.801
1 3 3 70.968 70.968
1 1 3 71.134 71.134
1 2 3 71.134 71.134
1 4 3 71.468 71.468
1 1 3 71.801 71.801
1 2 3 72.134 72.134
1 4 3 72.134 72.134
1 3 3 72.468 72.468
1 2 3 72.634 72.634
1 3 3 72.801 72.801
1 2 3 72.968 72.968
1 1 3 73.134 73.134
1 3 3 73.134 73.134
1 1 3 73.468 73.468
1 4 3 73.634 73.634
1 1 3 73.801 73.801
1 4 3 73.968 73.968
1 2 3 74.134 74.134
1 3 3 74.134 74.134
1 1 3 74.301 74.301
1 2 3 74.468 74.468
1 4 3 74.634 74.634
1 3 3 74.801 74.801
1 1 3 74.968 74.968
1 2 3 75.134 75.134
1 4 3 75.134 75.134
1 4 3 75.801 75.801
1 3 3 75.884 75.884
1 1 3 75.968 75.968
1 2 3 76.051 76.051
1 1 3 76.134 76.134
1 3 3 76.134 76.134
1 4 3 76.134 76.134
1 4 3 76.301 76.301
1 3 3 76.384 76.384
1 1 3 76.468 76.468
1 2 3 76.468 76.468
1 4 3 76.551 76.551
1 3 3 76.634 76.634
1 1 3 76.718 76.718
1 2 3 76.801 76.801
1 3 3 76.801 76.801
1 4 3 76.884 76.884
1 1 3 76.968 76.968
1 2 3 77.051 77.051
1 3 3 77.134 77.134
1 4 3 77.134 77.134
1 1 3 77.218 77.218
1 2 3 77.301 77.301
1 4 3 77.384 77.384
1 2 3 77.468 77.468
1 3 3 77.468 77.468
1 1 3 77.551 77.551
1 4 3 77.634 77.634
1 3 3 77.718 77.718
1 1 3 77.801 77.801
1 2 3 77.801 77.801
1 4 3 77.884 77.884
1 3 3 77.968 77.968
1 1 3 78.051 78.051
1 2 3 78.051 78.051
1 3 3 78.134 78.134
1 4 3 78.134 78.134
1 1 3 78.218 78.218
1 2 3 78.301 78.301
1 4 3 78.384 78.384
1 2 3 78.468 78.468
1 3 3 78.468 78.468
1 1 3 78.551 78.551
1 4 3 78.634 78.634
1 3 3 78.718 78.718
1 1 3 78.801 78.801
1 2 3 78.801 78.801
1 4 3 78.884 78.884
1 3 3 78.968 78.968
1 1 3 79.051 79.051
1 2 3 79.051 79.051
1 3 3 79.134 79.134
1 4 3 79.134 79.134
1 1 3 79.218 79.218
1 2 3 79.301 79.301
1 4 3 79.384 79.384
1 1 3 79.468 79.468
1 3 3 79.468 79.468
1 2 3 79.551 79.551
1 4 3 79.634 79.634
1 3 3 79.718 79.718
1 1 3 79.801 79.801
1 2 3 79.801 79.801
1 4 3 79.884 79.884
1 3 3 79.968 79.968
1 1 3 80.051 80.051
1 2 3 80.134 80.134
1 3 3 80.134 80.134
1 4 3 80.218 80.218
1 1 3 80.301 80.301
1 2 3 80.384 80.384
1 1 3 80.468 80.468
1 4 3 80.468 80.468
1 3 3 80.551 80.551
1 2 3 80.634 80.634
1 3 3 80.718 80.718
1 1 3 80.801 80.801
1 4 3 80.801 80.801
1 2 3 80.884 80.884
1 3 3 80.968 80.968
1 2 3 81.051 81.051
1 1 3 81.134 81.134
1 4 3 81.134 81.134
1 3 3 81.218 81.218
1 1 3 81.301 81.301
1 2 3 81.384 81.384
1 3 3 81.468 81.468
1 4 3 81.468 81.468
1 1 3 81.551 81.551
1 2 3 81.634 81.634
1 4 3 81.718 81.718
1 2 3 81.801 81.801
1 3 3 81.801 81.801
1 1 3 81.884 81.884
1 4 3 81.884 81.884
1 3 3 81.968 81.968
1 1 3 82.051 82.051
1 2 3 82.051 82.051
1 3 3 82.134 82.134
1 4 3 82.134 82.134
1 2 3 82.218 82.218
1 1 3 82.301 82.301
1 3 3 82.384 82.384
1 4 3 82.384 82.384
1 1 3 82.468 82.468
1 2 3 82.468 82.468
1 4 3 82.551 82.551
1 3 3 82.634 82.634
1 1 3 82.718 82.718
1 2 3 82.718 82.718
1 3 3 82.801 82.801
1 4 3 82.801 82.801
1 1 3 82.884 82.884
1 2 3 82.968 82.968
1 3 3 83.051 83.051
1 4 3 83.051 83.051
1 1 3 83.134 83.134
1 2 3 83.134 83.134
1 4 3 83.218 83.218
1 3 3 83.301 83.301
1 1 3 83.384 83.384
1 2 3 83.468 83.468
1 3 3 83.468 83.468
1 4 3 83.551 83.551
1 1 3 83.634 83.634
1 2 3 83.718 83.718
1 3 3 83.801 83.801
1 4 3 83.801 83.801
1 1 3 83.884 83.884
1 4 3 83.968 83.968
1 1 3 84.051 84.051
1 2 3 84.051 84.051
1 3 3 84.134 84.134
1 4 3 84.134 84.134
1 2 3 84.218 84.218
1 1 3 84.301 84.301
1 3 3 84.384 84.384
1 2 3 84.468 84.468
1 4 3 84.468 84.468
1 3 3 84.551 84.551
1 1 3 84.634 84.634
1 2 3 84.718 84.718
1 3 3 84.801 84.801
1 4 3 84.801 84.801
1 1 3 84.884 84.884
1 2 3 84.968 84.968
1 3 3 85.051 85.051
1 4 3 85.051 85.051
1 1 3 85.134 85.134
1 2 3 85.134 85.134
1 4 3 85.218 85.218
1 3 3 85.301 85.301
1 1 3 85.384 85.384
1 2 3 85.468 85.468
1 3 3 85.468 85.468
1 4 3 85.551 85.551
1 1 3 85.634 85.634
1 2 3 85.718 85.718
1 1 3 85.801 85.801
1 4 3 85.801 85.801
1 3 3 85.884 85.884
1 2 3 85.968 85.968
1 1 3 86.051 86.051
1 3 3 86.051 86.051
1 2 3 86.134 86.134
1 4 3 86.134 86.134
1 1 3 86.218 86.218
1 3 3 86.301 86.301
1 4 3 86.384 86.384
1 1 3 86.468 86.468
1 2 3 86.468 86.468
1 3 3 86.551 86.551
1 4 3 86.634 86.634
1 1 3 86.718 86.718
1 2 3 86.801 86.801
1 3 3 86.801 86.801
1 4 3 86.884 86.884
1 1 3 86.968 86.968
1 2 3 87.051 87.051
1 3 3 87.051 87.051
1 1 3 87.134 87.134
1 4 3 87.134 87.134
1 2 3 87.301 87.301
1 3 3 87.301 87.301
1 4 3 87.384 87.384
1 1 3 87.468 87.468
1 2 3 87.468 87.468
1 3 3 87.551 87.551
1 4 3 87.634 87.634
1 1 3 87.718 87.718
1 2 3 87.801 87.801
1 3 3 87.801 87.801
1 4 3 87.884 87.884
1 1 3 87.968 87.968
1 2 3 88.051 88.051
1 3 3 88.134 88.134
1 4 3 88.134 88.134
1 1 3 88.218 88.218
1 4 3 88.301 88.301
1 3 3 88.384 88.384
1 1 3 88.468 88.468
1 4 3 88.468 88.468
1 2 3 88.551 88.551
1 1 3 88.634 88.634
1 4 3 88.718 88.718
1 2 3 88.801 88.801
1 3 3 88.801 88.801
1 4 3 88.884 88.884
1 1 3 88.968 88.968
1 2 3 89.051 89.051
1 3 3 89.051 89.051
1 1 3 89.134 89.134
1 4 3 89.134 89.134
1 3 3 89.218 89.218
1 2 3 89.301 89.301
1 4 3 89.384 89.384
1 1 3 89.468 89.468
1 3 3 89.468 89.468
1 2 3 89.551 89.551
1 4 3 89.634 89.634
1 3 3 89.718 89.718
1 1 3 89.801 89.801
1 2 3 89.801 89.801
1 4 3 89.884 89.884
1 3 3 89.968 89.968
1 1 3 90.051 90.051
1 2 3 90.134 90.134
1 3 3 90.134 90.134
1 4 3 90.218 90.218
1 1 3 90.301 90.301
1 4 3 90.384 90.384
1 1 3 90.468 90.468
1 2 3 90.468 90.468
1 3 3 90.551 90.551
1 4 3 90.634 90.634
1 2 3 90.718 90.718
1 3 3 90.801 90.801
1 4 3 90.801 90.801
1 1 3 90.884 90.884
1 2 3 90.968 90.968
1 3 3 91.051 91.051
1 4 3 91.051 91.051
1 1 3 91.134 91.134
1 2 3 91.134 91.134
1 4 3 91.218 91.218
1 3 3 91.301 91.301
1 1 3 91.384 91.384
1 2 3 91.468 91.468
1 3 3 91.468 91.468
1 4 3 91.551 91.551
1 1 3 91.634 91.634
1 2 3 91.718 91.718
1 3 3 91.801 91.801
1 4 3 91.801 91.801
1 1 3 91.884 91.884
1 2 3 91.968 91.968
1 1 3 92.051 92.051
1 3 3 92.134 92.134
1 4 3 92.134 92.134
1 2 3 92.218 92.218
1 1 3 92.301 92.301
1 4 3 92.384 92.384
1 2 3 92.468 92.468
1 3 3 92.468 92.468
1 1 3 92.551 92.551
1 4 3 92.634 92.634
1 3 3 92.718 92.718
1 1 3 92.801 92.801
1 2 3 92.801 92.801
1 4 3 92.884 92.884
1 3 3 92.968 92.968
1 1 3 93.051 93.051
1 2 3 93.051 93.051
1 3 3 93.134 93.134
1 4 3 93.134 93.134
1 1 3 93.218 93.218
1 2 3 93.301 93.301
1 4 3 93.384 93.384
1 2 3 93.468 93.468
1 3 3 93.468 93.468
1 1 3 93.551 93.551
1 4 3 93.634 93.634
1 3 3 93.718 93.718
1 1 3 93.801 93.801
1 4 3 93.801 93.801
1 2 3 93.884 93.884
1 3 3 93.968 93.968
1 1 3 94.051 94.051
1 4 3 94.051 94.051
1 2 3 94.134 94.134
1 3 3 94.134 94.134
1 1 3 94.218 94.218
1 4 3 94.301 94.301
1 3 3 94.384 94.384
1 1 3 94.468 94.468
1 2 3 94.468 94.468
1 4 3 94.551 94.551
1 3 3 94.634 94.634
1 1 3 94.718 94.718
1 2 3 94.801 94.801
1 3 3 94.801 94.801
1 4 3 94.884 94.884
1 1 3 94.968 94.968
1 3 3 95.051 95.051
1 4 3 95.051 95.051
1 1 3 95.134 95.134
1 2 3 95.134 95.134
1 3 3 95.218 95.218
1 4 3 95.301 95.301
1 1 3 95.384 95.384
1 2 3 95.468 95.468
1 3 3 95.468 95.468
1 4 3 95.551 95.551
1 1 3 95.634 95.634
1 2 3 95.718 95.718
1 1 3 95.801 95.801
1 4 3 95.801 95.801
1 3 3 95.884 95.884
1 2 3 95.968 95.968
1 4 3 96.051 96.051
1 1 3 96.134 96.134
1 3 3 96.134 96.134
1 2 3 96.218 96.218
1 4 3 96.301 96.301
1 3 3 96.384 96.384
1 1 3 96.468 96.468
1 2 3 96.468 96.468
1 4 3 96.551 96.551
1 3 3 96.634 96.634
1 1 3 96.718 96.718
1 2 3 96.801 96.801
1 3 3 96.801 96.801
1 4 3 96.884 96.884
1 1 3 96.968 96.968
1 2 3 97.051 97.051
1 3 3 97.051 97.051
1 1 3 97.134 97.134
1 4 3 97.134 97.134
1 2 3 97.218 97.218
1 4 3 97.301 97.301
1 3 3 97.384 97.384
1 1 3 97.468 97.468
1 2 3 97.468 97.468
1 4 3 97.551 97.551
1 3 3 97.634 97.634
1 1 3 97.718 97.718
1 2 3 97.801 97.801
1 3 3 97.801 97.801
1 4 3 97.884 97.884
1 1 3 97.968 97.968
1 3 3 98.051 98.051
1 4 3 98.051 98.051
1 1 3 98.134 98.134
1 2 3 98.134 98.134
1 3 3 98.218 98.218
1 4 3 98.301 98.301
1 1 3 98.384 98.384
1 2 3 98.384 98.384
1 3 3 98.468 98.468
1 4 3 98.468 98.468
1 1 3 98.551 98.551
1 2 3 98.634 98.634
1 3 3 98.718 98.718
1 4 3 98.718 98.718
1 1 3 98.801 98.801
1 2 3 98.801 98.801
1 4 3 98.884 98.884
1 3 3 98.968 98.968
1 1 3 99.051 99.051
1 2 3 99.051 99.051
1 3 3 99.134 99.134
1 4 3 99.134 99.134
1 1 3 99.218 99.218
1 2 3 99.301 99.301
1 4 3 99.384 99.384
1 2 3 99.468 99.468
1 3 3 99.468 99.468
1 1 3 99.551 99.551
1 4 3 99.634 99.634
1 3 3 99.718 99.718
1 1 3 99.801 99.801
1 2 3 99.801 99.801
1 4 3 99.884 99.884
1 1 3 99.968 99.968
1 2 3 100.051 100.051
1 3 3 100.134 100.134
1 4 3 100.134 100.134
1 1 3 100.218 100.218
1 2 3 100.301 100.301
1 1 3 100.384 100.384
1 2 3 100.468 100.468
1 4 3 100.468 100.468
1 3 3 100.551 100.551
1 1 3 100.634 100.634
1 2 3 100.718 100.718
1 3 3 100.801 100.801
1 4 3 100.801 100.801
1 1 3 100.884 100.884
1 2 3 100.968 100.968
1 3 3 101.051 101.051
1 4 3 101.051 101.051
1 1 3 101.134 101.134
1 2 3 101.134 101.134
1 4 3 101.218 101.218
1 3 3 101.301 101.301
1 1 3 101.384 101.384
1 2 3 101.468 101.468
1 3 3 101.468 101.468
1 4 3 101.551 101.551
1 1 3 101.634 101.634
1 2 3 101.718 101.718
1 3 3 101.801 101.801
1 4 3 101.801 101.801
1 1 3 101.884 101.884
1 4 3 101.968 101.968
1 2 3 102.051 102.051
1 3 3 102.051 102.051
1 1 3 102.134 102.134
1 4 3 102.134 102.134
1 2 3 102.218 102.218
1 1 3 102.301 102.301
1 3 3 102.301 102.301
1 4 3 102.384 102.384
1 2 3 102.468 102.468
1 3 3 102.468 102.468
1 1 3 102.551 102.551
1 4 3 102.634 102.634
1 3 3 102.718 102.718
1 1 3 102.801 102.801
1 2 3 102.801 102.801
1 4 3 102.884 102.884
1 3 3 102.968 102.968
1 1 3 103.051 103.051
1 2 3 103.134 103.134
1 3 3 103.134 103.134
1 4 3 103.218 103.218
1 1 3 103.301 103.301
1 2 3 103.301 103.301
1 3 3 103.384 103.384
1 2 3 103.468 103.468
1 4 3 103.468 103.468
1 3 3 103.551 103.551
1 1 3 103.634 103.634
1 4 3 103.634 103.634
1 2 3 103.718 103.718
1 1 3 103.801 103.801
1 3 3 103.801 103.801
1 4 3 103.884 103.884
1 2 3 103.968 103.968
1 1 3 104.051 104.051
1 3 3 104.134 104.134
1 4 3 104.134 104.134
1 2 3 104.218 104.218
1 1 3 104.301 104.301
1 4 3 104.384 104.384
1 2 3 104.468 104.468
1 3 3 104.468 104.468
1 1 3 104.551 104.551
1 4 3 104.634 104.634
1 3 3 104.718 104.718
1 1 3 104.801 104.801
1 2 3 104.801 104.801
1 4 3 104.884 104.884
1 3 3 104.968 104.968
1 1 3 105.051 105.051
1 2 3 105.051 105.051
1 3 3 105.134 105.134
1 4 3 105.134 105.134
1 1 3 105.218 105.218
1 2 3 105.301 105.301
1 4 3 105.384 105.384
1 2 3 105.468 105.468
1 3 3 105.468 105.468
1 1 3 105.551 105.551
1 4 3 105.634 105.634
1 3 3 105.718 105.718
1 1 3 105.801 105.801
1 2 3 105.801 105.801
1 4 3 105.884 105.884
1 3 3 105.968 105.968
1 1 3 106.051 106.051
1 2 3 106.134 106.134
1 3 3 106.134 106.134
1 4 3 106.218 106.218
1 1 3 106.301 106.301
1 2 3 106.384 106.384
1 1 3 106.468 106.468
1 4 3 106.468 106.468
1 3 3 106.551 106.551
1 4 3 106.634 106.634
1 1 3 106.718 106.718
1 2 3 106.801 106.801
1 3 3 106.801 106.801
1 4 3 106.884 106.884
1 1 3 106.968 106.968
1 2 3 107.051 107.051
1 3 3 107.134 107.134
1 4 3 107.134 107.134
1 1 3 107.218 107.218
1 2 3 107.301 107.301
1 4 3 107.384 107.384
1 2 3 107.468 107.468
1 3 3 107.468 107.468
1 1 3 107.551 107.551
1 4 3 107.634 107.634
1 3 3 107.718 107.718
1 1 3 107.801 107.801
1 2 3 107.801 107.801
1 4 3 107.884 107.884
1 3 3 107.968 107.968
1 4 3 108.051 108.051
2 1 3 108.134 110.134
1 2 3 108.134 108.134
1 3 3 108.134 108.134
2 4 3 109.801 110.134
2 2 3 110.134 111.134
2 4 3 111.134 111.218
1 1 3 111.801 111.801
1 3 3 112.134 112.134
2 4 3 112.134 112.218
2 4 3 113.134 113.218
1 3 3 113.801 113.801
1 1 3 114.134 114.134
2 4 3 114.134 114.218
2 4 3 115.134 115.218
1 3 3 115.801 115.801
2 1 3 116.134 116.218
1 2 3 116.134 116.134
2 1 3 117.134 117.218
1 2 3 117.801 117.801
2 1 3 118.134 118.218
1 4 3 118.134 118.134
1 2 3 119.134 119.134
2 3 3 119.134 119.218
1 4 3 119.468 119.468
1 1 3 119.801 119.801
2 2 3 120.134 120.218
1 3 3 120.134 120.134
2 3 3 121.134 121.218
1 1 3 121.801 121.801
2 2 3 122.134 122.218
1 3 3 122.134 122.134
2 4 3 123.134 123.218
1 3 3 123.801 123.801
2 1 3 124.134 124.218
1 2 3 124.134 124.134
2 4 3 125.134 125.218
2 1 3 126.134 126.218
