1 1 3 6.295 6.295
1 4 3 6.295 6.295
1 2 3 6.602 6.602
1 2 3 7.218 7.218
1 2 3 7.833 7.833
1 2 3 8.448 8.448
1 2 3 9.064 9.064
1 2 3 9.679 9.679
1 2 3 10.295 10.295
1 2 3 10.91 10.91
1 1 3 11.218 11.218
1 4 3 11.218 11.218
1 3 3 11.525 11.525
1 3 3 12.141 12.141
1 3 3 12.756 12.756
1 3 3 13.371 13.371
1 3 3 13.987 13.987
1 3 3 14.602 14.602
1 3 3 15.218 15.218
1 3 3 15.833 15.833
1 2 3 16.141 16.141
1 4 3 16.141 16.141
1 1 3 16.448 16.448
1 2 3 16.602 16.602
1 3 3 16.756 16.756
1 4 3 16.91 16.91
1 1 3 17.064 17.064
1 2 3 17.218 17.218
1 3 3 17.371 17.371
1 1 3 17.525 17.525
1 4 3 17.679 17.679
1 2 3 17.833 17.833
1 3 3 17.987 17.987
1 2 3 18.141 18.141
1 4 3 18.295 18.295
1 1 3 18.448 18.448
1 3 3 18.602 18.602
1 2 3 18.756 18.756
1 1 3 18.91 18.91
1 2 3 19.064 19.064
1 3 3 19.218 19.218
1 4 3 19.371 19.371
1 3 3 19.525 19.525
1 4 3 19.679 19.679
1 2 3 19.833 19.833
1 3 3 19.987 19.987
1 1 3 20.141 20.141
1 4 3 20.295 20.295
1 3 3 20.448 20.448
1 1 3 20.602 20.602
1 2 3 20.756 20.756
1 4 3 20.91 20.91
1 1 3 21.064 21.064
1 2 3 21.064 21.064
1 1 3 21.371 21.371
1 2 3 21.525 21.525
1 3 3 21.679 21.679
1 4 3 21.833 21.833
1 3 3 21.987 21.987
1 2 3 22.141 22.141
1 1 3 22.295 22.295
1 3 3 22.448 22.448
1 2 3 22.602 22.602
1 4 3 22.756 22.756
1 1 3 22.91 22.91
1 3 3 23.064 23.064
1 2 3 23.218 23.218
1 1 3 23.371 23.371
1 4 3 23.525 23.525
1 3 3 23.679 23.679
1 1 3 23.833 23.833
1 2 3 23.987 23.987
1 3 3 24.141 24.141
1 4 3 24.295 24.295
1 2 3 24.448 24.448
1 3 3 24.602 24.602
1 4 3 24.756 24.756
1 3 3 24.91 24.91
1 2 3 25.064 25.064
1 4 3 25.218 25.218
1 1 3 25.371 25.371
1 3 3 25.525 25.525
1 1 3 25.679 25.679
1 2 3 25.833 25.833
1 3 3 25.987 25.987
1 4 3 25.987 25.987
1 1 3 26.141 26.141
1 2 3 26.295 26.295
1 3 3 26.448 26.448
1 4 3 26.602 26.602
1 2 3 26.756 26.756
1 4 3 26.91 26.91
1 3 3 27.064 27.064
1 1 3 27.218 27.218
1 2 3 27.371 27.371
1 4 3 27.525 27.525
1 3 3 27.679 27.679
1 1 3 27.833 27.833
1 2 3 27.91 27.91
1 3 3 27.987 27.987
1 4 3 28.064 28.064
1 2 3 28.141 28.141
1 3 3 28.295 28.295
1 4 3 28.448 28.448
1 1 3 28.602 28.602
1 2 3 28.756 28.756
1 4 3 28.91 28.91
1 3 3 29.064 29.064
1 1 3 29.218 29.218
1 4 3 29.371 29.371
1 2 3 29.525 29.525
1 3 3 29.679 29.679
1 4 3 29.833 29.833
1 3 3 29.91 29.91
1 2 3 29.987 29.987
1 1 3 30.064 30.064
1 4 3 30.141 30.141
1 3 3 30.218 30.218
1 2 3 30.295 30.295
1 4 3 30.448 30.448
1 1 3 30.602 30.602
1 3 3 30.756 30.756
1 1 3 30.91 30.91
1 4 3 30.91 30.91
1 2 3 31.064 31.064
1 3 3 31.218 31.218
1 4 3 31.371 31.371
1 2 3 31.525 31.525
1 1 3 31.679 31.679
1 2 3 31.833 31.833
1 3 3 31.987 31.987
1 4 3 32.141 32.141
1 2 3 32.295 32.295
1 3 3 32.448 32.448
1 4 3 32.602 32.602
1 1 3 32.756 32.756
1 3 3 32.91 32.91
1 4 3 33.064 33.064
1 3 3 33.218 33.218
1 2 3 33.371 33.371
1 4 3 33.371 33.371
1 1 3 33.679 33.679
1 2 3 33.756 33.756
1 3 3 33.833 33.833
1 4 3 33.91 33.91
1 2 3 33.987 33.987
1 1 3 34.141 34.141
1 2 3 34.218 34.218
1 3 3 34.295 34.295
1 4 3 34.371 34.371
1 2 3 34.448 34.448
1 3 3 34.525 34.525
1 4 3 34.602 34.602
1 1 3 34.756 34.756
1 2 3 34.833 34.833
1 3 3 34.91 34.91
1 4 3 34.987 34.987
1 2 3 35.064 35.064
1 3 3 35.141 35.141
1 4 3 35.218 35.218
1 1 3 35.371 35.371
1 2 3 35.448 35.448
1 3 3 35.525 35.525
1 4 3 35.679 35.679
1 1 3 35.833 35.833
1 4 3 35.833 35.833
1 3 3 40.448 40.448
1 4 3 40.525 40.525
1 1 3 40.602 40.602
1 2 3 40.679 40.679
1 1 3 40.756 40.756
1 3 3 40.756 40.756
1 4 3 40.756 40.756
1 1 3 40.91 40.91
1 2 3 40.91 40.91
1 4 3 40.91 40.91
1 3 3 41.064 41.064
1 4 3 41.141 41.141
1 2 3 41.218 41.218
1 3 3 41.295 41.295
1 1 3 41.371 41.371
1 4 3 41.371 41.371
1 1 3 41.525 41.525
1 3 3 41.525 41.525
1 2 3 41.679 41.679
1 3 3 41.679 41.679
1 1 3 41.833 41.833
1 2 3 41.833 41.833
1 4 3 41.833 41.833
1 1 3 42.141 42.141
1 2 3 42.141 42.141
1 3 3 42.141 42.141
1 3 3 42.448 42.448
1 2 3 42.525 42.525
1 1 3 42.602 42.602
1 2 3 42.679 42.679
1 3 3 42.756 42.756
1 1 3 42.833 42.833
1 4 3 42.91 42.91
1 3 3 42.987 42.987
1 2 3 43.064 43.064
1 3 3 43.141 43.141
1 1 3 43.218 43.218
1 2 3 43.218 43.218
1 4 3 43.218 43.218
1 2 3 43.371 43.371
1 3 3 43.371 43.371
1 4 3 43.371 43.371
1 1 3 43.525 43.525
1 2 3 43.602 43.602
1 4 3 43.679 43.679
1 3 3 43.756 43.756
1 1 3 43.833 43.833
1 2 3 43.833 43.833
1 3 3 43.987 43.987
1 1 3 43.987 43.987
1 3 3 44.141 44.141
1 4 3 44.141 44.141
1 1 3 44.295 44.295
1 2 3 44.295 44.295
1 4 3 44.295 44.295
1 1 3 44.602 44.602
1 2 3 44.602 44.602
1 3 3 44.602 44.602
1 3 3 44.91 44.91
1 2 3 44.987 44.987
1 1 3 45.064 45.064
1 3 3 45.064 45.064
1 1 3 45.218 45.218
1 4 3 45.218 45.218
1 3 3 45.371 45.371
1 4 3 45.371 45.371
1 1 3 45.525 45.525
1 3 3 45.525 45.525
1 1 3 45.679 45.679
1 2 3 45.679 45.679
1 4 3 45.679 45.679
1 2 3 45.833 45.833
1 3 3 45.833 45.833
1 4 3 45.833 45.833
1 1 3 45.987 45.987
1 2 3 46.064 46.064
1 3 3 46.141 46.141
1 4 3 46.218 46.218
1 1 3 46.295 46.295
1 2 3 46.295 46.295
1 3 3 46.295 46.295
1 2 3 46.448 46.448
1 3 3 46.448 46.448
1 4 3 46.448 46.448
1 1 3 46.602 46.602
1 2 3 46.679 46.679
1 3 3 46.756 46.756
1 4 3 46.833 46.833
1 1 3 46.91 46.91
1 2 3 46.91 46.91
1 3 3 46.91 46.91
1 1 3 47.141 47.141
1 3 3 47.141 47.141
1 4 3 47.141 47.141
1 2 3 47.371 47.371
1 3 3 47.371 47.371
1 4 3 47.371 47.371
1 1 3 47.525 47.525
1 3 3 47.525 47.525
1 4 3 47.525 47.525
1 1 3 47.833 47.833
1 2 3 47.91 47.91
1 3 3 47.987 47.987
1 4 3 48.064 48.064
1 1 3 48.141 48.141
1 2 3 48.141 48.141
1 4 3 48.218 48.218
1 3 3 48.295 48.295
1 2 3 48.371 48.371
1 4 3 48.448 48.448
1 3 3 48.525 48.525
1 2 3 48.602 48.602
1 1 3 48.679 48.679
1 3 3 48.756 48.756
1 2 3 48.833 48.833
1 1 3 48.91 48.91
1 2 3 48.987 48.987
1 3 3 49.064 49.064
1 4 3 49.141 49.141
1 2 3 49.218 49.218
1 3 3 49.295 49.295
1 1 3 49.371 49.371
1 2 3 49.371 49.371
1 4 3 49.371 49.371
1 1 3 49.525 49.525
1 2 3 49.525 49.525
1 4 3 49.525 49.525
1 1 3 49.833 49.833
1 3 3 49.833 49.833
1 4 3 49.833 49.833
1 1 3 50.141 50.141
1 2 3 50.218 50.218
1 3 3 50.295 50.295
1 4 3 50.371 50.371
1 3 3 50.448 50.448
1 2 3 50.525 50.525
1 1 3 50.602 50.602
1 3 3 50.602 50.602
1 4 3 50.602 50.602
1 1 3 51.064 51.064
1 2 3 51.141 51.141
1 3 3 51.218 51.218
1 4 3 51.218 51.218
1 1 3 51.371 51.371
1 4 3 51.371 51.371
1 1 3 51.525 51.525
1 2 3 51.525 51.525
1 3 3 51.679 51.679
1 2 3 51.756 51.756
1 1 3 51.833 51.833
1 3 3 51.833 51.833
1 4 3 51.833 51.833
1 1 3 51.987 51.987
1 2 3 51.987 51.987
1 3 3 52.295 52.295
1 4 3 52.295 52.295
1 1 3 52.602 52.602
1 2 3 52.602 52.602
1 2 3 52.756 52.756
1 3 3 52.756 52.756
1 3 3 52.91 52.91
1 4 3 52.91 52.91
1 1 3 53.064 53.064
1 2 3 53.064 53.064
1 3 3 53.064 53.064
1 2 3 53.525 53.525
1 1 3 53.525 53.525
1 2 3 53.679 53.679
1 3 3 53.679 53.679
1 3 3 53.833 53.833
1 1 3 53.833 53.833
1 1 3 53.987 53.987
1 4 3 53.987 53.987
1 2 3 54.141 54.141
1 3 3 54.141 54.141
1 1 3 54.295 54.295
1 3 3 54.295 54.295
1 4 3 54.295 54.295
1 1 3 54.756 54.756
1 2 3 54.756 54.756
1 3 3 55.064 55.064
1 4 3 55.141 55.141
1 2 3 55.218 55.218
1 3 3 55.218 55.218
1 1 3 55.371 55.371
1 2 3 55.371 55.371
1 1 3 55.525 55.525
1 3 3 55.525 55.525
1 4 3 55.525 55.525
1 4 3 55.987 55.987
1 3 3 56.064 56.064
1 1 3 56.141 56.141
1 2 3 56.141 56.141
1 2 3 56.295 56.295
1 3 3 56.295 56.295
1 3 3 56.448 56.448
1 4 3 56.448 56.448
1 2 3 56.602 56.602
1 3 3 56.679 56.679
1 1 3 56.756 56.756
1 2 3 56.756 56.756
1 4 3 56.756 56.756
1 2 3 57.064 57.064
1 3 3 57.166 57.166
1 2 3 57.269 57.269
1 1 3 57.371 57.371
1 4 3 57.371 57.371
1 2 3 57.525 57.525
1 3 3 57.525 57.525
1 1 3 57.679 57.679
1 2 3 57.679 57.679
1 1 3 57.833 57.833
1 4 3 57.833 57.833
1 3 3 57.987 57.987
1 4 3 57.987 57.987
1 1 3 58.141 58.141
1 2 3 58.218 58.218
1 3 3 58.295 58.295
1 4 3 58.295 58.295
1 2 3 58.448 58.448
1 3 3 58.525 58.525
1 1 3 58.602 58.602
1 2 3 58.602 58.602
1 4 3 58.602 58.602
1 3 3 58.756 58.756
1 4 3 58.756 58.756
1 2 3 58.91 58.91
1 3 3 58.91 58.91
1 1 3 59.064 59.064
1 2 3 59.064 59.064
1 1 3 59.218 59.218
1 3 3 59.218 59.218
1 4 3 59.218 59.218
1 2 3 59.448 59.448
1 3 3 59.448 59.448
1 1 3 59.679 59.679
1 2 3 59.679 59.679
1 1 3 59.833 59.833
1 3 3 59.833 59.833
1 4 3 59.833 59.833
1 1 3 60.141 60.141
1 2 3 60.218 60.218
1 4 3 60.295 60.295
1 3 3 60.371 60.371
1 1 3 60.448 60.448
1 2 3 60.448 60.448
1 4 3 60.448 60.448
1 1 3 60.602 60.602
1 2 3 60.602 60.602
1 4 3 60.602 60.602
1 3 3 60.756 60.756
1 1 3 60.833 60.833
1 2 3 60.91 60.91
1 3 3 60.987 60.987
1 1 3 61.064 61.064
1 4 3 61.064 61.064
1 1 3 61.218 61.218
1 2 3 61.218 61.218
1 4 3 61.218 61.218
1 2 3 61.371 61.371
1 3 3 61.371 61.371
1 1 3 61.525 61.525
1 3 3 61.525 61.525
1 4 3 61.525 61.525
1 1 3 61.833 61.833
1 2 3 61.833 61.833
1 4 3 61.833 61.833
1 3 3 62.141 62.141
1 1 3 62.218 62.218
1 2 3 62.295 62.295
1 1 3 62.371 62.371
1 3 3 62.448 62.448
1 2 3 62.525 62.525
1 3 3 62.602 62.602
1 4 3 62.679 62.679
1 1 3 62.756 62.756
1 2 3 62.833 62.833
1 1 3 62.91 62.91
1 3 3 62.91 62.91
1 4 3 62.91 62.91
1 1 3 63.064 63.064
1 3 3 63.064 63.064
1 4 3 63.064 63.064
1 2 3 63.218 63.218
1 4 3 63.295 63.295
1 3 3 63.371 63.371
1 2 3 63.448 63.448
1 1 3 63.525 63.525
1 3 3 63.525 63.525
1 4 3 63.525 63.525
1 1 3 63.679 63.679
1 2 3 63.679 63.679
1 3 3 63.833 63.833
1 4 3 63.833 63.833
1 2 3 63.987 63.987
1 3 3 63.987 63.987
1 4 3 63.987 63.987
1 1 3 64.295 64.295
1 2 3 64.295 64.295
1 4 3 64.295 64.295
1 3 3 64.602 64.602
1 4 3 64.679 64.679
1 2 3 64.756 64.756
1 3 3 64.833 64.833
1 1 3 64.91 64.91
1 2 3 64.987 64.987
1 4 3 65.064 65.064
1 3 3 65.141 65.141
1 2 3 65.218 65.218
1 1 3 65.295 65.295
1 3 3 65.371 65.371
1 4 3 65.371 65.371
1 2 3 65.448 65.448
1 4 3 65.525 65.525
1 2 3 65.679 65.679
1 1 3 65.679 65.679
1 3 3 65.833 65.833
1 4 3 65.833 65.833
1 2 3 65.91 65.91
1 4 3 65.987 65.987
1 1 3 66.141 66.141
1 2 3 66.141 66.141
1 4 3 66.218 66.218
1 2 3 66.295 66.295
1 3 3 66.371 66.371
1 1 3 66.448 66.448
1 4 3 66.525 66.525
1 2 3 66.602 66.602
1 3 3 66.679 66.679
1 4 3 66.756 66.756
1 3 3 66.833 66.833
1 2 3 66.91 66.91
1 1 3 66.987 66.987
1 3 3 67.064 67.064
1 2 3 67.141 67.141
1 4 3 67.218 67.218
1 3 3 67.295 67.295
1 1 3 67.371 67.371
1 4 3 67.448 67.448
1 2 3 67.525 67.525
1 3 3 67.602 67.602
1 2 3 67.679 67.679
1 3 3 67.756 67.756
1 1 3 67.833 67.833
1 4 3 67.833 67.833
1 2 3 67.987 67.987
1 4 3 67.987 67.987
1 1 3 68.141 68.141
1 2 3 68.141 68.141
1 3 3 68.295 68.295
1 4 3 68.295 68.295
1 2 3 68.448 68.448
1 3 3 68.448 68.448
1 1 3 68.602 68.602
1 2 3 68.602 68.602
1 4 3 68.679 68.679
1 3 3 68.756 68.756
1 2 3 68.833 68.833
1 1 3 68.91 68.91
1 2 3 68.987 68.987
1 3 3 69.064 69.064
1 4 3 69.064 69.064
1 2 3 69.218 69.218
1 3 3 69.295 69.295
1 1 3 69.371 69.371
1 4 3 69.371 69.371
1 3 3 69.474 69.474
1 2 3 69.577 69.577
1 1 3 69.679 69.679
1 4 3 69.679 69.679
1 2 3 69.782 69.782
1 3 3 69.884 69.884
1 1 3 69.987 69.987
1 2 3 69.987 69.987
1 4 3 70.089 70.089
1 3 3 70.192 70.192
1 1 3 70.295 70.295
1 2 3 70.295 70.295
1 4 3 70.295 70.295
1 3 3 70.602 70.602
1 1 3 70.91 70.91
1 4 3 70.91 70.91
1 2 3 71.218 71.218
1 4 3 71.218 71.218
1 1 3 71.525 71.525
1 2 3 71.525 71.525
1 3 3 71.833 71.833
1 2 3 72.141 72.141
1 4 3 72.141 72.141
1 2 3 72.756 72.756
1 4 3 72.756 72.756
1 1 3 73.064 73.064
1 2 3 73.371 73.371
1 3 3 73.371 73.371
1 1 3 73.679 73.679
1 2 3 73.679 73.679
1 1 3 73.987 73.987
1 4 3 73.987 73.987
1 3 3 74.295 74.295
1 1 3 74.602 74.602
1 2 3 74.602 74.602
1 2 3 75.218 75.218
1 4 3 75.218 75.218
1 3 3 75.525 75.525
1 1 3 75.833 75.833
1 2 3 75.833 75.833
1 2 3 76.141 76.141
1 3 3 76.141 76.141
1 1 3 76.448 76.448
1 4 3 76.448 76.448
1 2 3 76.756 76.756
1 4 3 76.756 76.756
1 1 3 76.833 76.833
1 3 3 76.91 76.91
1 1 3 77.064 77.064
1 2 3 77.064 77.064
1 4 3 77.371 77.371
1 2 3 77.371 77.371
1 1 3 77.679 77.679
1 3 3 77.679 77.679
1 2 3 77.987 77.987
1 3 3 77.987 77.987
1 2 3 78.295 78.295
1 3 3 78.295 78.295
1 1 3 78.602 78.602
1 4 3 78.602 78.602
1 3 3 78.91 78.91
1 4 3 78.91 78.91
1 2 3 79.218 79.218
1 1 3 79.525 79.525
1 3 3 79.525 79.525
1 2 3 80.064 80.064
1 3 3 80.102 80.102
1 1 3 80.141 80.141
1 4 3 80.141 80.141
1 2 3 80.448 80.448
1 1 3 80.756 80.756
1 3 3 80.756 80.756
1 2 3 81.064 81.064
1 3 3 81.064 81.064
1 1 3 81.371 81.371
1 2 3 81.371 81.371
1 3 3 81.679 81.679
1 3 3 81.987 81.987
1 4 3 81.987 81.987
1 1 3 82.525 82.525
1 3 3 82.564 82.564
1 2 3 82.602 82.602
1 4 3 82.602 82.602
1 1 3 82.91 82.91
1 3 3 83.218 83.218
1 4 3 83.218 83.218
1 1 3 83.525 83.525
1 3 3 83.525 83.525
1 1 3 83.833 83.833
1 2 3 83.833 83.833
1 3 3 84.141 84.141
1 3 3 84.448 84.448
1 4 3 84.448 84.448
1 3 3 84.987 84.987
1 2 3 85.025 85.025
1 1 3 85.064 85.064
1 4 3 85.064 85.064
1 2 3 85.371 85.371
1 3 3 85.679 85.679
1 4 3 85.679 85.679
1 1 3 85.987 85.987
1 3 3 85.987 85.987
1 1 3 86.295 86.295
1 2 3 86.295 86.295
1 2 3 86.602 86.602
1 4 3 86.602 86.602
1 3 3 86.679 86.679
1 4 3 86.756 86.756
1 1 3 86.91 86.91
1 2 3 86.91 86.91
1 3 3 87.218 87.218
1 2 3 87.218 87.218
1 3 3 87.525 87.525
1 4 3 87.525 87.525
1 2 3 87.833 87.833
1 1 3 87.833 87.833
1 4 3 88.141 88.141
1 3 3 88.141 88.141
1 1 3 88.756 88.756
1 3 3 88.756 88.756
1 4 3 88.756 88.756
1 1 3 88.91 88.91
1 3 3 88.91 88.91
1 4 3 88.91 88.91
1 1 3 89.218 89.218
1 2 3 89.218 89.218
1 4 3 89.218 89.218
1 1 3 89.525 89.525
1 2 3 89.602 89.602
1 3 3 89.679 89.679
1 4 3 89.756 89.756
1 2 3 89.833 89.833
1 3 3 89.91 89.91
1 1 3 89.987 89.987
1 2 3 89.987 89.987
1 4 3 89.987 89.987
1 1 3 90.448 90.448
1 2 3 90.525 90.525
1 3 3 90.602 90.602
1 2 3 90.679 90.679
1 3 3 90.756 90.756
1 4 3 90.833 90.833
1 3 3 90.91 90.91
1 2 3 90.987 90.987
1 1 3 91.064 91.064
1 4 3 91.141 91.141
1 3 3 91.141 91.141
1 3 3 91.218 91.218
1 4 3 91.218 91.218
1 1 3 91.371 91.371
1 2 3 91.448 91.448
1 1 3 91.525 91.525
1 3 3 91.602 91.602
1 2 3 91.679 91.679
1 3 3 91.756 91.756
1 1 3 91.833 91.833
1 3 3 91.91 91.91
1 2 3 91.987 91.987
1 4 3 92.064 92.064
1 3 3 92.141 92.141
1 1 3 92.218 92.218
1 2 3 92.295 92.295
1 4 3 92.371 92.371
1 3 3 92.371 92.371
1 3 3 92.448 92.448
1 4 3 92.448 92.448
1 3 3 92.679 92.679
1 2 3 92.679 92.679
1 2 3 92.756 92.756
1 3 3 92.756 92.756
1 2 3 92.987 92.987
1 1 3 92.987 92.987
1 1 3 93.064 93.064
1 2 3 93.064 93.064
1 4 3 93.295 93.295
1 1 3 93.295 93.295
1 1 3 93.371 93.371
1 4 3 93.371 93.371
1 3 3 93.525 93.525
1 1 3 93.602 93.602
1 2 3 93.679 93.679
1 3 3 93.756 93.756
1 4 3 93.833 93.833
1 3 3 93.91 93.91
1 2 3 93.987 93.987
1 1 3 94.064 94.064
1 2 3 94.141 94.141
1 3 3 94.218 94.218
1 4 3 94.295 94.295
1 3 3 94.371 94.371
1 1 3 94.448 94.448
1 2 3 94.525 94.525
1 4 3 94.602 94.602
1 1 3 94.679 94.679
1 3 3 94.756 94.756
1 2 3 94.833 94.833
1 1 3 94.91 94.91
1 3 3 94.91 94.91
1 4 3 94.91 94.91
1 2 3 95.371 95.371
1 3 3 95.448 95.448
1 2 3 95.525 95.525
1 1 3 95.602 95.602
1 3 3 95.679 95.679
1 4 3 95.756 95.756
1 3 3 95.833 95.833
1 2 3 95.91 95.91
1 4 3 95.987 95.987
1 2 3 96.064 96.064
1 1 3 96.064 96.064
1 1 3 96.141 96.141
1 2 3 96.141 96.141
1 3 3 96.295 96.295
1 1 3 96.371 96.371
1 2 3 96.448 96.448
1 3 3 96.525 96.525
1 2 3 96.602 96.602
1 3 3 96.679 96.679
1 4 3 96.756 96.756
1 1 3 96.833 96.833
1 3 3 96.91 96.91
1 4 3 96.987 96.987
1 2 3 97.064 97.064
1 3 3 97.141 97.141
1 4 3 97.218 97.218
1 1 3 97.295 97.295
1 2 3 97.295 97.295
1 2 3 97.371 97.371
1 1 3 97.371 97.371
1 3 3 97.602 97.602
1 2 3 97.602 97.602
1 2 3 97.679 97.679
1 3 3 97.679 97.679
1 3 3 97.91 97.91
1 4 3 97.91 97.91
1 3 3 97.987 97.987
1 4 3 97.987 97.987
1 4 3 98.218 98.218
1 1 3 98.218 98.218
1 1 3 98.295 98.295
1 4 3 98.295 98.295
1 2 3 98.371 98.371
1 3 3 98.448 98.448
1 1 3 98.525 98.525
1 2 3 98.602 98.602
1 4 3 98.602 98.602
1 3 3 98.679 98.679
1 2 3 98.756 98.756
1 1 3 98.833 98.833
1 3 3 98.91 98.91
1 4 3 98.91 98.91
1 2 3 98.987 98.987
1 1 3 99.064 99.064
1 4 3 99.141 99.141
1 2 3 99.218 99.218
1 3 3 99.218 99.218
1 4 3 99.295 99.295
1 1 3 99.371 99.371
1 2 3 99.448 99.448
1 4 3 99.525 99.525
1 3 3 99.525 99.525
1 1 3 99.602 99.602
1 3 3 99.679 99.679
1 2 3 99.756 99.756
1 1 3 99.833 99.833
1 3 3 99.833 99.833
1 4 3 99.833 99.833
1 1 3 100.295 100.295
1 2 3 100.371 100.371
1 3 3 100.448 100.448
1 2 3 100.525 100.525
1 3 3 100.602 100.602
1 4 3 100.679 100.679
1 2 3 100.756 100.756
1 1 3 100.833 100.833
1 2 3 100.91 100.91
1 3 3 100.987 100.987
1 4 3 100.987 100.987
1 3 3 101.064 101.064
1 4 3 101.064 101.064
1 1 3 101.218 101.218
1 3 3 101.295 101.295
1 2 3 101.371 101.371
1 3 3 101.448 101.448
1 4 3 101.525 101.525
1 3 3 101.602 101.602
1 2 3 101.679 101.679
1 1 3 101.756 101.756
1 2 3 101.833 101.833
1 3 3 101.91 101.91
1 4 3 101.987 101.987
1 1 3 102.064 102.064
1 2 3 102.141 102.141
1 3 3 102.218 102.218
1 4 3 102.218 102.218
1 3 3 102.295 102.295
1 4 3 102.295 102.295
1 1 3 102.525 102.525
1 2 3 102.525 102.525
1 1 3 102.602 102.602
1 2 3 102.602 102.602
1 4 3 102.679 102.679
1 2 3 102.756 102.756
1 3 3 102.833 102.833
1 4 3 102.833 102.833
1 3 3 102.91 102.91
1 4 3 102.91 102.91
1 1 3 103.141 103.141
1 2 3 103.141 103.141
1 1 3 103.218 103.218
1 2 3 103.218 103.218
1 3 3 103.295 103.295
1 4 3 103.371 103.371
1 3 3 103.448 103.448
1 1 3 103.525 103.525
1 4 3 103.525 103.525
1 2 3 103.602 103.602
1 3 3 103.679 103.679
1 4 3 103.679 103.679
1 2 3 103.756 103.756
1 1 3 103.833 103.833
1 3 3 103.833 103.833
1 4 3 103.91 103.91
1 1 3 103.987 103.987
1 2 3 103.987 103.987
1 3 3 104.064 104.064
1 2 3 104.141 104.141
1 4 3 104.141 104.141
1 1 3 104.218 104.218
1 3 3 104.295 104.295
1 4 3 104.295 104.295
1 2 3 104.371 104.371
1 1 3 104.448 104.448
1 4 3 104.448 104.448
1 3 3 104.525 104.525
1 2 3 104.602 104.602
1 3 3 104.679 104.679
1 1 3 104.756 104.756
1 2 3 104.756 104.756
1 4 3 104.756 104.756
1 1 3 105.064 105.064
1 4 3 105.064 105.064
1 2 3 105.141 105.141
1 3 3 105.218 105.218
1 4 3 105.295 105.295
1 1 3 105.371 105.371
1 2 3 105.371 105.371
1 3 3 105.371 105.371
1 1 3 105.602 105.602
1 3 3 105.602 105.602
1 4 3 105.602 105.602
1 1 3 105.833 105.833
1 2 3 105.833 105.833
1 4 3 105.833 105.833
1 1 3 105.987 105.987
1 3 3 105.987 105.987
1 4 3 105.987 105.987
1 1 3 106.295 106.295
1 4 3 106.295 106.295
1 2 3 106.371 106.371
1 3 3 106.448 106.448
1 4 3 106.525 106.525
1 1 3 106.602 106.602
1 2 3 106.602 106.602
1 3 3 106.602 106.602
1 2 3 106.833 106.833
1 3 3 106.833 106.833
1 4 3 106.833 106.833
1 1 3 107.064 107.064
1 3 3 107.064 107.064
1 4 3 107.064 107.064
1 1 3 107.218 107.218
1 2 3 107.218 107.218
1 4 3 107.218 107.218
1 3 3 107.295 107.295
1 2 3 107.371 107.371
1 1 3 107.448 107.448
1 3 3 107.525 107.525
1 4 3 107.525 107.525
1 1 3 107.602 107.602
1 2 3 107.679 107.679
1 3 3 107.756 107.756
1 1 3 107.833 107.833
1 2 3 107.833 107.833
1 4 3 107.91 107.91
1 3 3 107.987 107.987
1 2 3 108.064 108.064
1 1 3 108.141 108.141
1 3 3 108.141 108.141
1 4 3 108.218 108.218
1 1 3 108.295 108.295
1 4 3 108.371 108.371
1 1 3 108.448 108.448
1 2 3 108.448 108.448
1 3 3 108.448 108.448
1 1 3 108.602 108.602
1 2 3 108.602 108.602
1 3 3 108.602 108.602
1 1 3 108.91 108.91
1 2 3 108.91 108.91
1 3 3 108.91 108.91
1 1 3 109.218 109.218
1 2 3 109.295 109.295
1 3 3 109.371 109.371
1 4 3 109.448 109.448
1 2 3 109.525 109.525
1 3 3 109.602 109.602
1 1 3 109.679 109.679
1 2 3 109.679 109.679
1 4 3 109.679 109.679
1 4 3 110.141 110.141
1 3 3 110.218 110.218
1 1 3 110.295 110.295
1 2 3 110.295 110.295
1 2 3 110.448 110.448
1 3 3 110.448 110.448
1 3 3 110.602 110.602
1 4 3 110.602 110.602
1 2 3 110.756 110.756
1 3 3 110.833 110.833
1 1 3 110.91 110.91
1 2 3 110.91 110.91
1 4 3 110.91 110.91
1 2 3 111.064 111.064
1 3 3 111.064 111.064
1 1 3 111.371 111.371
1 2 3 111.371 111.371
1 4 3 111.371 111.371
1 2 3 111.679 111.679
1 3 3 111.679 111.679
1 1 3 111.833 111.833
1 2 3 111.833 111.833
1 1 3 111.987 111.987
1 3 3 111.987 111.987
1 2 3 112.141 112.141
1 3 3 112.141 112.141
1 4 3 112.141 112.141
1 1 3 112.295 112.295
1 2 3 112.371 112.371
1 3 3 112.448 112.448
1 2 3 112.525 112.525
1 3 3 112.602 112.602
1 4 3 112.679 112.679
1 1 3 112.756 112.756
1 2 3 112.756 112.756
1 3 3 112.833 112.833
1 1 3 112.91 112.91
1 4 3 112.91 112.91
1 2 3 112.987 112.987
1 3 3 113.064 113.064
1 4 3 113.064 113.064
1 2 3 113.141 113.141
1 1 3 113.218 113.218
1 4 3 113.218 113.218
1 3 3 113.295 113.295
1 1 3 113.371 113.371
1 2 3 113.371 113.371
1 4 3 113.371 113.371
1 1 3 113.602 113.602
1 3 3 113.602 113.602
1 4 3 113.602 113.602
1 1 3 113.833 113.833
1 2 3 113.833 113.833
1 3 3 113.833 113.833
1 2 3 113.987 113.987
1 3 3 113.987 113.987
1 4 3 113.987 113.987
1 1 3 114.218 114.218
1 3 3 114.295 114.295
1 4 3 114.371 114.371
1 2 3 114.448 114.448
1 1 3 114.525 114.525
1 2 3 114.602 114.602
1 3 3 114.602 114.602
1 4 3 114.602 114.602
1 1 3 115.064 115.064
1 2 3 115.141 115.141
1 3 3 115.218 115.218
1 4 3 115.295 115.295
1 1 3 115.371 115.371
1 2 3 115.448 115.448
1 3 3 115.525 115.525
1 2 3 115.602 115.602
1 3 3 115.679 115.679
1 4 3 115.756 115.756
1 1 3 115.833 115.833
1 2 3 115.833 115.833
1 3 3 115.833 115.833
1 1 3 116.141 116.141
1 3 3 116.141 116.141
1 4 3 116.141 116.141
1 2 3 116.243 116.243
1 3 3 116.346 116.346
1 2 3 116.448 116.448
1 4 3 116.448 116.448
1 3 3 116.551 116.551
1 1 3 116.653 116.653
1 2 3 116.756 116.756
1 4 3 116.756 116.756
1 1 3 116.859 116.859
1 4 3 116.961 116.961
1 1 3 117.064 117.064
1 2 3 117.064 117.064
1 3 3 117.064 117.064
1 3 3 117.218 117.218
1 4 3 117.218 117.218
1 1 3 117.295 117.295
1 2 3 117.371 117.371
1 3 3 117.448 117.448
1 1 3 117.525 117.525
1 2 3 117.525 117.525
1 4 3 117.525 117.525
1 3 3 117.679 117.679
1 4 3 117.679 117.679
1 1 3 117.756 117.756
1 2 3 117.833 117.833
1 4 3 117.91 117.91
1 1 3 117.987 117.987
1 2 3 117.987 117.987
1 3 3 117.987 117.987
1 4 3 118.064 118.064
1 3 3 118.141 118.141
1 2 3 118.218 118.218
1 1 3 118.295 118.295
1 3 3 118.295 118.295
1 4 3 118.295 118.295
1 1 3 118.525 118.525
1 2 3 118.525 118.525
1 4 3 118.525 118.525
1 2 3 118.756 118.756
1 3 3 118.756 118.756
1 4 3 118.756 118.756
1 1 3 118.91 118.91
1 2 3 118.91 118.91
1 4 3 118.91 118.91
1 1 3 119.218 119.218
1 2 3 119.295 119.295
1 3 3 119.371 119.371
1 2 3 119.448 119.448
1 1 3 119.525 119.525
1 3 3 119.525 119.525
1 4 3 119.525 119.525
1 1 3 119.679 119.679
1 2 3 119.679 119.679
1 4 3 119.679 119.679
1 3 3 119.833 119.833
1 2 3 119.91 119.91
1 1 3 119.987 119.987
1 2 3 120.064 120.064
1 1 3 120.141 120.141
1 3 3 120.141 120.141
1 4 3 120.141 120.141
1 1 3 120.295 120.295
1 2 3 120.295 120.295
1 3 3 120.295 120.295
1 2 3 120.448 120.448
1 4 3 120.448 120.448
1 1 3 120.602 120.602
1 3 3 120.602 120.602
1 4 3 120.602 120.602
1 2 3 120.91 120.91
1 3 3 120.987 120.987
1 4 3 121.064 121.064
1 3 3 121.141 121.141
1 2 3 121.218 121.218
1 1 3 121.295 121.295
1 2 3 121.371 121.371
1 1 3 121.448 121.448
1 3 3 121.525 121.525
1 2 3 121.602 121.602
1 1 3 121.679 121.679
1 3 3 121.756 121.756
1 4 3 121.833 121.833
1 2 3 121.91 121.91
1 1 3 121.987 121.987
1 3 3 121.987 121.987
1 4 3 121.987 121.987
1 2 3 122.141 122.141
1 3 3 122.141 122.141
1 4 3 122.141 122.141
1 1 3 122.295 122.295
1 2 3 122.371 122.371
1 3 3 122.448 122.448
1 4 3 122.525 122.525
1 1 3 122.602 122.602
1 2 3 122.602 122.602
1 3 3 122.602 122.602
1 1 3 122.756 122.756
1 3 3 122.756 122.756
1 4 3 122.756 122.756
1 2 3 122.91 122.91
1 3 3 122.987 122.987
1 1 3 123.064 123.064
1 2 3 123.141 123.141
1 3 3 123.218 123.218
1 4 3 123.218 123.218
1 1 3 123.295 123.295
1 3 3 123.371 123.371
1 4 3 123.371 123.371
1 1 3 123.448 123.448
1 3 3 123.525 123.525
1 4 3 123.525 123.525
1 1 3 123.602 123.602
1 3 3 123.679 123.679
1 4 3 123.679 123.679
1 1 3 123.756 123.756
1 2 3 123.833 123.833
1 4 3 123.833 123.833
1 3 3 123.91 123.91
1 1 3 123.987 123.987
1 2 3 123.987 123.987
1 4 3 124.064 124.064
1 1 3 124.141 124.141
1 3 3 124.141 124.141
1 2 3 124.218 124.218
1 4 3 124.295 124.295
1 3 3 124.371 124.371
1 1 3 124.448 124.448
1 2 3 124.448 124.448
1 4 3 124.448 124.448
1 1 3 124.756 124.756
1 2 3 124.833 124.833
1 3 3 124.91 124.91
1 2 3 124.987 124.987
1 1 3 125.064 125.064
1 3 3 125.064 125.064
1 4 3 125.064 125.064
1 1 3 125.295 125.295
1 2 3 125.295 125.295
1 3 3 125.295 125.295
1 1 3 125.525 125.525
1 3 3 125.525 125.525
1 4 3 125.525 125.525
1 1 3 125.679 125.679
1 2 3 125.679 125.679
1 4 3 125.679 125.679
1 1 3 125.987 125.987
1 3 3 126.064 126.064
1 2 3 126.141 126.141
1 3 3 126.218 126.218
1 1 3 126.295 126.295
1 2 3 126.295 126.295
1 4 3 126.295 126.295
1 1 3 126.525 126.525
1 2 3 126.525 126.525
1 3 3 126.525 126.525
1 1 3 126.756 126.756
1 3 3 126.756 126.756
1 4 3 126.756 126.756
1 1 3 126.91 126.91
1 3 3 126.91 126.91
1 4 3 126.91 126.91
1 2 3 126.987 126.987
1 3 3 127.064 127.064
1 4 3 127.141 127.141
1 1 3 127.218 127.218
1 2 3 127.218 127.218
1 4 3 127.295 127.295
1 3 3 127.371 127.371
1 2 3 127.448 127.448
1 3 3 127.525 127.525
1 4 3 127.525 127.525
1 1 3 127.602 127.602
1 2 3 127.679 127.679
1 3 3 127.756 127.756
1 2 3 127.833 127.833
1 4 3 127.833 127.833
1 1 3 127.91 127.91
1 4 3 127.987 127.987
1 1 3 128.064 128.064
1 2 3 128.141 128.141
1 3 3 128.141 128.141
1 4 3 128.141 128.141
1 1 3 128.218 128.218
1 2 3 128.295 128.295
1 3 3 128.371 128.371
1 4 3 128.448 128.448
1 1 3 128.525 128.525
1 3 3 128.602 128.602
1 2 3 128.679 128.679
1 1 3 128.756 128.756
1 2 3 128.833 128.833
1 3 3 128.91 128.91
1 4 3 128.987 128.987
1 3 3 129.064 129.064
1 1 3 129.141 129.141
1 2 3 129.218 129.218
1 3 3 129.295 129.295
1 1 3 129.371 129.371
1 4 3 129.371 129.371
1 2 3 134.295 134.295
1 3 3 134.295 134.295
1 3 3 139.218 139.218
1 4 3 139.218 139.218
1 2 3 139.525 139.525
1 4 3 139.833 139.833
1 1 3 140.141 140.141
1 2 3 140.295 140.295
1 4 3 140.448 140.448
1 2 3 140.756 140.756
1 4 3 140.91 140.91
1 3 3 141.064 141.064
1 1 3 141.371 141.371
1 1 3 144.141 144.141
1 3 3 144.141 144.141
1 4 3 144.141 144.141
1 1 3 144.448 144.448
1 4 3 144.756 144.756
1 1 3 145.064 145.064
1 2 3 145.218 145.218
1 3 3 145.371 145.371
1 2 3 145.679 145.679
1 3 3 145.833 145.833
1 4 3 145.987 145.987
1 2 3 146.295 146.295
1 1 3 148.756 148.756
1 2 3 148.833 148.833
1 3 3 148.91 148.91
1 4 3 148.987 148.987
1 1 3 149.064 149.064
1 2 3 149.064 149.064
1 3 3 149.064 149.064
1 3 3 149.371 149.371
1 4 3 149.679 149.679
1 1 3 149.987 149.987
1 2 3 150.141 150.141
1 3 3 150.295 150.295
1 3 3 150.602 150.602
1 4 3 150.756 150.756
1 3 3 150.91 150.91
1 2 3 151.218 151.218
1 3 3 151.525 151.525
1 4 3 151.525 151.525
1 1 3 151.833 151.833
1 4 3 152.141 152.141
1 1 3 152.448 152.448
1 2 3 152.602 152.602
1 4 3 152.756 152.756
1 3 3 153.064 153.064
1 4 3 153.218 153.218
1 2 3 153.371 153.371
1 3 3 153.448 153.448
1 2 3 153.525 153.525
1 1 3 153.679 153.679
1 3 3 153.833 153.833
1 2 3 153.987 153.987
1 4 3 153.987 153.987
1 1 3 154.295 154.295
1 4 3 154.602 154.602
1 1 3 154.91 154.91
1 2 3 155.064 155.064
1 3 3 155.218 155.218
1 3 3 155.525 155.525
1 4 3 155.679 155.679
1 3 3 155.833 155.833
1 1 3 156.141 156.141
1 2 3 156.448 156.448
1 3 3 156.448 156.448
1 1 3 156.756 156.756
1 4 3 157.064 157.064
1 1 3 157.371 157.371
1 2 3 157.525 157.525
1 3 3 157.679 157.679
1 4 3 157.833 157.833
1 2 3 157.987 157.987
1 4 3 158.141 158.141
1 3 3 158.295 158.295
1 4 3 158.371 158.371
1 3 3 158.448 158.448
1 2 3 158.525 158.525
1 1 3 158.602 158.602
1 2 3 158.756 158.756
1 1 3 158.91 158.91
1 3 3 158.91 158.91
1 4 3 158.91 158.91
1 1 3 159.218 159.218
1 4 3 159.525 159.525
1 1 3 159.833 159.833
1 2 3 159.987 159.987
1 3 3 160.141 160.141
1 3 3 160.448 160.448
1 4 3 160.602 160.602
1 3 3 160.756 160.756
1 1 3 161.064 161.064
1 2 3 161.371 161.371
1 3 3 161.371 161.371
1 4 3 161.371 161.371
1 1 3 161.679 161.679
1 4 3 161.987 161.987
1 1 3 162.295 162.295
1 2 3 162.448 162.448
1 3 3 162.602 162.602
1 3 3 162.91 162.91
1 4 3 163.064 163.064
1 2 3 163.218 163.218
1 3 3 163.295 163.295
1 2 3 163.371 163.371
1 4 3 163.525 163.525
1 1 3 163.679 163.679
1 2 3 163.833 163.833
1 3 3 163.833 163.833
1 4 3 163.833 163.833
1 1 3 164.141 164.141
1 2 3 164.141 164.141
1 3 3 164.448 164.448
1 4 3 164.448 164.448
1 1 3 164.756 164.756
1 2 3 164.756 164.756
1 3 3 164.91 164.91
1 1 3 165.064 165.064
1 4 3 165.064 165.064
1 2 3 165.371 165.371
1 4 3 165.371 165.371
1 3 3 165.525 165.525
1 1 3 165.679 165.679
1 2 3 165.679 165.679
1 3 3 165.987 165.987
1 4 3 165.987 165.987
1 1 3 166.295 166.295
1 3 3 166.295 166.295
1 1 3 166.602 166.602
1 3 3 166.91 166.91
1 1 3 167.218 167.218
1 2 3 167.371 167.371
1 1 3 167.525 167.525
1 3 3 167.525 167.525
1 4 3 167.525 167.525
1 1 3 167.679 167.679
1 2 3 167.679 167.679
1 2 3 167.833 167.833
1 3 3 167.833 167.833
1 3 3 167.987 167.987
1 4 3 167.987 167.987
1 2 3 168.141 168.141
1 4 3 168.141 168.141
1 2 3 168.295 168.295
1 3 3 168.295 168.295
1 1 3 168.448 168.448
1 3 3 168.448 168.448
1 1 3 168.602 168.602
1 2 3 168.602 168.602
1 2 3 168.756 168.756
1 3 3 168.756 168.756
1 4 3 168.756 168.756
1 1 3 169.218 169.218
1 2 3 169.295 169.295
1 3 3 169.371 169.371
1 2 3 169.448 169.448
1 3 3 169.525 169.525
1 4 3 169.602 169.602
1 2 3 169.679 169.679
1 3 3 169.756 169.756
1 4 3 169.833 169.833
1 1 3 169.91 169.91
1 2 3 169.91 169.91
1 1 3 169.987 169.987
1 2 3 169.987 169.987
1 4 3 170.141 170.141
1 3 3 170.218 170.218
1 4 3 170.295 170.295
1 2 3 170.371 170.371
1 3 3 170.448 170.448
1 4 3 170.525 170.525
1 1 3 170.602 170.602
1 2 3 170.679 170.679
1 3 3 170.756 170.756
1 4 3 170.833 170.833
1 1 3 170.91 170.91
1 3 3 170.987 170.987
1 2 3 171.064 171.064
1 3 3 171.141 171.141
1 4 3 171.141 171.141
1 3 3 171.218 171.218
1 4 3 171.218 171.218
1 2 3 171.448 171.448
1 3 3 171.448 171.448
1 2 3 171.525 171.525
1 3 3 171.525 171.525
1 1 3 171.756 171.756
1 2 3 171.756 171.756
1 1 3 171.833 171.833
1 2 3 171.833 171.833
1 1 3 172.064 172.064
1 4 3 172.064 172.064
1 1 3 172.141 172.141
1 4 3 172.141 172.141
1 3 3 172.295 172.295
1 2 3 172.371 172.371
1 3 3 172.448 172.448
1 4 3 172.525 172.525
1 2 3 172.602 172.602
1 3 3 172.679 172.679
1 2 3 172.756 172.756
1 1 3 172.833 172.833
1 2 3 172.91 172.91
1 3 3 172.987 172.987
1 4 3 173.064 173.064
1 3 3 173.141 173.141
1 2 3 173.218 173.218
1 3 3 173.295 173.295
1 2 3 173.371 173.371
1 1 3 173.448 173.448
1 3 3 173.525 173.525
1 2 3 173.602 173.602
1 1 3 173.679 173.679
1 3 3 173.679 173.679
1 4 3 173.679 173.679
1 1 3 174.141 174.141
1 2 3 174.218 174.218
1 3 3 174.295 174.295
1 2 3 174.371 174.371
1 3 3 174.448 174.448
1 4 3 174.525 174.525
1 3 3 174.602 174.602
1 2 3 174.679 174.679
1 1 3 174.756 174.756
1 3 3 174.833 174.833
1 4 3 174.833 174.833
1 3 3 174.91 174.91
1 4 3 174.91 174.91
1 2 3 175.064 175.064
1 1 3 175.141 175.141
1 2 3 175.218 175.218
1 3 3 175.295 175.295
1 4 3 175.371 175.371
1 3 3 175.448 175.448
1 2 3 175.525 175.525
1 1 3 175.602 175.602
1 2 3 175.679 175.679
1 3 3 175.756 175.756
1 4 3 175.833 175.833
1 3 3 175.91 175.91
1 4 3 175.987 175.987
1 1 3 176.064 176.064
1 2 3 176.064 176.064
1 1 3 176.141 176.141
1 2 3 176.141 176.141
1 2 3 176.371 176.371
1 3 3 176.371 176.371
1 2 3 176.448 176.448
1 3 3 176.448 176.448
1 3 3 176.679 176.679
1 4 3 176.679 176.679
1 3 3 176.756 176.756
1 4 3 176.756 176.756
1 1 3 176.987 176.987
1 4 3 176.987 176.987
1 1 3 177.064 177.064
1 4 3 177.064 177.064
1 3 3 177.141 177.141
1 2 3 177.218 177.218
1 3 3 177.295 177.295
1 1 3 177.371 177.371
1 2 3 177.371 177.371
1 4 3 177.371 177.371
1 3 3 177.448 177.448
1 4 3 177.525 177.525
1 2 3 177.602 177.602
1 1 3 177.679 177.679
1 3 3 177.679 177.679
1 4 3 177.679 177.679
1 2 3 177.756 177.756
1 3 3 177.833 177.833
1 1 3 177.91 177.91
1 2 3 177.987 177.987
1 3 3 177.987 177.987
1 4 3 177.987 177.987
1 1 3 178.064 178.064
1 2 3 178.141 178.141
1 3 3 178.218 178.218
1 1 3 178.295 178.295
1 4 3 178.295 178.295
1 3 3 178.371 178.371
1 2 3 178.448 178.448
1 1 3 178.525 178.525
1 2 3 178.602 178.602
1 3 3 178.602 178.602
1 4 3 178.602 178.602
1 2 3 179.064 179.064
1 3 3 179.141 179.141
1 2 3 179.218 179.218
1 1 3 179.295 179.295
1 2 3 179.371 179.371
1 3 3 179.448 179.448
1 4 3 179.525 179.525
1 3 3 179.602 179.602
1 4 3 179.679 179.679
1 1 3 179.756 179.756
1 2 3 179.756 179.756
1 1 3 179.833 179.833
1 2 3 179.833 179.833
1 3 3 179.987 179.987
1 1 3 180.064 180.064
1 2 3 180.141 180.141
1 3 3 180.218 180.218
1 2 3 180.295 180.295
1 3 3 180.371 180.371
1 4 3 180.448 180.448
1 2 3 180.525 180.525
1 1 3 180.602 180.602
1 2 3 180.679 180.679
1 3 3 180.756 180.756
1 4 3 180.833 180.833
1 3 3 180.91 180.91
1 1 3 180.987 180.987
1 2 3 180.987 180.987
1 1 3 181.064 181.064
1 2 3 181.064 181.064
1 3 3 181.295 181.295
1 4 3 181.295 181.295
1 3 3 181.371 181.371
1 4 3 181.371 181.371
1 1 3 181.448 181.448
1 3 3 181.525 181.525
1 1 3 181.602 181.602
1 2 3 181.602 181.602
1 1 3 181.679 181.679
1 2 3 181.679 181.679
1 2 3 181.91 181.91
1 3 3 181.91 181.91
1 2 3 181.987 181.987
1 3 3 181.987 181.987
1 4 3 182.064 182.064
1 1 3 182.141 182.141
1 2 3 182.218 182.218
1 3 3 182.295 182.295
1 4 3 182.295 182.295
1 2 3 182.371 182.371
1 1 3 182.448 182.448
1 4 3 182.448 182.448
1 3 3 182.525 182.525
1 1 3 182.602 182.602
1 2 3 182.602 182.602
1 3 3 182.679 182.679
1 1 3 182.756 182.756
1 4 3 182.756 182.756
1 2 3 182.833 182.833
1 3 3 182.91 182.91
1 4 3 182.91 182.91
1 2 3 182.987 182.987
1 1 3 183.064 183.064
1 4 3 183.064 183.064
1 3 3 183.141 183.141
1 1 3 183.218 183.218
1 2 3 183.218 183.218
1 4 3 183.295 183.295
1 3 3 183.371 183.371
1 2 3 183.448 183.448
1 1 3 183.525 183.525
1 3 3 183.525 183.525
1 4 3 183.525 183.525
1 1 3 183.833 183.833
1 2 3 183.91 183.91
1 3 3 183.987 183.987
1 2 3 184.064 184.064
1 1 3 184.141 184.141
1 3 3 184.141 184.141
1 4 3 184.141 184.141
1 1 3 184.371 184.371
1 2 3 184.371 184.371
1 4 3 184.371 184.371
1 1 3 184.602 184.602
1 2 3 184.602 184.602
1 3 3 184.602 184.602
1 1 3 184.756 184.756
1 3 3 184.756 184.756
1 4 3 184.756 184.756
1 1 3 185.064 185.064
1 3 3 185.141 185.141
1 2 3 185.218 185.218
1 3 3 185.295 185.295
1 1 3 185.371 185.371
1 2 3 185.371 185.371
1 4 3 185.371 185.371
1 1 3 185.602 185.602
1 3 3 185.602 185.602
1 4 3 185.602 185.602
1 1 3 185.833 185.833
1 2 3 185.833 185.833
1 4 3 185.833 185.833
1 1 3 185.987 185.987
1 2 3 185.987 185.987
1 4 3 185.987 185.987
1 3 3 186.064 186.064
1 2 3 186.141 186.141
1 1 3 186.218 186.218
1 3 3 186.295 186.295
1 4 3 186.295 186.295
1 1 3 186.371 186.371
1 2 3 186.448 186.448
1 3 3 186.525 186.525
1 1 3 186.602 186.602
1 2 3 186.602 186.602
1 4 3 186.679 186.679
1 3 3 186.756 186.756
1 2 3 186.833 186.833
1 1 3 186.91 186.91
1 3 3 186.91 186.91
1 4 3 186.987 186.987
1 1 3 187.064 187.064
1 4 3 187.141 187.141
1 1 3 187.218 187.218
1 2 3 187.218 187.218
1 3 3 187.218 187.218
1 2 3 187.371 187.371
1 3 3 187.371 187.371
1 4 3 187.371 187.371
1 1 3 187.679 187.679
1 3 3 187.679 187.679
1 4 3 187.679 187.679
1 2 3 187.833 187.833
1 3 3 187.91 187.91
1 4 3 187.987 187.987
1 1 3 188.064 188.064
1 2 3 188.141 188.141
1 3 3 188.218 188.218
1 4 3 188.295 188.295
1 3 3 188.371 188.371
1 1 3 188.448 188.448
1 2 3 188.448 188.448
1 4 3 188.448 188.448
1 1 3 188.91 188.91
1 2 3 188.987 188.987
1 3 3 189.064 189.064
1 1 3 189.141 189.141
1 2 3 189.218 189.218
1 3 3 189.295 189.295
1 4 3 189.371 189.371
1 3 3 189.448 189.448
1 4 3 189.525 189.525
1 2 3 189.602 189.602
1 1 3 189.679 189.679
1 3 3 189.679 189.679
1 4 3 189.679 189.679
1 1 3 189.833 189.833
1 2 3 189.833 189.833
1 2 3 190.141 190.141
1 3 3 190.141 190.141
1 1 3 190.448 190.448
1 4 3 190.525 190.525
1 3 3 190.602 190.602
1 2 3 190.679 190.679
1 4 3 190.756 190.756
1 2 3 190.833 190.833
1 1 3 190.91 190.91
1 3 3 190.91 190.91
1 4 3 190.91 190.91
1 1 3 191.064 191.064
1 2 3 191.064 191.064
1 4 3 191.141 191.141
1 2 3 191.218 191.218
1 3 3 191.218 191.218
1 1 3 191.295 191.295
1 3 3 191.371 191.371
1 4 3 191.371 191.371
1 2 3 191.448 191.448
1 1 3 191.525 191.525
1 4 3 191.525 191.525
1 3 3 191.602 191.602
1 1 3 191.679 191.679
1 2 3 191.679 191.679
1 3 3 191.756 191.756
1 1 3 191.833 191.833
1 4 3 191.833 191.833
1 2 3 191.91 191.91
1 3 3 191.987 191.987
1 4 3 191.987 191.987
1 1 3 192.064 192.064
1 2 3 192.141 192.141
1 3 3 192.141 192.141
1 1 3 192.371 192.371
1 2 3 192.371 192.371
1 4 3 192.371 192.371
1 1 3 192.602 192.602
1 2 3 192.602 192.602
1 3 3 192.602 192.602
1 1 3 192.756 192.756
1 2 3 192.756 192.756
1 4 3 192.756 192.756
1 3 3 192.987 192.987
1 4 3 193.064 193.064
1 3 3 193.141 193.141
1 1 3 193.218 193.218
1 2 3 193.295 193.295
1 1 3 193.371 193.371
1 3 3 193.371 193.371
1 4 3 193.371 193.371
1 2 3 193.679 193.679
1 1 3 193.756 193.756
1 2 3 193.833 193.833
1 3 3 193.91 193.91
1 4 3 193.987 193.987
1 2 3 194.064 194.064
1 3 3 194.141 194.141
1 4 3 194.218 194.218
1 1 3 194.295 194.295
1 3 3 194.371 194.371
1 2 3 194.448 194.448
1 3 3 194.525 194.525
1 1 3 194.602 194.602
1 2 3 194.602 194.602
1 4 3 194.602 194.602
1 1 3 194.91 194.91
1 3 3 194.91 194.91
1 4 3 195.012 195.012
1 3 3 195.115 195.115
1 1 3 195.218 195.218
1 2 3 195.218 195.218
1 3 3 195.32 195.32
1 2 3 195.423 195.423
1 1 3 195.525 195.525
1 4 3 195.525 195.525
1 2 3 195.628 195.628
1 3 3 195.73 195.73
1 1 3 195.833 195.833
1 2 3 195.833 195.833
1 4 3 195.833 195.833
1 3 3 195.987 195.987
1 4 3 195.987 195.987
1 1 3 196.064 196.064
1 2 3 196.141 196.141
1 3 3 196.218 196.218
1 1 3 196.295 196.295
1 2 3 196.295 196.295
1 4 3 196.295 196.295
1 2 3 196.448 196.448
1 3 3 196.448 196.448
1 4 3 196.525 196.525
1 1 3 196.602 196.602
1 2 3 196.679 196.679
1 1 3 196.756 196.756
1 3 3 196.756 196.756
1 4 3 196.756 196.756
1 2 3 196.833 196.833
1 3 3 196.91 196.91
1 2 3 196.987 196.987
1 1 3 197.064 197.064
1 3 3 197.064 197.064
1 4 3 197.064 197.064
1 1 3 197.295 197.295
1 2 3 197.295 197.295
1 4 3 197.295 197.295
1 1 3 197.525 197.525
1 3 3 197.525 197.525
1 4 3 197.525 197.525
1 1 3 197.679 197.679
1 2 3 197.679 197.679
1 4 3 197.679 197.679
1 3 3 197.987 197.987
1 4 3 198.064 198.064
1 1 3 198.141 198.141
1 2 3 198.218 198.218
1 1 3 198.295 198.295
1 3 3 198.295 198.295
1 4 3 198.295 198.295
1 1 3 198.448 198.448
1 2 3 198.448 198.448
1 3 3 198.448 198.448
1 4 3 198.602 198.602
1 3 3 198.679 198.679
1 2 3 198.756 198.756
1 3 3 198.833 198.833
1 1 3 198.91 198.91
1 4 3 198.91 198.91
1 2 3 199.064 199.064
1 3 3 199.064 199.064
1 4 3 199.064 199.064
1 1 3 199.218 199.218
1 2 3 199.218 199.218
1 1 3 199.371 199.371
1 3 3 199.371 199.371
1 4 3 199.371 199.371
1 2 3 199.679 199.679
1 3 3 199.756 199.756
1 4 3 199.833 199.833
1 3 3 199.91 199.91
1 2 3 199.987 199.987
1 1 3 200.064 200.064
1 2 3 200.141 200.141
1 1 3 200.218 200.218
1 2 3 200.295 200.295
1 3 3 200.371 200.371
1 4 3 200.448 200.448
1 1 3 200.525 200.525
1 2 3 200.602 200.602
1 3 3 200.679 200.679
1 1 3 200.756 200.756
1 2 3 200.756 200.756
1 4 3 200.756 200.756
1 2 3 200.91 200.91
1 3 3 200.91 200.91
1 4 3 200.91 200.91
1 1 3 201.064 201.064
1 2 3 201.141 201.141
1 3 3 201.218 201.218
1 2 3 201.295 201.295
1 1 3 201.371 201.371
1 3 3 201.371 201.371
1 4 3 201.371 201.371
1 1 3 201.525 201.525
1 2 3 201.525 201.525
1 3 3 201.525 201.525
1 1 3 201.679 201.679
1 4 3 201.679 201.679
1 2 3 201.756 201.756
1 3 3 201.833 201.833
1 4 3 201.91 201.91
1 1 3 201.987 201.987
1 2 3 201.987 201.987
1 4 3 202.064 202.064
1 1 3 202.141 202.141
1 2 3 202.141 202.141
1 4 3 202.218 202.218
1 1 3 202.295 202.295
1 2 3 202.295 202.295
1 4 3 202.371 202.371
1 1 3 202.448 202.448
1 2 3 202.448 202.448
1 4 3 202.525 202.525
1 1 3 202.602 202.602
1 3 3 202.602 202.602
1 2 3 202.679 202.679
1 3 3 202.756 202.756
1 4 3 202.756 202.756
1 1 3 202.833 202.833
1 2 3 202.91 202.91
1 4 3 202.91 202.91
1 3 3 202.987 202.987
1 1 3 203.064 203.064
1 2 3 203.141 203.141
1 1 3 203.218 203.218
1 3 3 203.218 203.218
1 4 3 203.218 203.218
1 1 3 203.525 203.525
1 3 3 203.602 203.602
1 2 3 203.679 203.679
1 3 3 203.756 203.756
1 1 3 203.833 203.833
1 2 3 203.833 203.833
1 4 3 203.833 203.833
1 2 3 204.064 204.064
1 3 3 204.064 204.064
1 4 3 204.064 204.064
1 1 3 204.295 204.295
1 2 3 204.295 204.295
1 3 3 204.295 204.295
1 1 3 204.448 204.448
1 3 3 204.448 204.448
1 4 3 204.448 204.448
1 1 3 204.756 204.756
1 2 3 204.833 204.833
1 3 3 204.91 204.91
1 4 3 204.987 204.987
1 1 3 205.064 205.064
1 2 3 205.064 205.064
1 3 3 205.064 205.064
1 2 3 205.295 205.295
1 3 3 205.295 205.295
1 4 3 205.295 205.295
1 1 3 205.525 205.525
1 2 3 205.525 205.525
1 4 3 205.525 205.525
1 1 3 205.679 205.679
1 3 3 205.679 205.679
1 4 3 205.679 205.679
1 2 3 205.756 205.756
1 3 3 205.833 205.833
1 4 3 205.91 205.91
1 1 3 205.987 205.987
1 2 3 205.987 205.987
1 4 3 206.064 206.064
1 3 3 206.141 206.141
1 2 3 206.218 206.218
1 3 3 206.295 206.295
1 4 3 206.295 206.295
1 1 3 206.371 206.371
1 2 3 206.448 206.448
1 3 3 206.525 206.525
1 2 3 206.602 206.602
1 4 3 206.602 206.602
1 1 3 206.679 206.679
1 4 3 206.756 206.756
1 1 3 206.833 206.833
1 2 3 206.91 206.91
1 3 3 206.91 206.91
1 4 3 206.987 206.987
1 1 3 207.064 207.064
1 2 3 207.141 207.141
1 3 3 207.218 207.218
1 4 3 207.218 207.218
1 1 3 207.295 207.295
1 4 3 207.371 207.371
1 3 3 207.448 207.448
1 1 3 207.525 207.525
1 2 3 207.525 207.525
1 4 3 207.602 207.602
1 3 3 207.679 207.679
1 2 3 207.756 207.756
1 3 3 207.833 207.833
1 4 3 207.833 207.833
1 2 3 207.91 207.91
1 1 3 207.987 207.987
1 3 3 208.064 208.064
1 1 3 208.141 208.141
1 2 3 208.141 208.141
1 4 3 208.141 208.141
1 3 3 208.218 208.218
1 2 3 208.295 208.295
1 4 3 208.371 208.371
1 1 3 208.448 208.448
1 3 3 208.448 208.448
1 2 3 208.525 208.525
1 4 3 208.602 208.602
1 3 3 208.679 208.679
1 1 3 208.756 208.756
1 4 3 208.756 208.756
1 3 3 208.833 208.833
1 2 3 208.91 208.91
1 4 3 208.987 208.987
1 1 3 209.064 209.064
1 3 3 209.064 209.064
1 2 3 209.141 209.141
1 4 3 209.218 209.218
1 1 3 209.295 209.295
1 2 3 209.371 209.371
1 3 3 209.371 209.371
1 4 3 209.371 209.371
1 1 3 209.679 209.679
1 1 3 210.295 210.295
1 1 3 210.91 210.91
1 1 3 211.525 211.525
1 1 3 212.141 212.141
1 1 3 212.756 212.756
1 1 3 213.371 213.371
1 1 3 213.987 213.987
1 2 3 214.295 214.295
1 3 3 214.295 214.295
1 4 3 214.295 214.295
1 4 3 214.602 214.602
1 4 3 215.218 215.218
1 4 3 215.833 215.833
1 4 3 216.448 216.448
1 4 3 217.064 217.064
1 4 3 217.679 217.679
1 4 3 218.295 218.295
1 4 3 218.91 218.91
1 2 3 219.218 219.218
1 3 3 219.218 219.218
1 4 3 219.218 219.218
1 1 3 219.525 219.525
1 2 3 219.679 219.679
1 3 3 219.833 219.833
1 4 3 219.987 219.987
1 1 3 220.141 220.141
1 2 3 220.295 220.295
1 3 3 220.448 220.448
1 2 3 220.602 220.602
1 4 3 220.756 220.756
1 2 3 220.91 220.91
1 3 3 221.064 221.064
1 1 3 221.218 221.218
1 4 3 221.371 221.371
1 2 3 221.525 221.525
1 3 3 221.679 221.679
1 1 3 221.833 221.833
1 2 3 221.987 221.987
1 3 3 222.141 222.141
1 4 3 222.295 222.295
1 2 3 222.448 222.448
1 4 3 222.602 222.602
1 3 3 222.756 222.756
1 2 3 222.91 222.91
1 1 3 223.064 223.064
1 4 3 223.218 223.218
1 2 3 223.371 223.371
1 3 3 223.525 223.525
1 1 3 223.679 223.679
1 4 3 223.833 223.833
1 3 3 223.987 223.987
1 1 3 224.141 224.141
1 2 3 224.141 224.141
1 4 3 224.141 224.141
1 1 3 224.448 224.448
1 2 3 224.602 224.602
1 3 3 224.756 224.756
1 4 3 224.91 224.91
1 1 3 225.064 225.064
1 2 3 225.218 225.218
1 3 3 225.371 225.371
1 4 3 225.525 225.525
1 2 3 225.679 225.679
1 3 3 225.833 225.833
1 1 3 225.987 225.987
1 2 3 226.141 226.141
1 1 3 226.295 226.295
1 3 3 226.448 226.448
1 1 3 226.602 226.602
1 2 3 226.756 226.756
1 3 3 226.91 226.91
1 4 3 227.064 227.064
1 2 3 227.218 227.218
1 3 3 227.371 227.371
1 4 3 227.525 227.525
1 2 3 227.679 227.679
1 4 3 227.833 227.833
1 1 3 227.987 227.987
1 3 3 228.141 228.141
1 4 3 228.295 228.295
1 2 3 228.448 228.448
1 3 3 228.602 228.602
1 1 3 228.756 228.756
1 2 3 228.91 228.91
1 1 3 229.064 229.064
1 3 3 229.064 229.064
1 4 3 229.064 229.064
1 2 3 229.371 229.371
1 2 3 229.987 229.987
1 2 3 230.602 230.602
1 2 3 231.218 231.218
1 2 3 231.833 231.833
1 2 3 232.448 232.448
1 2 3 233.064 233.064
1 2 3 233.679 233.679
1 1 3 233.987 233.987
1 2 3 233.987 233.987
1 4 3 233.987 233.987
1 3 3 234.295 234.295
1 3 3 234.91 234.91
1 3 3 235.525 235.525
1 3 3 236.141 236.141
1 3 3 236.756 236.756
1 3 3 237.371 237.371
1 3 3 237.987 237.987
1 3 3 238.602 238.602
